event,charge_mode,duration_minutes,km_driven,charge
0,0,28.405825351872586,19.202891173960683,-2.813301756255669
0,0,24.53755928514032,17.19204191782617,-4.095299419956021
0,0,32.73804332109239,22.56175852162362,-6.236752860486192
0,0,17.653555295393105,11.613231733834562,-3.693907526043432
0,0,24.44097548660771,15.076511677848632,-3.37983013061789
0,0,33.04734826627894,17.820677275592097,-4.9015846140956825
0,0,27.1421450371634,10.956355108516949,-4.421742067169987
0,0,16.83423656496749,11.3986140205397,-1.3219358158093826
0,0,17.902706786034447,10.450203067126683,4.257565554799825
0,0,85.1062326101859,44.70871536917389,-7.286092274880204
0,0,20.697750288178995,15.137260235657672,-1.348498208540036
0,0,14.838781754306652,10.664573525803036,-0.32286510515045563
0,0,15.033509259873755,9.908429454372433,-1.437985993705027
0,0,20.806287563528628,13.237692464150877,-2.8543527268394087
0,0,16.644140985706212,9.697454344018624,-1.5240514768599098
0,0,15.30755494146854,9.891907069537313,-1.7009203746629709
0,0,17.394921178879386,11.317816001328948,-2.723164483117955
0,0,16.10249883763109,11.013399778052142,-3.0262755239271257
0,0,18.16489826607338,12.415396863617891,-2.634967347129532
0,0,30.631006793739413,18.76209324791738,-2.8828469299504746
0,0,38.92639614093804,25.44040104581321,-4.182505670447597
0,0,20.73856161267316,14.166718937244438,-2.83500964272865
0,0,24.408470192297997,16.650127419249404,-5.29907958017192
0,0,36.48441958984783,25.41694919179783,-6.981403311368069
0,0,14.655108732913764,10.100093345034493,-3.5150235501711364
0,0,20.895383433566046,13.315064140158134,-3.2417223419562475
0,0,14.417272783614896,10.061551210569828,-3.341152289165251
0,0,22.980342245893553,14.733611083294392,-3.5164141205742823
0,0,18.165541716840213,12.30580600886032,-2.6322861275498184
0,0,42.47596471971874,24.45401995437493,-5.3556558113344295
0,0,23.469210400503677,15.875572388532905,-1.0248283753634837
0,0,16.266086083729547,11.049913861101743,-0.6814823873209264
0,0,14.742268735358394,9.488360059395355,-1.1492053221402045
0,0,14.15477520485403,9.681993533856135,-2.702680631670489
0,0,16.43285197661617,10.729580357597508,-2.8859611415119986
0,0,16.04816769331035,10.304310162482391,-2.610703142610049
0,0,27.666353346318836,17.6660635385343,-4.572015265166883
0,0,23.443569806660708,16.221957089477876,-5.417602808425244
0,0,112.67347247724308,80.33434706256573,-42.95375265299951
1,360,90.33905368755937,3.733044947029444,34.47841578781441
0,0,40.2526364160604,26.459431017760473,-5.828166638260342
0,0,109.87240259905944,77.94800045912231,-14.38193156581007
0,0,23.483158574697885,16.031952833805008,-4.805343819368133
0,0,18.875058331551678,12.2819371328103,-3.260099520876807
0,0,15.226785324353957,9.935225937814256,-2.1665782707997607
0,0,15.433879953659618,9.865311348392572,-2.7011401794274974
0,0,24.87520364052902,17.770822009579703,-5.490133128763915
0,0,54.472225497442274,40.70411194260849,-11.402609496774296
1,360,45.269989731220925,1.6341179251276938,34.520624179272616
0,0,30.033307214857675,22.50321623579512,-1.7645285621455713
0,0,34.65846074175576,23.157156096142465,-4.224780676056852
0,0,21.612604911602663,15.113140582843583,-3.108802130307538
0,0,16.490220208556366,11.214141646687775,-3.3170879270989246
0,0,20.029002714054158,13.738059733668791,-5.280502558798233
0,0,74.81774164370229,49.578284485336546,-11.804209559908912
0,0,90.5583784775118,70.90280766424777,-16.535071626464834
0,0,60.15264195881035,45.541446382580354,-12.009543517131966
1,360,42.722667420584585,1.3955933846643744,34.07442594201093
0,0,46.40065774184086,37.39128608174255,-10.214396230981578
0,0,31.966589973996207,20.71254616079914,-2.410077973189246
0,0,26.740508583797634,17.368987466610378,-2.6904236278775358
0,0,24.56815261145715,6.78519434929028,-3.0649117315353465
0,0,19.048198063891487,12.707891328593714,-5.662426467066837
0,0,40.2636670006347,9.576085434499031,-15.010560982487398
0,0,22.09762523062712,16.493139756082275,-5.642017556539301
0,0,94.27225129038828,74.87219808833446,-29.595662740440517
1,360,39.976912247179555,1.2529014059075585,33.898015016496316
0,0,18.872589319037797,15.988383893193108,-5.826763577703886
0,0,26.787642271683637,19.223815536320195,-5.417194796750081
0,0,174.54470525076076,97.37337147970315,-16.10386989995797
0,0,79.43035707280092,52.59737749484678,-9.699114955697993
0,0,19.781369767222547,14.24774237377121,-3.463838901859134
0,0,25.346691270711567,17.445157386551603,-5.579233719175946
0,0,44.415351068988386,33.278721849386045,-9.728587554152583
0,0,46.34295307707115,34.19263127372405,-9.17363338853508
1,360,40.97558828278336,1.2205234664459979,32.6616064124199
0,0,34.86949788583135,28.379000349489328,-9.005615846052592
0,0,17.18203825031836,12.58950074536203,-3.9399552197105407
0,0,58.819772302358835,40.54802735756367,-9.090669626788412
0,0,64.9755113604798,37.8557753676995,-8.55724432211295
0,0,22.288353230070655,15.932676230113556,-1.6221991016612236
0,0,17.836659322465035,12.674294286499228,-2.2838608104897986
0,0,75.47274510944754,54.934025215540785,-12.127371460183724
0,0,67.10560548645459,49.17550318963994,-13.48542999422832
1,360,46.097555662046595,1.1021917030452117,25.603770494663294
0,0,29.828767085096345,23.503046287850417,-7.043962325971648
0,0,15.87541219299988,11.347205488334108,-3.566158237869871
0,0,74.08917888629253,51.41349702197799,-11.122034855941784
0,0,86.14884346414917,63.42689873278889,-13.274662820310361
0,0,34.146946797014586,21.695407924391063,-2.9040718638283494
0,0,26.146324084533575,19.971767097171714,-4.19274759617133
0,0,64.07086370464889,51.45375091918618,-11.528506078871828
0,0,79.27513468667131,62.00395192541558,-22.024389926707478
1,360,38.74540998610438,1.2470984069319195,35.072247637337696
0,0,13.108295373351329,11.444542094249568,-3.6551297633642434
0,0,14.572019016177054,10.737200871737192,-3.9388394326804814
0,0,78.19841726520428,58.45586082953649,-13.24212597090753
0,0,40.490051364714674,30.317631533004082,-8.492437079911483
0,0,19.230945435395515,14.254537296990975,-4.431659248907351
0,0,75.22603505485864,43.021957041430014,-8.907035229269454
0,0,83.95790463366251,57.0896515606053,-14.098417575562529
0,0,23.16898730328331,17.39197721512792,-2.8407800935632395
1,360,39.25262935658462,1.2847888865994983,35.08374690516247
0,0,17.292184152585076,14.383044891137262,-4.419885197709505
0,0,21.555437068615568,16.150003882204437,-6.81541333710814
0,0,127.30165279556483,97.85033197866889,-22.07560788209502
0,0,110.5788012351979,83.99139925357575,-19.443262272333953
0,0,19.502816253398397,14.218238064820703,-5.673846630587249
0,0,67.16303070974843,47.405740570704765,-9.866491336976637
0,0,32.36613245472361,20.501179387858745,-3.7750685423273467
0,0,57.59370811947879,39.03926699569816,-8.574197623554824
1,360,43.76259048877324,1.5654207653197936,35.824579532512374
0,0,18.975078157179183,15.987700596953923,-6.8118911138714395
0,0,22.636460094928083,16.277971883650505,-5.393505139283391
0,0,104.3195695557393,73.20221080890244,-15.73695915598195
0,0,16.62439991617973,11.820748801674808,-4.59673744197481
0,0,20.861490124030734,14.596840535657764,-6.543652581136243
0,0,162.91964570513173,105.12111115254999,-20.333539584177096
0,0,45.25461677318587,32.26863812716831,-8.224710643462473
0,0,34.26915096665178,20.80680863806738,-4.470620200501941
1,360,69.51595735157026,2.2434306162287947,26.53326272455189
0,0,30.103125299920734,22.608717175125165,-6.3199206280704345
0,0,20.35572127542201,13.897569253058888,-3.814004513615288
0,0,113.37289243020754,71.99511235248363,-14.690883834989314
0,0,59.325057643677056,42.60802885945624,-10.343727605242563
0,0,19.680550224213402,14.642238174245874,-7.077839785164329
0,0,105.49185596195808,80.46831820890903,-17.777342275833533
0,0,18.767215983030226,13.788461636672533,-5.146816284412452
0,0,22.653379173234303,19.904847740336642,-68.77477255717172
1,240,122.08248758189434,2.442053209879289,12.883398667015314
0,0,22.115334834161164,15.523936872982908,-0.6181989438246944
0,0,16.076701977173315,10.77406576048485,1.021466750393671
0,0,72.28456054249021,48.992250182581856,-9.824033142451995
0,0,18.37909383419875,12.21513752892436,-3.362410530118666
0,0,19.1489017857626,12.675339659302269,-4.0974310727895755
0,0,90.50473306786543,57.15812770577913,-10.313626335737439
0,0,18.431731783787328,12.484140691854499,-2.8199298642850152
0,240,24.240332830062634,27.40212905107062,-74.22677688215687
1,240,85.57997415648313,1.1983152820288419,6.397844920917748
0,0,33.02510693091562,22.20749125890909,-3.881301459712205
0,0,36.02537813592662,24.407941837264087,-4.5568855261099515
0,0,98.535131004974,72.12092902741993,-13.579027039836127
0,0,23.6532483504029,16.17415734761593,-5.226303620151256
0,0,25.174615989783177,16.591741516683896,-5.185440001867349
0,0,83.76931840605714,46.840041727571496,-9.60727485832409
0,0,17.82585854173603,12.152154521970278,-3.1188192332714664
0,120,25.909995648459862,25.670738094754874,-74.26893303615093
1,240,55.93940722853205,0.9653456053862618,12.507511666185493
0,0,18.569406348289988,14.492425826019291,-2.4525028606383614
0,0,29.692993458001993,18.8782536085787,-2.910808219853152
0,0,164.8722944939212,106.67369545836614,-18.46692364072039
0,0,15.181112269708668,13.975628451880004,-1.4509674263906476
0,0,14.502280902852156,12.037159287061137,-3.4009468165003085
0,0,99.34684230890488,70.62120508221037,-13.94371869990534
0,0,16.988249263655455,12.217848172149496,-4.4126409087829614
0,120,24.65495779676464,26.48835205940578,-74.26769124168865
1,240,87.90798638461315,0.9508608698128643,2.061138786116757
0,0,22.870716619532587,17.04548403209962,-4.775837913838018
0,0,20.97201290460374,13.680428979111946,-2.3652882833779074
1,240,102.36902393174198,2.7844531314417775,18.33583354449921
0,0,21.830775167036307,16.012231636369748,-1.3487813186820006
0,0,17.968750572742334,12.656462367943858,-0.9670322725598908
0,0,147.19485614449397,68.75285620011405,-16.027496775780683
0,0,18.816412390231626,12.85645542843284,-3.044927486220743
0,120,25.203940798873965,26.593593768822398,-74.2892988491442
1,240,61.90547906175936,0.8607480083394393,6.771183930469974
0,0,13.595682671982354,10.821066679733148,-2.3946068366082045
0,0,16.106938647922245,11.217136174845272,-3.2217547501794144
1,240,68.55584791649976,1.1920887450492759,8.813698703155112
0,0,34.260833905882755,23.321065479769622,-4.606338206494698
0,0,21.888336434206554,16.58745999653775,-1.7402060702439286
0,0,46.55929225546546,34.65008472170474,-5.7762742145934425
0,0,13.231519872061646,10.867765398892159,-3.638168135153478
0,240,21.92853372282608,27.06889745051539,-74.25576255979057
1,360,45.801380789365,0.9567184620447265,19.645192970742798
0,0,20.018521820277808,15.839762030166753,-5.815410028334526
0,0,34.68798961666117,24.545604192157217,-9.29047460947443
1,240,72.51987968007538,1.0013689655053257,4.17094217812992
0,0,20.153311886914285,15.82801074371101,-4.865858612211397
0,0,40.37660180236796,24.84320576819911,-4.5537213539351455
0,0,120.11051320893068,73.70928706128838,-11.270384570327153
0,0,19.618760566289673,14.711244050112354,-4.315842220540375
0,120,28.69435419101343,25.686522942309143,-74.22727886271993
1,240,79.6010737533959,0.9289493381057357,2.498485668057853
0,0,26.272401827787114,19.567293762746736,-7.065761806902316
0,0,15.730360005847775,10.932400292115197,-4.922951103044539
1,240,83.65655641681555,0.9543779082646034,1.306800139641723
0,0,26.560875514005087,19.894599705607103,-6.679270665902436
0,0,25.372583729568984,17.25767357824348,-4.010982558266178
0,0,67.97716874228564,40.53214670765009,-9.479055107708746
0,0,28.962377173430646,19.44523592155506,-5.690446044351688
0,120,28.52385628367917,27.214235265018985,-74.21657808649383
1,240,59.457303322138394,0.9440983503322782,9.240279072932964
0,0,23.126085683012313,17.487996538602893,-5.3072439770598265
0,0,17.329026305063255,11.870923878504305,-3.24687661189364
1,240,63.320894259441914,0.877005791989153,4.751526138363403
0,0,11.803034350873919,10.449559218917804,-4.267946645936391
0,0,11.527241240839489,8.795666031420462,-0.5751745290161381
0,0,19.020834860424163,13.900040390385753,-3.649184450383146
0,0,29.401769479363494,18.539769784560214,-3.269650324783399
0,240,39.23085865949647,36.22387234380898,-74.09918707112324
1,360,56.18960294784642,1.1558976427477832,14.258797697254764
0,0,12.960142672718463,11.253942595976588,-6.439934347953482
0,0,19.304135202476786,13.467809731209421,-4.649687365289623
1,240,62.92751419863002,0.8768097845885828,5.082981500443779
0,0,12.267087367053385,10.20178050514913,-3.178605433837646
0,0,12.412160696159257,9.05011921103065,-2.4644434472138386
0,0,16.68452947112503,11.925434012092506,-4.092260149314427
0,0,17.696714295970835,12.677578335021987,-3.8549222558969376
0,0,30.538871997651775,18.70440191245686,-3.582753488249864
1,240,80.52509111573929,2.2239378299332837,16.15109755932518
0,0,26.68550825067939,19.537571080771336,-5.282559270711857
0,0,16.983454636227155,11.68899801589429,-3.566083296949941
1,240,67.96228480683338,0.8860868518400946,4.000867923733807
0,0,17.140245203797082,13.322226775374654,-4.957153306223589
0,0,18.264116535888483,12.044507891563374,-3.1157216752477126
0,0,49.07024672876032,35.32950941848632,-8.284117976044556
0,0,14.397864470056408,10.433324945589721,-3.2187404598444687
0,0,15.493950678820518,10.550017854660133,-0.17622237838571664
0,0,28.594448348093195,18.08112444252107,-2.231110729628142
0,0,39.68189558587826,27.30476849456533,-5.1201997676840705
0,0,21.847727337096252,14.346297642051402,-2.387870480583402
1,240,54.86388846392211,0.9675031837043971,11.872787054687208
0,0,13.089886246912195,10.540864502771516,-3.0064161801457345
0,0,12.933187600880387,8.97531799685513,-1.5272656096479977
0,0,14.63592746555443,9.377604783314718,-1.8251640931376159
0,0,13.22782922230616,9.229740181584367,-2.6078553876527195
0,0,19.875484553241275,11.501972790938444,-1.4018561435300114
0,0,19.279513099276176,13.439680467886632,-3.471741005527278
0,0,66.26669276096348,38.40275893817025,-8.608520564882653
0,0,26.451977906226027,15.686366955473684,-0.6615231223129712
1,240,62.20520945953541,1.1075277535728616,10.90630731742884
0,0,15.800676305647443,11.786111317781069,-2.7337644599035684
0,0,16.825619839984196,11.682805379565766,-2.931575181442568
0,0,18.896455827195066,11.461986576793029,-2.9325577401705374
0,0,14.176384120035092,10.179424742832893,-3.9618296415611525
0,0,35.020738230929645,24.751892031196043,-6.551579665111035
0,0,19.76990531298832,14.235412046584942,-4.897970796401296
0,0,20.59795658953526,12.774333082490472,-3.448892351717589
1,240,120.15120135856377,2.559870211706071,11.176502640851098
1,240,113.18102644212209,2.3979485509272855,8.136707412816463
0,0,24.079337771339134,16.948985696828107,-5.356267828847194
0,0,25.57030511963263,18.5710224865681,-4.880222288531272
0,0,14.270556816622834,10.130756439875162,-3.4555038062091654
0,0,12.891172104236862,8.67540871104049,-1.8559731379976085
0,0,16.309296560368622,10.994603496041675,-3.159562113406608
0,0,16.166222524716844,10.680163950922237,-3.291882797695891
0,0,25.800318546037552,17.13566363823146,-6.317739014623598
1,240,84.40648173968422,1.1843453080294484,3.798469152541344
0,0,30.574213990627847,20.684843781518563,-2.538335194264562
0,0,69.29504415743915,46.95065118682583,-8.152367675423633
0,0,18.91040032452775,13.224900031466769,-2.3226302464001236
0,0,15.594985318228861,9.994677641627069,-1.4027387810314167
0,0,25.946964652660643,15.250402822000778,-3.4293494251536885
0,0,14.951168703672716,9.943724170628192,-2.4697725792977394
0,0,17.869052472498243,11.43288308800757,-3.7604800432476964
0,0,23.064722541025457,15.375875735530151,-6.487634243488756
1,120,95.83353493848145,1.0253916712627997,0.15698993192856392
0,0,15.757728724607388,12.405950469218448,-1.6821934714494233
0,0,29.66893023775315,18.574341756546488,-1.7777098372843199
0,0,23.008801154095256,15.917943799653454,-1.4412667406441813
0,0,18.45330025349162,12.63942363656923,-1.7147761180811045
0,0,18.011600716951982,11.355476190544687,-2.4697059651466873
0,0,14.086194383694053,9.84744350395246,-2.880665316503638
0,0,12.206994580723336,8.760759455605724,-2.4348251303038353
0,0,14.938466985535404,10.255443914944031,-3.6767210750728907
1,240,66.8793681968356,0.9083551768927354,4.411902216010688
0,0,22.27592543811694,17.2192314727128,-5.382638705893584
0,0,18.923219702233855,13.594130777390317,-2.847641351121254
0,0,29.104405141978628,18.40656505709137,-2.907569106758416
0,0,43.75043110771084,28.85213157179918,-5.32418478834839
0,0,16.589370456433265,11.769474815429714,-1.522835768603258
0,0,14.912143414664207,9.458693731748959,-1.1628612231051818
0,0,14.369363277947167,9.368570479946122,-2.2585474330913087
0,0,16.921824921779752,11.2578409066855,-4.761032918767455
1,120,105.95208136529027,1.0064708814066883,0.18570063103054224
0,0,17.002703006309318,12.793599218719017,-4.156317982316594
0,0,16.26306370355619,10.321789866481481,-1.806487150537336
0,0,16.28649082676125,11.69598454383267,-2.5418990513456663
0,0,39.57289870283803,23.43617905876967,-5.360481173901022
0,0,38.11580995663375,25.18560903579988,-4.172172150266178
0,0,21.306769085264733,14.474376943297251,-2.1743637997035705
0,0,24.177153318482542,11.422999243129226,-4.595263603882856
0,0,38.57910553933911,27.330866184327494,-13.318936250451074
1,240,78.73391537767152,0.9245234980451538,3.335833873508392
0,0,26.224534606026918,19.725426827650892,-7.215910103365999
0,0,18.19623247998745,12.046955078300412,-2.5672290822819264
0,0,16.70332191037812,12.072544170243305,-4.418094942400074
0,0,32.159029552479524,22.917265579576252,-5.891729028514092
0,0,31.835009807470854,20.090687411096045,-3.149186959380785
0,0,25.51237248944838,17.736202136413777,-2.7165197215508528
0,0,15.272292920230631,11.205404612404681,-1.6809527828861377
0,0,15.389445082132795,10.350377713156545,-3.3209182407842235
1,240,71.37077956263177,0.8965598636174569,2.999274202103919
0,0,12.80148058263243,10.478561974340167,-3.4214306679477744
0,0,12.265123003783778,9.137283860560728,-3.1040641988142
0,0,12.006249891270949,8.793445670857668,-3.2648374523701307
0,0,14.142651673191487,10.14480839181253,-3.4498499301389103
0,0,16.096376863192347,11.467417020821763,-2.6761182389398357
0,0,34.86709689525568,19.909667444324782,-2.6981675229369415
0,0,19.709382333859875,14.3041812342696,-1.4150457454376522
0,0,18.766658938509224,12.389342848460709,-3.8469868451532534
1,120,110.09875019452417,1.0801524055077925,1.3262597985168156
0,0,15.83889911962817,11.529228562161657,-3.062988247923812
0,0,18.06443905549366,11.113214565585592,-2.65242858147316
0,0,16.67942598732865,11.179432311024556,-3.4018461075394697
0,0,19.005301958912778,13.03982677958183,-4.293401578405863
0,0,17.40618892102204,12.337226364996992,-4.100437036355643
0,0,14.941280703817233,10.92842660749124,-2.525645198489798
0,0,30.952118141281993,19.01655135853136,-3.689785775447305
0,0,29.318699985365168,17.007620967299463,-3.7922633200667804
1,120,136.7659531901025,1.3647731140779644,2.761445029322445
0,0,14.449035351896606,11.074768937909347,-3.4665700820521295
0,0,15.115196253938768,10.68988507267558,-3.091673966719142
0,0,14.058566446196945,9.877610680697886,-3.5791813043998815
0,0,28.00784369886244,18.182555190438734,-3.920270738075672
0,0,17.055841009065265,9.781253231248886,-2.723039581584743
0,0,18.887533922705217,9.317564176763803,-2.2377471644263665
0,0,16.445219100354727,11.463428543186442,-1.0317395935347804
0,0,33.58054098657015,19.81373828777622,-3.4643884686052786
1,240,109.70094319243645,1.915416546003028,5.698213145991431
0,0,14.233751432759906,11.571449225452115,-4.674209699644408
0,0,16.146018170638243,11.493208988349073,-2.896594425373138
0,0,12.488799359350763,9.086496634832415,-3.333908000238722
0,0,21.392072272639354,14.792816941346922,-5.1178599456284815
0,0,21.427699222383595,15.068941882605053,-5.596066282469053
0,0,19.606591993073454,13.76781481938337,-4.946157807916123
0,0,12.80508942221899,9.314180099307059,-2.8556183957093424
0,0,16.153993283285466,11.055538727565544,-1.347532303349837
0,0,41.782431422055446,25.236976006687833,-6.085809357594357
0,0,24.65534019036322,16.65022463046694,-1.5015858544187353
0,0,16.817778932782627,11.104419768115267,-0.3705525105324199
0,0,13.360538185319617,9.060193956198498,-0.9077206978199399
0,0,16.42102902838328,10.309966023827142,-1.8394778088441939
0,0,22.703599586370352,14.067941069364679,-3.9064316481953085
0,0,28.86847380694959,18.70049373974037,-4.6655332064703146
0,0,18.50220618863256,12.75254227232251,-4.739158496916843
0,0,40.879669996186735,28.18219976173847,-6.585711090754586
0,0,17.395884516598876,12.47429136400267,-2.3469943721461703
0,0,42.19785794456985,24.493411630349343,-5.099366191943602
0,0,19.294604777404587,14.780252743695284,-0.9976747820422673
0,0,14.2941254989966,10.616869586300403,-0.601237315613929
0,0,23.729302392611967,15.946170274193774,-3.6979210286441173
0,0,13.813995405800084,9.229592251470729,-1.813448329321929
0,0,21.114318476196843,13.019125016821887,-2.352140315314685
0,0,14.632679877612679,9.24434370151687,-1.3605886769553734
0,0,16.556043383572767,11.102314933926934,-3.1028734708641963
0,0,23.657886711216396,15.219336089278611,-3.7113104730049002
0,0,32.875679278549036,21.207083574981496,-4.378709325592553
0,0,36.35958646422043,21.37611134054052,-2.6062649747964315
0,0,28.571653645070395,19.38584550307504,-2.675552018655921
0,0,92.10665338953032,66.23261171095504,-12.247535061906625
0,0,33.81855526365297,21.94916724132538,-6.3064479160208435
0,0,14.96277012099874,10.24134969725991,-3.188281139277464
0,0,14.80256099142616,9.686790696112675,-2.529700334934887
0,0,17.146216426913305,11.073004342982381,-3.0443113053235464
0,0,16.794697434560895,11.009973434848645,-3.093231072499904
0,0,15.556609914494855,10.359605734531096,-2.355354448102773
0,0,23.41866274669193,14.242578908376139,-1.960898752668129
0,0,42.9594793639488,22.73287844164695,-3.6645806460442714
0,0,26.800332959236375,18.04451244382482,-2.4289297779360197
0,0,19.51877934770818,13.689025832001642,-2.6917392573607515
0,0,36.61248835361703,22.96439047834836,-4.979976979726629
0,0,20.397435269420505,13.649846893619221,-4.328690424923877
0,0,15.764163232275731,10.505979764259267,-3.269925108156471
0,0,36.1070669684224,22.696790538210447,-4.843368009463589
0,0,24.465077313902565,13.01748651470607,-3.304622754083951
0,0,15.10966901185166,9.463553588196516,0.17221959221205907
0,0,19.727132382870693,12.194724582100568,-0.21504177490932364
0,0,63.00035282543568,35.403175797361506,-6.559402664474817
0,0,27.888314445984516,19.069234203001574,-3.1149972463550597
0,0,36.45107780954123,25.799211876303758,-5.323576934220071
0,0,24.062411339309865,15.46892095929189,-4.429327753620655
0,0,26.645923159503738,17.719188764487203,-5.137315441119128
0,0,22.17319760397644,14.934008486093983,-4.9767753370918655
0,0,25.370671761576105,16.594343677825695,-4.790001747704736
0,0,13.686083827861067,9.154967144573348,-1.6928101017728068
0,0,20.766204257616366,13.028158615761368,-3.324490424634206
0,0,24.907280580471095,15.966697338533804,-3.3714617278923953
0,0,38.33400962695959,22.537709311720786,-5.124163309671459
0,0,41.743214017032265,28.804072600023815,-5.468754149661734
0,0,14.472937709453744,10.947668088700844,-1.2142290603325847
0,0,17.720496236313036,11.653910401797624,-2.3881619174942443
0,0,22.011117871103135,13.183371117564844,-3.0909079039820853
0,0,35.315659293831295,21.393706570914066,-5.3706606488581485
0,0,35.2351102884082,23.632572486493466,-5.248307106919526
0,0,13.953864137417646,9.336646456993968,-1.5049248887400495
0,0,20.045372101562428,13.22976059234344,-3.2621895398659575
0,0,18.23464097547518,11.449628072442259,-0.4933473712217449
0,0,45.30153352624191,24.57863909981988,-5.504038832795331
0,0,29.95056128467353,20.580314954363853,-3.470392068968536
0,0,18.70187999216586,13.143932949269002,-2.6171314081862533
0,0,15.210533596414482,10.159476719223388,-2.5610256394655124
0,0,16.054705153101388,10.294722177831321,-2.3526066143720215
0,0,17.442999820177256,10.2131182917158,-1.5857361807309616
0,0,17.43944797194433,11.547785338273853,-3.1799127365519695
0,0,14.7039025237782,9.841911622131517,-2.47987294995049
0,0,15.379102989879003,9.98686059176498,-1.6485449984009648
0,0,17.774481755650445,11.437714767290625,-0.7269548721805137
0,0,37.72896735561289,19.590923132898485,-2.368252613099571
0,0,21.14127722489644,15.181605457151615,-1.9403899209140292
0,0,16.38705298946366,11.397215024322154,-1.2491098951754367
0,0,13.850986471170014,9.402017478639634,-1.9223541395176085
0,0,22.618787260009285,14.289221977635256,-3.600864210566229
0,0,19.083940834773756,12.262352594622879,-3.1021323884337875
0,0,17.380228440226414,10.9161540434922,-2.412459429089239
0,0,15.174690631055661,9.836414257337092,-1.374427766835737
0,0,13.547345731162372,9.482298446881765,-0.5606276637808918
0,0,14.102481961033394,10.098452025202226,1.9428570341609799
0,0,29.61401079558845,18.720279744653983,-0.663821310524142
0,0,36.137838622523184,19.427165905959644,-12.703125894466176
0,0,14.39310844967412,10.306412883383386,-0.5788549608615767
0,0,17.376128739626296,11.17174839826474,-2.079038949552938
0,0,20.168802504518133,12.28089457772371,-3.171486046444315
0,0,35.822363903698076,23.904568064293763,-6.156220515252798
0,0,25.89920589831543,17.417850896432288,-5.554549012827977
0,0,47.976840032832385,31.619481340495252,-7.380218070311969
0,0,13.851254882061323,10.024143911405497,-2.6870512864806955
0,0,21.238826199579304,13.280592197105845,-4.641893509616921
1,120,176.987803244616,2.667001904431693,4.126627114144796
0,0,36.51971746048561,22.494977232894605,-4.071226731120817
0,0,22.00597026496846,14.267908770405608,-2.0165049152560073
0,0,15.777486340010729,10.640932180356375,-2.5720919153084765
0,0,16.562518336717883,10.598898190780744,-2.30880781005753
0,0,15.184875537479268,9.28274706344636,-1.2761302601945488
0,0,19.977611220522473,12.592205753154264,-3.3636678722197075
0,0,28.805035076632006,19.484404997929904,-5.575940482083482
0,0,26.357096494579384,18.087758755903167,-14.646906005143876
1,120,116.01240101299287,1.3204509626374576,1.9463626038599102
0,0,37.89253989426525,24.07763784410066,-5.083707703062714
0,0,32.16047823592028,22.379052151556884,-3.3671068277675857
0,0,13.053553339755199,10.217270196905234,0.28916073437798673
0,0,12.46999680872848,8.83805998427261,-0.07306203871797834
0,0,17.414335007730163,9.534165562439636,-1.2874213587973031
0,0,17.49583264342665,11.723105769095383,-2.964765682202568
0,0,14.30442071126595,9.610332664664412,-2.5366115531061837
0,0,21.59050881226957,14.002158661117278,-6.345816879290609
1,120,130.44197197919274,1.249312427632699,0.7173398437810192
0,0,28.884837679165575,20.123798397102867,-4.307640353192511
0,0,39.45363969928217,23.461286321199573,-4.123144135094364
0,0,19.577465734505004,14.612822623363549,-0.3785378818893719
0,0,13.305247380140916,9.76585159313185,0.6382605197173774
0,0,15.716523975930073,8.060694985826105,-1.2172433506675304
0,0,20.042601586403514,12.069348879788727,-2.5585858961833594
0,0,25.21595126704462,15.343753767997368,-4.05636344866808
0,0,22.68754273209169,15.384013300638458,-8.01824008228715
1,120,96.13788347433261,1.0313216435859778,1.0572468762756841
0,0,20.283035238369628,16.174930810781525,-5.857260368730849
0,0,12.669154932432928,10.835353206565,-1.2384266507010153
0,0,28.29881029719421,18.485334320457948,-2.330981995587848
0,0,26.73585551553804,17.76861010216626,-1.761172874286487
0,0,17.759000330200408,11.714799845429177,-1.0341127226658813
0,0,19.688681603475427,12.701538786856638,-3.047791894715843
0,0,52.214261158220616,32.282315322817794,-7.469422745334995
0,0,18.558873978452286,12.485170567217063,-6.770835979903254
1,120,135.2734562674147,1.1846189787396784,0.20058889378991296
0,0,23.7147070907894,18.423089555213828,-8.950921464657199
0,0,12.076053268887911,9.319347791276806,-2.3772538502600185
0,0,16.934285805487193,11.860526504802905,-5.307855994572577
1,240,126.25002627714284,2.490604401497056,10.332126642464914
0,0,23.357864002949125,15.861044242515447,-1.2867385637490543
0,0,18.618975956936147,11.761033641373896,-0.8939232417839804
0,0,18.78868701590411,12.482065443688894,-3.427584150150892
0,0,27.66488444013969,18.1140565035333,-8.005541759743494
1,120,122.7517131480174,1.1116509532759595,0.2157685934601261
0,0,17.901708518130473,14.335557915801296,-9.504876418008976
0,0,13.500995214781144,10.089930546227574,-2.956039228415193
0,0,16.327840811468793,17.029204675308332,-71.38790362731663
1,360,49.38735765096395,1.5570551412862967,13.359131953498206
0,360,65.66883507703618,15.920375488950015,-70.4052127118929
0,0,35.89725789609608,22.83798630953218,-3.781571748823481
0,0,27.877511826824747,16.703080764498846,-4.472935042250882
0,0,20.83514724963653,13.25258691330687,-4.485316947577047
1,120,105.3219555446216,1.0667705417637483,0.46256569632653566
0,0,17.66517233938061,13.507905836296395,-5.187700719618562
0,0,12.6911250992588,9.38009423579851,-2.8122775636832955
0,120,21.472580832585678,25.009496122226718,-74.1930539560851
1,360,46.81617618589339,1.127553352438386,23.71668318991243
0,240,32.22297752811829,36.43638451848639,-74.35240396642797
1,360,77.13256129268144,3.093614213113517,26.873636056103905
0,0,31.77469824788008,21.29363396232542,-3.104022564969796
0,0,28.910796321530437,17.615557380021897,-4.361739370612895
1,120,161.99178234563342,1.482669716394466,2.1856073273511782
0,0,32.52353521973742,23.985850730733958,-9.586562020732401
0,0,13.277537632474882,9.729555178678032,-2.8652441405358644
0,120,18.217470032154512,17.829991237318378,-73.6392840131294
1,240,44.917290466319066,1.3544696936094511,6.787862448538775
0,240,37.18414104545732,6.23670964038066,-69.65527424234847
0,360,28.14688421742155,8.302353619464848,-66.4929287524604
1,360,71.92427958912427,4.152464153935629,15.13147638306775
0,0,30.89255298458075,18.893224136078846,-10.560527523214859
1,120,98.19515368094784,1.2056006640182264,2.8380263227217597
0,0,18.233855965539643,13.71145344608736,-5.149435053225545
0,0,13.076785589299446,9.41090314746548,-3.2536879088383728
0,0,27.252404922137387,23.389033027124185,-73.7909338602127
1,240,52.11451158191518,0.986345165553541,16.412225031435923
0,240,37.705578839453835,16.078645213102003,-73.98731250760993
0,240,23.42509725436027,9.030426895189006,-69.33165593105437
1,360,55.46733497736706,1.4148390924486547,17.046408402956942
0,0,33.407636573367924,23.40481364810378,-2.8715141975033163
1,120,144.46003595726359,2.5229081117408803,4.987540075528813
0,0,18.206834710194123,13.030378976324162,-3.4199068692425385
0,0,12.703312056782643,9.370905662454263,-2.3473107893636467
0,120,29.21833085789281,25.359076113626266,-74.19850343600048
1,240,63.45660721832111,0.9611919391240455,11.459704377265595
0,240,34.50413183297666,10.326791313180664,-73.49806598113203
0,240,22.228567461677926,16.41010165229358,-73.63787984667394
1,360,55.16726630833073,0.9978330835748256,14.990062867160319
0,0,19.9399380973397,15.815790307466301,-3.6420234291454108
0,0,43.08562145227903,25.8845407835665,-4.454799339627883
0,0,25.015516353175695,17.041684341466464,-3.14225076090284
0,120,32.42248403445221,25.950357004411305,-74.00268886214207
1,120,88.34994513989028,1.1641672002610546,6.971892367579585
0,240,38.49439064980845,14.676980618077383,-73.98583164380673
1,360,34.31177682230842,1.367960567758664,11.291004039734858
0,240,27.336474522470446,37.481616435704474,-74.44413386421996
1,360,53.58457597244037,0.9313163079775799,14.173631505139056
0,0,24.46483464104193,19.32980957602903,-8.091161760763228
0,0,37.83180917246065,25.86908560883691,-4.593922994093006
0,0,30.21292925406565,19.67777360704436,-2.482895567054314
0,240,52.06910601894582,14.569021221144503,-71.296930814964
1,360,46.39314959060729,1.5781913607014126,8.680645263204298
0,240,29.21308949178925,17.047183115119115,-74.03174674847466
1,240,37.61025988128575,1.3459999901745734,11.806122943025272
0,120,36.37124579211547,40.33779189777805,-74.45112454448648
1,240,61.688588354136336,0.8858145899880897,8.60999262924831
0,0,22.849159180412872,17.39496399456518,-6.508030663862968
0,0,18.411854670384432,12.3456950117882,-3.027208122041799
0,0,19.34522229158531,12.348431014461388,-3.2694005217169746
1,240,136.9577529946805,2.4392966026545597,6.466365902040181
1,360,67.65761270716804,2.4002448137269563,15.683033226981763
0,240,34.47519125591521,23.049429160816732,-74.20717719695352
1,240,42.32069821125083,1.2563979278613941,11.46639909944598
0,120,37.898750113380586,41.68013229065922,-74.45720215876611
1,240,55.93173729539138,0.8687265485755838,9.934048802567006
0,0,13.794352692319391,11.163969387574728,-3.844180724040328
0,0,14.673153850061945,10.589684257988447,-2.8209790371640366
0,0,15.271456434233746,10.605402184777022,-2.7217739127148093
1,360,66.92918967049621,1.1882778716039595,16.03748712471169
0,120,71.17356006416625,38.52063810586622,-74.06865681038855
0,240,47.34397862718929,17.3764417354795,-72.54649571387253
1,240,56.65665995989162,1.4822401907430818,5.493790969960855
0,240,34.395087150736614,39.45641582757457,-74.446320877056
1,240,54.83447357172396,0.891867925459605,11.07019478254631
0,0,13.981779789329067,11.444920372683013,-4.707391873635515
0,0,20.257433251572667,13.030071845231085,-3.1617354000845665
0,0,17.199093372500997,11.793719152196728,-3.192977436926398
1,240,69.80467922594116,0.970206254316572,7.842647569781022
0,240,32.97551709953107,15.578272308151192,-73.90888703006209
0,0,28.477470837113458,17.381520669381064,-3.6711671202291996
1,360,75.40944426143713,2.5889483410434786,15.607559393843644
0,120,44.00158648788317,44.77680830491049,-74.43029381480959
1,240,70.7876513859727,0.9420215172011701,4.144188269715002
0,0,14.63893513828169,11.516812999052767,-4.172563508403584
0,0,13.778901600976933,9.944206704570295,-2.8778675221595904
0,0,51.49197848029515,38.224366491988846,-10.787998195508273
1,240,47.36564637215474,1.403761592439076,-3.1672976816971357
0,240,36.71466833539034,5.010220715994938,-67.63412908115052
0,0,13.37082604386592,10.766074012202845,-2.390301897096677
0,0,28.697979576476854,18.252953018231633,-2.664335860973111
0,120,55.79598756789694,40.15047010816581,-74.16568887584488
1,240,84.4464271632893,1.157600159859204,2.814536507708226
0,0,17.79604654849321,13.187928773923115,-3.971746823298517
0,0,75.76188614603227,55.1384336377073,-11.602406152691437
0,0,16.456429851143746,11.343789711567299,-2.910092117729377
1,240,67.92876653717359,1.2910966970879263,-6.2398296015877435
0,120,41.83330080125061,5.945455675072057,-70.46700332185567
0,0,15.564221017851125,11.380989908572534,-2.9778803431902645
0,0,17.04878878866076,12.133535051667064,-2.528118248847477
0,0,32.950709314823456,19.8919975444653,-4.084499600717251
1,240,85.59875556515165,1.9015109392137948,11.074916060501877
0,0,21.05057640480346,15.504071972008687,-4.062042305044983
0,0,35.84731140914363,25.16134004401393,-6.178373883860914
0,0,38.03383800580057,28.1363836922575,-10.999481471550013
0,240,53.80559211869418,2.504234928717834,-39.96479443067611
0,240,37.98784046812572,2.151807634845317,-37.28245698224525
0,0,13.43249344614395,10.905381913502918,-2.7567963026286435
0,0,16.92348134789666,11.946869789987737,-3.0825644815632387
0,0,16.150647339297926,11.661039928845854,-3.1288779700798273
0,0,33.142262769679306,20.051531014445228,-4.3216126713749645
0,0,27.066208654523127,18.567591916789926,-2.5118893762982424
0,0,19.551271773002554,13.931143753421773,-2.677841880098228
0,0,15.947006202179404,11.903292396226487,-4.657073209287134
0,240,35.67315318616146,3.259247686993665,-53.11689257127044
0,240,32.137994227696325,1.7877799784544228,-19.499480452434582
0,0,11.484581374213747,9.899912201972457,-2.9335902595117886
0,0,16.802137563856263,11.151636242672009,-1.440300835453968
0,0,20.102201673289244,8.70933401710143,-2.996665533785986
0,0,17.94349237249794,12.683801261802351,-1.8288861588274585
0,0,35.67786324577469,20.30108911615223,-2.324420501709554
0,0,22.792517128623818,15.607041193108184,-0.7304021544972841
0,0,18.810628687053164,13.075107407255338,-2.668474265107008
0,120,36.58735700509524,16.22823214401257,-73.81145231979333
1,360,45.37757469943564,0.9470252532949693,14.277433006010625
0,0,15.812675743233523,12.979710799115871,-4.465032938582723
0,0,13.365273063748138,9.684047649148363,-2.77765485867576
0,0,12.799788307115655,8.951323732423075,-2.047214038889436
0,0,21.465885267749076,12.06020961648236,-2.1758875984088064
0,120,35.25996954917716,30.20452839469128,-74.14731947074372
1,360,90.59913281065232,2.9680627557380928,27.509185017721407
0,0,27.484297224781464,20.614596701555747,-5.508418713226774
0,240,26.73449507677388,20.096999095944593,-73.68389480751556
1,360,45.97515661874859,1.1122166098533461,17.945216489518742
0,0,34.270356977231906,27.39508757766146,-9.471752531400043
0,0,13.106930338510258,9.475561286849231,-2.2363565940232206
0,0,16.295767548388238,11.092767101735282,-2.2034658569429553
0,120,24.958484554065016,3.6571687740281558,-41.21683446163454
0,240,31.3830279276772,24.193319192965436,-74.23095565160398
1,240,77.26079551521926,1.2006814594179345,8.556259989658685
0,0,33.835549717620445,23.075849479112446,-4.877832505862401
0,240,38.76814769777354,33.53008751619588,-74.06893614746335
1,360,52.53674397511193,1.0973268275402261,15.510094564090565
0,0,11.720651510765345,10.593036636135125,-6.305785937894797
0,0,12.652443596802858,9.24214658711479,-2.0119251923714074
0,0,33.77933418176826,22.812522605971324,-3.7645851403060675
0,120,27.118028502422444,5.33479981376058,-58.701717869733
0,240,31.453086847170134,13.299073599302996,-73.4786280499195
1,240,50.41227177040851,1.010954132439944,11.865792568827104
0,0,15.219331406827871,12.584519022677998,-1.1652093719296488
0,0,26.909037531785383,17.507157010464553,-1.8211672440746867
1,360,73.25825230403322,2.011465631608005,18.719472767157328
0,0,23.26378414711488,18.345954567388393,-12.428592324456886
0,0,27.872428565766757,20.52956365452028,-5.101123140177506
0,0,17.068818491816934,11.546039762932926,-3.310143401852102
1,240,74.1776368208554,1.022755169201762,3.648986997588139
0,120,35.154524514369854,41.60048108204372,-74.45992772814803
1,360,43.81341574563012,1.0234050931117387,22.477243641963298
0,0,22.79396765049534,18.313178889639154,-5.6109420550751
0,0,17.750282491525184,13.242479764399842,-2.6244589648016046
0,0,28.538403786301917,18.303201355688838,-2.2789896506943705
0,0,28.084903362698533,19.636949122255,-3.278326817957492
0,0,74.60141717275408,55.95651252557249,-10.74334589738347
0,0,22.4919006072203,15.04918123713949,-3.37975518969796
0,0,38.646347982904075,5.178616256425438,-35.001396934654856
0,120,37.6614528242951,28.191464413426875,-74.32324015774046
1,240,72.59244621912819,0.9329142173657855,6.724737213651295
0,0,52.17523494999673,40.759449075974835,-24.677036199000618
0,0,45.99109949031999,34.10334065713226,-8.262709853251295
0,0,21.787189650521704,15.0221734249639,-5.470694286811039
1,240,99.65616196153753,2.7828509074252574,18.672276641139348
0,0,28.370830822310605,19.091988672195523,-1.8989559189617609
0,0,26.246270372930585,17.456738201162107,-2.0769988911770696
0,0,31.172707771598937,5.9499161202127935,-27.272490059234045
0,120,39.79988239534654,28.208010044422707,-74.30937999072637
1,360,51.6284709338176,0.9005908711604484,13.59869309420695
0,0,16.842923150319752,13.59111722964678,-5.645156748407473
0,0,28.482743456539975,19.847872104854478,-4.695259771375774
0,0,21.932730860256605,14.957692801716512,-4.945200229494787
1,240,65.1776578533885,1.2005569515722894,10.799474872684556
0,0,32.86641358750662,22.805076790251555,-4.348416540403164
0,0,33.91200269930495,21.763157098720736,-4.834350118765386
1,240,59.17907521055918,1.4782353351308941,5.98845932887933
0,240,30.23941001076703,36.9620097982643,-74.43817757356506
1,360,47.07994687795721,0.9340936078074908,15.949573098865216
0,0,17.045532927780577,14.325042198008985,-10.112926225396706
0,0,12.826868392245572,9.404007490882618,-2.685002901335949
0,0,14.923219960007572,10.159530255835943,-3.61925804302453
1,240,74.31082009900555,0.9877930315407711,3.4923438213972275
0,0,37.80273255152279,27.69084073171199,-7.098148774465287
0,0,29.522168309992026,19.08030641979281,-3.0810073757824767
1,360,79.52575692192255,2.526639296642838,16.34029840184114
0,120,46.634590702631186,45.1063712386475,-74.43511821784617
1,240,79.65729296610961,0.9564536847520427,2.115662468750088
0,0,16.612644989885048,12.554858330464501,-4.4166627381525245
0,0,23.578813965695492,15.925915119491194,-4.758684769942988
0,0,68.82939906021946,49.03795917883772,-13.957969964845311
1,240,59.87898418610643,0.9251183003770724,9.351724547637374
0,0,13.681683543831301,10.828730868477813,-1.8267794863005378
0,0,15.967534120072184,8.652391489787558,-5.047656957192075
0,0,41.866028545682575,24.74062116539507,-7.514861923119071
0,240,37.77517815125618,37.83511023525341,-74.0677152675026
1,240,63.15097913465933,1.1452538069106248,10.753702624145248
0,0,16.580016520714256,12.392228190105758,-3.6051524965399864
0,0,23.358062553471463,17.08272438156427,-4.816568303819835
0,0,23.906582271028665,16.586552691840772,-5.103413001619799
1,240,52.21268010776497,0.9065326426712618,12.186273249522202
0,0,12.940487090222433,10.95052173103583,-4.0086677165172375
0,0,16.038811919160576,11.142423014308823,-2.412334527556027
0,0,18.474513906058768,13.105731758494818,-3.5815794138376305
0,0,38.110364524715564,22.150626923226714,-4.470237169133412
1,240,82.14232924251638,2.0748145894860635,14.302554867724865
0,0,16.541983065102052,12.389510502589498,-2.4603133698488193
0,0,15.174777956516873,9.869526652202136,-4.559525111845261
0,0,21.164866130008594,15.240401337460636,-4.7463694787678605
1,360,45.79551619523299,0.9313367364218441,18.36540190079593
0,0,11.385377811844739,10.094295893438115,-3.151068809147901
0,0,12.170482426567007,8.879190191296825,-1.4183847797589664
0,0,13.357876137575685,7.995224639675568,-0.8784770855095729
0,0,15.384211069752288,11.375431962874428,-1.3543352735256775
0,0,42.90639651411573,24.318225745488313,-4.571665540873866
0,0,29.305895315105165,20.140659612341125,-2.8818560444536274
0,0,15.467431315073128,11.096442812844625,-1.5043003810739748
0,0,18.85114770105611,12.669266071493768,-4.2352474245403755
1,240,64.90984261364743,0.919354837485376,6.384563724552422
0,0,26.67668745988147,20.45424186723058,-6.732574476894683
0,0,11.810448742138613,8.737521043611448,-2.203132786187709
0,0,13.504826504489952,9.726061914708842,-3.464588311058421
0,0,17.70080480441714,12.413069429829989,-3.8468203097756373
0,0,17.40744640766351,11.563144710644133,-2.9953332507650146
1,240,112.58611760113764,2.436623998601503,12.740419718558243
0,0,34.48207434068958,23.673636477181102,-3.9593815715101073
0,0,54.20117461955942,38.431009363300404,-9.290087414721455
1,360,47.54541548582371,1.1275704348443658,23.850427751680385
0,0,17.67306288421276,14.72700635593502,-9.115166980836563
0,0,15.056368307973239,10.669417180381005,-2.9150798522891392
0,0,26.611638264216037,17.0426789953734,-4.990768472196521
0,0,17.624614718331657,13.030469143250569,-4.790884385206127
0,0,16.736919232560687,11.541618765822493,-3.5425851551675294
1,360,56.70029695246757,1.2529596974166228,16.906452071603695
0,0,30.537147549596657,21.827174207612057,-3.536631515417554
0,0,24.888874211678107,16.085823345759003,-0.8639635273498527
1,360,49.99704012155491,1.2473971729292845,22.740536073983137
0,0,18.220861936911113,14.930036914757364,-7.429150327641651
0,0,14.729944814742751,10.278587229008112,-2.1853634613954824
0,0,74.15600952136671,48.747430071085944,-9.675741715448794
0,0,12.99559589075566,9.84626358518892,-3.4129123833824337
0,0,15.572095016806417,10.60887008929816,-3.5902309267050754
1,240,69.30064034067985,0.9555433862313357,4.100339504787229
0,0,19.339898196097444,15.596580420786653,-4.1710896703116305
0,0,25.258828987715706,16.21384770153407,-7.477453913920797
1,240,95.41769660747626,2.061272820333468,11.02652087976503
0,0,31.03188765206184,22.306614297054008,-6.408084456983346
0,0,15.472525606715694,10.934680529152557,-2.6593231461067006
0,0,15.158213695347794,10.091259803962977,-2.5879127761825345
0,0,14.090949484860959,9.412021076467113,-2.6132261535810244
0,0,16.022420470483162,11.211350698543809,-3.860109832909842
1,240,53.987457043432265,0.8868096841632213,9.490964776866846
0,0,12.586758304093635,10.517278102795634,-2.0530261235684293
0,0,15.198562654505219,10.989568941174202,-0.7005423612897204
0,0,51.220990109058214,29.38617900604686,-5.566318900641377
0,0,38.43679261402296,25.531261130467787,-4.787249750589538
0,0,17.479641583702332,12.595220709756026,-1.7030770078031736
0,0,17.064768428847405,11.322106679053556,-2.4130756099864357
0,0,16.687573912467535,12.03189297501563,-4.50185391057488
0,0,15.75523948935512,11.160678999189955,-5.122177375293319
1,240,52.11677652861444,0.8978728314296316,11.195695843121982
0,0,12.293239044648299,10.482534250105898,-3.311034366122385
0,0,14.630727464143026,10.730343254326412,-2.9379784667121243
0,0,16.378059386174076,11.901779282492704,-3.274604752267649
0,0,58.12338576015232,33.50006192970208,-7.111167677610865
0,0,24.52867598769648,16.799412854499792,-1.597285409169018
0,0,14.884920851150206,10.3993390586251,-0.39273502283163
0,0,26.630949140944118,13.84657703845882,-4.9103193946519355
0,0,21.338439732008325,15.077595089823753,-7.501047813545355
1,240,66.92955735664869,0.9267373426386549,6.607704477027681
0,0,35.004254860714106,27.401666945572778,-10.828682788261247
0,0,13.000601937721632,9.784272414425322,-2.3555959244003333
0,0,18.783817012814556,13.725341970470613,-4.484942242977397
0,0,16.156254553123198,11.72687305598936,-3.2089148725647902
0,0,37.54574199211064,22.48724964552981,-5.004515967619184
0,0,26.07462160793907,17.276281777680893,-1.341203959000211
0,0,23.113501624443792,9.7661235027693,-4.957319841601205
0,0,17.3976916940383,12.148571795503793,-3.879119846265354
1,240,57.79962707231191,0.9012079510630518,8.501220047354721
0,0,14.359429317322626,11.584483981750946,-4.179966005938866
0,0,14.869952347882874,10.484754610668691,-3.0585500801101944
0,0,16.94202008370454,12.30045657417953,-4.500113615878732
0,0,14.692290995082983,10.63633437153869,-3.5013343421306473
0,0,28.391117905773516,18.91006985387663,-6.4014272052629195
1,360,98.51490826658778,2.7897930563295468,22.547921256225933
0,0,23.302459215063156,16.959085801444004,-2.137534500942536
0,0,22.322329268990277,14.113782498293702,-2.1836148399304562
1,240,77.54123709743638,1.0688450855002405,4.949978021106247
0,0,27.991693084614898,20.718646516913918,-6.677946709650342
0,0,22.725471397150432,16.253836733395936,-4.420934370588512
0,0,19.394363545863836,13.714796666655575,-4.6393122112637855
0,0,12.65413495310425,9.24054541974194,-2.978246721021037
0,0,16.703480015423683,11.480625066682283,-3.649267718071954
1,240,68.2410791550874,1.1926533449829935,14.07032961040035
0,240,54.256879071659654,34.21605495057493,-73.94942707531152
0,0,27.75525801955697,16.185394400819504,-1.528922636655338
1,120,86.05515703249807,1.1920546682909556,4.812178322893203
0,0,37.3132172692843,27.649121621949675,-8.880901665136179
0,0,17.146517929558335,12.312753088768396,-3.524266263629144
0,0,12.841308346668718,9.381539724337484,-3.64300598787338
0,0,18.825372901767484,13.36101123345404,-4.46717291818517
0,0,25.050718625413825,18.047410465193895,-6.424979471043059
1,360,47.298109779667804,1.1366123108259212,20.609940740073895
0,240,28.46788893597991,12.70405078107203,-73.373650653155
0,0,25.245763260287443,16.816499487054074,-2.656367143153915
1,240,76.54332952589124,1.9946834885376286,16.10420119698692
0,0,16.41511479662069,12.348044987307704,-1.4844077302170717
0,0,14.160364953587058,10.45873159039246,-3.2066499914291313
0,0,53.767679999512296,39.07920812638037,-9.293821970564622
0,0,23.99171080748086,17.456374715740026,-5.902524684368416
0,0,16.83994489248469,11.324841272868518,-3.066335609014004
1,240,64.27534868148734,0.9148475478086543,10.131842870568235
0,240,28.411500587636066,14.806774499783208,-74.04176619334234
0,0,14.57811709101588,10.302568109287026,-2.6591066501157883
0,0,49.956065176722895,29.34878509103567,-6.060058824829611
0,0,43.845080877081415,26.930908240514032,-3.6664874761180357
0,0,22.874468856718615,8.336555061737911,-0.0762928250438506
0,0,14.433613675446349,10.757120013753081,-2.645409115306407
0,0,29.486247211325804,19.577853155144027,-4.975846902361624
0,0,20.813512596424797,14.303104866585608,-5.005989805711138
1,240,61.00008500303892,0.9459466842699994,11.353488113418507
0,240,22.490564068056045,14.97007525665711,-74.04529973578049
0,0,11.579374541183796,8.70578580766146,-3.1410683597217286
0,0,14.990530425510741,11.133571862509493,-2.1370931821918475
0,0,30.582396845951216,18.599973114236132,-1.9615732209474999
0,0,20.493405032078478,15.031194344179356,-1.218434078617534
0,0,21.39725848582004,15.489140892538842,-3.0269583189753746
0,0,14.902611151161246,10.483345752443569,-3.0636044288210087
0,0,15.496927098224818,10.6117885391115,-3.085195740529656
1,240,64.52978014527825,0.9065284160965864,10.002303327085244
0,120,26.411677665483808,15.661463977486425,-74.10789072387551
0,0,13.863111841263319,9.197059601765321,-2.1234206276891
0,0,18.9980236115245,12.630301279561564,-3.048000063937863
0,0,24.520349734773642,15.776843830691025,-3.571029397665299
0,0,36.96775039100166,22.149667490775407,-5.137357074963532
0,0,23.186202368942272,15.680763926312373,-0.718494874997333
0,0,19.368118108300038,12.12031714379897,-1.4556887043462154
0,0,16.562441122625863,11.430097775296503,-3.462231835465076
1,240,65.37945136759083,0.9366430248194884,9.978921760067152
0,240,24.310257544109913,14.044273660040853,-74.02710984410689
0,0,11.077562914791104,7.645567161073641,0.4499756217783357
0,0,11.902065100751262,8.526229644586099,-1.3486564171487743
0,0,14.215778933626838,9.741367046037455,-1.9827898280564966
0,0,17.507802666120533,11.504357283484463,-1.5042337669229227
0,0,31.80777897101842,19.326707270217312,-3.5560495404482424
0,0,24.011676165560353,17.294361655283886,-2.464576675515943
0,0,30.174987719991567,21.88585174383017,-11.319212743045817
1,240,60.21982924945244,1.0481912239199507,14.997848396064128
0,120,34.69130614575651,14.438383433361832,-73.91422917272236
0,0,28.981015184499697,18.327859192344928,-3.2313804950059506
0,0,20.17618012716758,14.42007250300992,-4.446256074755894
0,0,17.47112597241097,12.111107437581346,-4.0854738326763425
0,0,18.530597074896058,13.546850904213445,-4.312636414521151
0,0,12.94710819861316,10.629833195258863,-0.518777323384569
0,0,30.685424344305982,18.56391761453881,-1.4732498599164217
0,0,26.157089935078094,16.334168420534173,-0.013717156902515626
1,360,53.50617057728621,1.2830536135343433,22.864088670640626
0,240,23.991721838065434,21.512001351786445,-74.12745775253215
0,0,31.38470825339402,22.976526383099564,-7.741150194231366
0,0,12.719885510105536,9.520129812371858,-3.6725743441701013
0,0,13.346517393110295,9.531051281333003,-3.6305491416272844
0,0,13.841959776126709,10.048096614519912,-4.06280836778204
0,0,28.780747567830147,20.990508253182824,-6.032592977675364
0,0,15.67481917408539,11.341775748734486,-2.7988131784025967
0,0,32.83703914078525,18.637485373338233,-1.803847564802041
1,240,98.93871803337866,2.0689488082657674,8.767351907563011
0,0,20.473029703938977,16.85830594602635,-41.33970218155157
0,0,13.192683941421663,9.444119797839182,-2.515278371232853
0,0,17.04210793127026,11.797205371874792,-3.7890575140475704
0,0,13.234860300756898,9.128134735246785,-3.101899238905119
0,0,15.69708808591015,9.952023754432386,-2.292753799654804
0,0,18.12026668245498,12.589785334723503,-4.062675139479936
0,0,14.096128344318595,9.694617607982341,-2.155128963588268
0,0,16.128968563747893,11.2230878964173,-1.9484502331909113
0,0,33.036722136472356,19.843001681970232,-3.7758012979888917
0,0,23.600174692723634,16.863952649792637,-1.9167918579050394
0,0,19.013668657312387,13.652857623646307,-2.242734898986143
0,0,20.56658560700594,13.278230950720541,-3.146106054894787
0,0,20.50771170027135,13.12769022279157,-3.2497326936198476
0,0,12.736915813472882,8.904856770442098,-2.4686318119610178
0,0,15.563314671485271,10.430365638887853,-3.276011976208551
0,0,30.02821476164587,18.136723623517288,-4.267596921643388
0,0,31.883331121629357,21.63375065302682,-5.436562861167474
0,0,23.909093567450082,18.481692421946008,-59.69189559122693
1,120,174.16051734376077,2.756630294782954,6.246597490961776
0,0,24.905250952909423,17.078168134064224,-1.8653574065265985
0,0,16.573282348831643,11.588034304478253,-1.4872971190188053
0,0,14.302410387227283,9.844534916146696,-2.4628946682019546
0,0,15.886003392621975,10.058474264206161,-2.0444578783897924
0,0,16.07737851969387,10.565800588927065,-2.880690296810272
0,0,17.736523675699498,11.068768610728553,-2.3852475483858626
0,0,15.63270072531917,10.299787727579748,-3.4889690903422377
0,0,42.62405031762878,31.14170933919185,-74.23576227894058
1,120,156.75029858250758,1.4925444036943467,2.343882550242796
0,0,42.91476137408458,26.95663117398831,-6.89014608781585
0,0,23.784466346068065,16.084468024146435,-1.244630093517415
0,0,19.831305223590423,13.11442723146027,-1.73194591551389
0,0,17.56902057207716,11.426301606808911,-2.5410497209198013
0,0,19.69457561249963,12.449232002752423,-3.147155227773794
0,0,16.309721237874733,10.588666357920795,-2.4526860495537477
0,0,16.264071163613973,10.46011227145308,-2.9811111295161368
0,120,42.612188762349874,28.791697189374343,-74.28877923925016
1,120,131.43331267605464,1.2346794097311073,1.4267805524492445
0,0,80.60422452947536,58.588254054667665,-17.096699697340526
0,0,37.16740029493504,22.73436478707445,-4.567185739215844
0,0,17.21473474142736,13.413381311398279,0.40611020331279235
0,0,14.639310178157217,9.825263848914362,-0.04505078820201902
0,0,18.347040793856582,11.427946448786741,-1.771406473241342
0,0,17.582435601350276,11.34185112264953,-2.3675198574380403
0,0,16.57464646445733,10.716079269226162,-3.211979123513018
0,120,41.60024661036471,27.603415443410263,-74.27471409060526
1,120,139.99487002903123,1.2061830507870364,1.8904983114367298
0,0,59.79087555338841,44.28002798843374,-14.101877348032623
0,0,32.98980538341632,23.795902829390098,-6.797223510487413
0,0,207.0023621425589,113.29491209440535,-18.732980560008734
0,0,20.42667918755775,14.936555701765004,-0.8734060832609885
0,0,14.488504621934231,10.318811540193572,-0.23762397211481812
0,0,14.366894265433286,9.305031678422228,-0.6273583895938941
0,0,20.64999153383378,12.864283044731618,-3.523425259972157
0,0,61.0972276845233,38.630929163161674,-74.31486141160676
1,120,119.05816602564983,1.0579828766381882,1.1587585157049602
0,0,46.222090961890494,34.63721057524357,-15.025495042475619
0,0,125.07437186576736,87.70837863804957,-17.52054888692539
0,0,102.70636126919337,75.17019978011228,-15.799688869347591
0,0,45.88344833859782,27.61712081622425,-6.669599123847064
0,0,24.517277716969698,16.454307396823236,-2.0722859399903797
0,0,18.111512075164505,11.774913008178686,-0.7135571010508528
0,0,20.271521146504817,12.09349952748377,-2.5879294297202904
0,0,98.200668973235,55.04308774846393,-74.33547281549237
1,120,240.24171979452277,1.8176671446276067,4.222260054744041
0,0,70.51818155854548,51.68857940814953,-16.92773706659004
0,0,72.75790498774276,52.55673475276846,-12.006812336938971
0,0,113.2765733657047,72.04377995101224,-16.02021917977862
0,0,23.28045503726818,15.455304344546086,-3.1879064346778136
0,0,30.878290438726175,18.85556958229601,-2.4618038614785434
0,0,20.61826021887503,14.142456989749611,-0.6052757985212622
0,0,27.814598887705202,17.915121495571384,-3.134182121857066
0,120,45.11039555673836,31.59141688465082,-74.27103167464692
1,120,124.62222085034357,1.113482204807701,1.2945015020043655
0,0,64.37417536555006,47.11797846050713,-13.570862642948228
0,0,50.845450180364494,37.480875376278064,-9.952648414589191
0,0,112.63862318371133,82.06506740236631,-18.487619824774313
0,0,30.702393060242787,21.652839273119,-7.005430202974438
0,0,38.799540741472015,27.12647466845968,-7.256711270883301
0,0,41.50960094319459,24.62709255189828,-5.915776737042663
0,0,29.42265956811646,19.15738505328924,-3.3415186669960235
0,120,43.21835983018468,25.42874978829145,-74.09763803189983
1,120,157.32347717188065,1.4662649712211442,2.8760047155883797
0,0,100.60118891063344,72.61014095751133,-21.18452287367041
0,0,90.89198747737706,68.41510780008907,-15.86439619032248
0,0,63.19413813523706,46.745817289475326,-11.142564504618093
0,0,17.78437986687512,12.265922641365337,-3.4951558796208815
0,0,23.193872302082937,12.621550861125332,-2.7257790885466164
0,0,27.96676947876926,23.61094228616317,-65.749180715156
1,360,89.43631799972134,3.034522472577221,26.104325879180678
0,120,81.5075999912187,50.07709355765747,-74.2065215940099
1,120,131.7432573951465,1.3248112027369325,0.013802814249473272
0,0,54.419547102376924,38.141565076381966,-11.979046726104997
0,0,86.57463138244037,64.563475381891,-14.955167152505993
0,0,89.67122532881572,65.44215207973514,-15.035836889425923
0,0,58.57740462123069,41.56625991575551,-8.09127417214313
0,0,20.34953679433735,11.85534049767623,-17.10676259753332
0,240,28.99476848503309,16.100327541186633,-73.3989452953235
1,360,52.93526061147393,1.5522637905699346,23.044829515973404
0,0,73.51608118787301,48.593616565500014,-13.249665860129348
1,120,169.94806946184877,2.6374803369679283,3.904860278534926
0,0,81.58226969506369,56.09839581970809,-20.06136248976115
0,0,118.50153331313822,85.56964732082072,-18.234894062464583
0,0,173.222932362391,97.42372970810192,-24.444569465378557
0,0,55.32958871406467,41.59423420467353,-9.351143447542
0,240,28.666454165763493,2.9824563557950525,-24.825910499825497
0,240,26.372960313627996,33.51223164705068,-74.38878666089165
1,360,62.32825195360025,1.0575714019828135,14.53010880770708
0,0,58.63989288284413,35.30620972115925,-31.591485156624984
1,120,779.574534098063,13.101509410394126,12.248132815539776
0,0,32.39205800533475,21.570692976586805,-3.5972920267162323
0,0,33.72504164449354,23.452561262211393,-6.396110563332343
0,0,155.69767195775086,102.53205802767602,-20.349780946879648
0,0,31.229548373910326,21.36449107789971,-4.216062549038355
0,0,18.751977230440826,6.75531810176834,-24.448145812612985
0,240,26.120955578443436,28.547891455800514,-74.32604728717305
1,240,69.18654732756629,0.9199838926828932,8.414696591911394
0,0,44.32796310112922,27.746499084753662,-35.965108021260264
1,120,584.6048042474307,5.3198630988578355,12.018746986403713
0,120,252.51278920260748,88.04896166082348,-74.13736624970979
0,0,168.96955365798527,101.90750554104649,-16.159501042852483
0,0,91.99394287635008,51.027041575394094,-11.871785452763334
0,0,23.322957718063737,15.545571299887882,-2.431444462138117
0,0,21.91411307192594,7.945744834380168,-21.928969318714714
0,240,27.204927447698818,29.266721917138756,-74.33177467299984
1,360,58.33549654779315,0.9568759900050231,14.461721054886752
0,0,52.094252074913705,33.68692443153292,-45.30042555768061
1,120,757.8645199325155,8.006352506366696,12.8746055990769
0,0,453.76271619711264,165.29332196799083,-74.3088491592102
1,120,531.5986978680975,21.956889193257275,-11.358302759558057
0,0,211.91192826212085,91.34070818492515,-31.271745558360294
0,0,46.11758720363353,35.00110456621036,-12.942532989950621
0,240,42.11569479693738,2.026272907661316,-5.213355494541176
0,240,25.074919727969853,39.360506395041156,-74.43402661422495
1,360,44.2271472349816,1.0404255973830776,25.103248417221423
0,0,37.440341079641634,24.21318972937256,-25.181013885528138
1,120,723.0424645909382,7.622913425242791,10.958757634610777
0,0,353.5667100727856,178.36316447205888,-74.41099532444937
1,120,591.7382685841873,10.307125765645297,5.6228975214620505
0,0,44.18893729001621,28.02005145089272,-6.080126337833022
0,0,26.89220853658652,16.7120791419827,-2.5294921657128526
1,240,75.31177211189319,1.297684342041319,5.901444594072018
0,120,41.03669772132501,46.062681660128774,-74.45441335798299
1,360,48.095345279775664,1.0122415646967884,20.160087051273422
0,0,44.41310818345828,27.9817643197668,-27.783370637163983
1,120,805.5295290162937,7.9872138718075245,16.11185349758864
0,0,313.9012868265383,91.13799039262878,-74.16777437365874
0,0,97.33160598324079,12.825494360077556,-40.571118515213236
0,0,46.699836610388196,34.975336549272875,-7.942949438064403
0,0,36.24059219469436,21.986400546498906,-4.175128153218964
1,360,75.08778506152737,2.2735495395800114,16.01219040085097
0,120,40.568920044420956,44.31070446742755,-74.43464746266642
1,240,68.2458884899618,1.0104379620077149,7.80493563351861
0,0,40.18441960419137,24.69931907766739,-27.573227970912107
1,120,858.2949627476617,9.32913512936673,12.72054372123911
0,0,352.30019305941005,178.3955118569077,-74.4457934445529
1,120,169.8812094118824,1.8130825438557814,2.4954963580295413
0,0,20.821575953748614,15.700709132205427,-4.574962941350776
0,0,17.9331769374902,12.424661515306294,-3.14847085725701
1,360,99.13687145467146,2.646607977193938,19.47299539028201
0,240,36.66409678197868,41.74253062144989,-74.1255169323276
1,360,48.390619321383696,1.3193634121413025,26.12048813757886
0,0,30.48627081667844,18.254321019568227,-8.786592680789042
1,120,796.9447338984806,7.669879123035461,14.412359968959692
0,0,346.26096271242443,136.32421008004331,-74.36962842454477
0,120,126.26680747314188,3.527218156844788,-7.331539779433157
0,0,16.386223857189822,12.824777251240969,-3.466411873443377
0,0,20.84954400093676,14.104637599554433,-3.882109156293666
1,240,78.29750132957375,1.4401317958424373,11.404039927295557
0,0,151.93393354887547,93.31755042122167,-32.91017472739982
1,360,81.3378760632354,2.32269333218872,19.129999126532454
0,0,43.04726075599112,24.39467321049989,-18.870547108693103
1,120,809.554368715766,9.287015903868479,12.774984136183619
0,0,350.9848179100934,163.77873175078977,-74.42048943476941
1,120,122.13331651561275,2.3733493579948193,-2.3861634929627797
0,0,26.711556976151613,20.33615559737552,-6.955557020761191
0,0,16.70107902484801,11.207253034396041,-3.247601040786293
1,240,83.1657101107051,1.098852356837116,3.52758270730196
0,0,73.8423291109657,54.8349937531805,-21.40449529058641
0,0,49.733089263276376,29.25889430083998,-6.285576869820417
0,0,76.8206898981506,37.69450336666978,-8.181973502180313
1,120,811.2679626756611,10.103807799745027,13.643957409844518
0,0,322.4233105644006,159.87743426243966,-74.43702268975298
1,120,127.72663915804364,1.9601557194781707,0.6565627577179924
0,0,15.912713953168653,12.769323182641937,-4.917980022022533
0,0,18.319655529220107,13.415105753865827,-4.144252494207905
1,360,53.716483379641424,1.247514548430165,22.16626380456151
0,0,133.75047080896354,110.54752584675926,-46.499265862257815
0,0,107.7796065563919,80.58985195484097,-17.456041408403642
0,0,35.48247482434851,22.42203923372181,-4.546443757933076
1,120,726.6543192039485,10.921635206417038,15.758082394906964
0,0,101.35853414005909,49.971355930145606,-74.10882114271865
0,0,16.538149936962483,8.640303486216009,1.971509445880784
0,0,15.443630990423303,11.798735391907275,-3.621398022626977
0,0,39.42302615022695,28.76860882078104,-8.132445880875636
1,360,46.794593008743,1.222200007733893,27.255734826519017
0,0,81.41256047452649,65.80575584590754,-19.999565374510198
0,0,63.82139600391641,50.88969480474339,-12.106283917992378
0,0,30.810327330302357,21.862483012450067,-7.10730405685004
1,360,84.55968920569826,3.060679686599394,31.18611962022983
0,0,31.89347558257619,21.16489954200489,-2.7526079378814643
0,0,24.64057575291051,15.975343501461378,-3.166115280516024
0,0,27.93763954333928,19.913868659552097,-6.757608907535655
0,0,41.91388289842743,29.412262607226772,-9.244910530157142
1,240,57.95498550231794,1.0630114438582052,14.424233941384117
0,0,56.67455524493267,46.25349741813931,-23.41542246552116
0,0,52.687565157996396,40.97527770291419,-10.107622073619467
0,0,21.36692253980994,14.70664412800733,-4.2209670159093235
1,360,60.94956860255013,1.2991812539055112,17.20654882207792
0,0,62.06034846918259,49.9793526094314,-72.24019473994733
0,0,55.43266585005002,37.648447791290536,-6.646642222041919
0,0,18.595631563115397,13.787536016818628,-3.4792850581335415
0,0,20.094461879779608,13.909214875147748,-5.700704623613177
1,240,70.03904973325294,1.0756503990494146,7.847618650803028
0,0,111.70161914646246,87.89872101969647,-27.84455989828662
0,0,68.2483666946295,53.55726641621987,-13.489464313751206
0,0,43.73624577594828,31.46472671761494,-9.110658035487447
1,360,51.89584495017569,1.2158983610002,22.535680905970736
0,0,57.35769037820392,42.79000825867881,-11.780199321840307
0,0,59.04393584207786,34.382739784905574,-7.50167232121143
0,0,135.54076410026536,90.50097232842339,-16.664623660101157
0,0,50.845034695012195,33.606673049313514,-8.710411072296012
1,240,82.11515723584834,1.4111324745119975,11.01977619697135
0,0,194.83871592078182,146.70400123079483,-67.48312625003042
0,0,105.90197309643072,83.75455327963402,-22.928610413041994
0,0,38.73181662904731,28.494394291276176,-17.5827623406204
1,240,65.66948220466453,1.0251791097780845,9.250929010331873
0,0,56.02628411263927,43.74662299353671,-17.330631942285663
0,0,61.30581236196187,45.3140594827621,-9.561111251647375
0,0,38.30320120424356,23.386274482719397,-4.576445106211608
0,0,26.069457455927534,16.503577986672205,-0.899160779410181
1,240,77.84252648449893,1.4397953428875503,14.76146808106796
0,0,170.56241419285314,110.65266048295076,-74.18879975782144
0,0,49.18545383091588,34.31824225535948,-11.58399150331092
0,0,21.91915588750716,15.203849919668068,-5.086717830013228
1,240,57.36075688071558,0.9717219216058862,12.237291362456602
0,0,38.416466923514044,31.640481781198922,-23.391820239127732
0,0,12.756608164584158,9.564254547553569,-2.5753643354787386
0,0,17.33799784718369,12.292638819888328,-3.270707824431298
0,0,70.90723763020425,40.764704117154544,-8.60745057508143
1,360,88.73397126498317,3.0358605356765307,24.356512110734812
0,0,185.00955320341833,142.99291087370202,-51.68972393720509
0,0,100.00713310152275,82.26064510117776,-21.02791300455501
0,0,22.022670570013958,14.998696211500464,-4.886871213482806
1,240,59.74043636699164,0.9539911766818074,9.439580286101673
0,0,25.969967098359593,19.852883413561237,-6.742762278620688
0,0,18.444212890233153,12.89806887382827,-3.3104348387629443
0,0,23.55255565911636,14.872121570839045,-3.329861190562511
0,0,15.89930811604935,11.368975870057806,-1.1963931213893062
0,0,49.2204465220471,29.08837455442055,-5.707565881171192
0,0,139.51531904152486,96.29467072648907,-16.81114981210156
0,0,55.97659868285508,44.45522796187702,-10.154564233186562
0,0,20.088799513031464,13.756248093355117,-3.6567118494516393
1,360,50.70689868438818,1.081787913799881,19.41221830421898
0,0,38.48525732578093,30.318017560157767,-9.659691868430514
0,0,16.49468024158591,11.85081806277359,-3.5048648921362258
0,0,13.885006632427931,10.022789998651156,-3.73962148720058
0,0,13.315075630996622,9.758078922303852,-3.483656611796107
0,0,15.774120173284803,10.963119036855758,-1.8907290713072484
0,0,27.614463638050545,17.857065265830553,-3.2226956750629796
0,0,23.460729719396802,17.381551664262016,-2.9579876923333615
0,0,17.325963479413122,12.093360050519482,-3.1457063699884884
1,240,76.67262268454819,1.1053530928487467,6.795406501145038
0,0,84.88059832585698,64.33882448474593,-21.761630407896043
0,0,28.213536524711785,20.47066070098615,-6.004935614836853
0,0,16.894790797418896,12.092480922987006,-5.160380590919729
0,0,47.20766266302003,35.03479881952238,-8.912360197968908
0,0,16.379484170014923,12.235292654692959,-4.625331566312454
0,0,16.844331388283738,11.598385185858225,-3.773894467915113
1,240,110.24452304653514,2.4181956046950717,13.301560673454404
0,0,35.33569451227976,22.647659425325763,-4.288905123210071
1,360,56.450980003057616,1.4900681592564164,25.708954239169117
0,0,88.30733766854127,69.32219835061748,-25.603947130536085
0,0,37.96319814218672,28.241332359163295,-7.511880939859637
0,0,18.28309097978705,12.873711123974134,-5.0418448725130816
0,0,24.93345615766592,17.453521777834155,-5.5607899261043485
0,0,13.752313296075954,10.243534131937961,-4.3842299733607035
0,0,16.139988117737623,10.97846432064379,-4.813158491963023
1,240,81.67605172511442,1.1865755305998167,4.677617737774909
0,0,38.38395979077357,24.902470798297095,-5.201456541810103
1,360,87.08923756772387,3.087872411417032,25.022495412612685
0,0,90.60703070920752,69.46568210769682,-26.06171957654248
0,0,62.68798873146052,48.453604235087376,-11.96883810745679
0,0,39.45423167398766,29.702309885465557,-9.038673118510488
0,0,39.864135550491866,29.820932930304387,-8.534058434163569
0,0,17.936914467230128,13.357563757377166,-5.293138430575269
0,0,13.83214439428634,10.79964851256573,-7.222892099072794
1,240,58.82961158379912,1.0091011316593521,9.937937403634464
0,0,21.94228886179024,17.40350449312587,-4.356768289590889
0,0,168.3393101777478,95.59908924358179,-15.05219066350837
0,0,44.59385901915436,29.337979148448984,-6.0599755571408025
0,0,28.50140904407046,20.419397985606857,-4.770487964831915
0,0,15.779061875174092,11.278258784513081,-4.044805893461131
0,0,62.33130374866581,44.85766267845025,-10.40353462273093
0,0,24.062681588631936,17.861584883016743,-6.450351135823709
0,0,16.90303615938819,12.26226242769647,-6.155092238069415
1,240,52.359464096695234,0.9645130582288537,13.767826423719498
0,0,19.594840743640294,15.761344981356457,-5.435184780917652
0,0,102.9507475472986,73.73849551001162,-13.86357354942492
0,0,110.09641906431747,64.97518883873487,-12.373111063402234
0,0,34.046050039913425,21.444343753241405,-2.4088539381637304
0,0,33.462682867255225,14.304657428349692,-3.246118875925461
0,0,32.2548816555687,22.705331036771135,-6.238863696397544
0,0,17.289722493794244,12.43303858631287,-4.542505196252321
0,0,29.090940475074927,19.77418036653124,-6.91062577587887
1,240,66.2570299688764,0.9249246704247572,5.904317329335996
0,0,20.660165409672814,16.071251525136564,-6.173427783145556
0,0,95.08391847198085,71.34099638485814,-15.854916163951366
0,0,142.92426972815232,104.03950251595926,-21.034532785815472
0,0,35.76957152592545,22.00913247396125,-4.125309095003445
0,0,32.740959072281534,21.944467290286372,-3.6425313620471655
0,0,24.075822691721456,16.665764336690035,-3.909978851738643
0,0,48.96577238539556,36.75532184348953,-9.319156164885314
0,0,17.37792856334267,13.097122225881096,-8.855446732666707
1,240,55.20441731717698,0.935202379230662,10.994079788204331
0,0,15.45403099324611,14.434917642128031,-8.864960066113355
0,0,113.32409312405082,93.441496132435,-21.270892283889438
0,0,70.77535596103387,57.55052289864013,-14.09095679064508
0,0,18.168417022552582,12.668317909908259,-2.7930344007991152
1,360,92.44940306714616,2.776572154637723,23.09769617159941
0,0,28.2912157397148,19.914992928415746,-3.625603040911912
0,0,15.145568049348734,11.882787873618058,-2.8589157961862384
0,0,15.545882670996344,12.587832657223485,-17.12267921624951
1,240,54.22427634051953,0.9616501702617665,12.758397212572504
0,0,17.286569585036755,14.741874036784733,-6.7746371498974725
0,0,136.79069111444116,108.67936856938155,-24.25604309114197
0,0,88.52596385480399,72.78813047024035,-17.428117588960937
0,0,16.850050746385516,12.066267706850384,-2.3029540915341187
1,360,54.05376924103146,1.3804699079931622,25.074845808568043
0,240,50.58244795235935,39.535275257867546,-73.98640488980189
0,0,29.610949808369078,21.108387420878792,-4.139789346087639
0,0,23.50896278887871,16.560821305217143,-4.781013000697612
1,360,50.421162421575396,1.1062920968557906,18.496423609139768
0,0,16.860952640806453,14.438520092609668,-6.013612108010932
0,0,138.2045032004989,108.65988124241167,-24.338307404302626
0,0,71.40404780570788,56.48334097027465,-14.184025086428939
0,0,16.057749594443898,11.55862720674528,-3.694290557411975
1,240,56.072664043912695,1.0256375170230836,13.126815101716005
0,240,31.772311964750504,14.042606980760533,-73.72695962016377
0,0,25.158397353597426,16.17836560713437,-2.6371489605763685
0,0,38.62545973258187,23.023462494869506,-4.829395691281135
1,360,52.112588583337725,1.4170062686134488,23.231016068154418
0,0,16.573909253721617,14.108865583088026,-4.771408072793278
0,0,121.02019816505053,98.62882195040815,-22.229386649790854
0,0,72.17169560112592,57.13345578054079,-14.547167967486274
0,0,19.5563035579992,13.360608300001655,-5.287963343715674
1,240,79.10991859091737,0.9629774908171096,4.974616930225366
0,120,38.23078541651325,27.447897219371935,-74.27418615394234
0,0,19.955057351929547,13.714374009188038,-4.863268987089384
1,360,80.79821574352212,3.343948243488005,34.25593285008077
1,240,93.90045440672678,2.1011239601965497,11.128265668722975
0,0,23.742619985054677,18.67210242878771,-9.950829015588681
0,0,147.99132318054313,115.0483770413923,-25.45185869692311
0,0,90.17529362896924,70.99134595054734,-17.203361443322756
0,0,25.49353960471852,18.162733964069492,-7.148463275429236
1,240,56.07186984182334,0.9552879426243932,11.371990193872264
0,0,25.004871839061494,23.53256891195785,-67.1085501948763
0,0,18.114471948691946,13.267161551645756,-4.452684340332084
1,360,47.83663394916992,1.5360767139923943,30.938248364177767
0,0,44.747636398704735,31.907308258171245,-10.072224979105982
0,0,31.986794328074808,23.01440917191487,-5.222065294790795
0,0,118.14054640235953,85.7736668981171,-16.707194266005686
0,0,115.83697059592313,90.86388293634903,-20.58594892926935
0,0,19.89873702552391,14.149585812368729,-4.949388594241981
1,240,50.21270643429019,0.963933401122855,13.290669259757948
0,0,16.588515586128757,14.281221071774787,-11.218242343593808
0,0,13.388035594232596,10.157215501772068,-2.7137802145889793
1,360,47.66864549982632,1.0818259529719594,21.457697406625797
0,0,34.98131124479956,20.791964907807493,-8.63024510489339
1,120,689.2010429254626,10.303757890058142,11.758876856393996
0,0,249.4034291930181,144.17622780328077,-26.442448593476655
0,0,75.52223566557092,59.98881692256024,-13.19084972813782
0,0,17.692767185123994,12.908769152048073,-4.208118811525807
1,360,45.43641551441651,1.0133117686260467,18.389999176070646
0,0,14.5258799193335,13.572141318212612,-19.674059488795365
0,0,14.588829627068293,10.900648149866507,-1.957701273417797
1,360,42.712500898468605,1.0945983974799989,26.125684041360657
0,0,28.130786917666118,17.200792336262403,-5.601478682241762
1,120,679.6865018950506,8.169327112561481,13.257362184233614
0,0,42.135891797292935,26.604064403151508,-5.208900673189802
0,0,25.356622473689963,17.565524597873136,-1.8679969922618938
0,0,22.637408725201475,14.936457081689246,-2.7630663595961096
1,240,71.1037658787031,1.043849915352876,6.555420695223361
0,0,55.366508080634866,46.38860692192852,-72.67345174720441
0,0,17.286512593683124,12.530301931600624,-5.741868005576805
1,360,43.16282819057611,1.1694397641149348,28.864208444508847
0,0,62.68913591225625,42.890279516277204,-57.062267630659434
1,120,793.1227392956068,8.283610874066936,14.104827413874673
0,0,31.021460072777597,21.985728521125523,-5.257828767135038
0,0,33.384560590438475,20.481918887063102,-3.2743049885879287
0,0,26.681656738232196,17.63525744458378,-2.7852821789708315
1,360,47.26301781327542,1.2516705921406361,22.330842391496105
0,0,14.130290064745216,15.28625121953901,-53.912192675563745
0,0,14.814341655751518,11.304956647879147,-3.4644217756808047
1,360,41.69615754323828,1.080227339154641,27.214084328575836
0,0,31.675937747324806,19.746354007726854,-8.79745911417885
1,120,787.408308188273,8.227205826165948,13.517840168371634
0,0,30.85294950909747,22.49574787834375,-5.537474973237309
0,0,16.82193010944409,11.69875435910326,-3.3089526739021125
1,240,113.88933704625343,2.3912589398598496,12.172151049499888
1,360,71.7040723524059,2.1806955683223332,20.083114399736687
0,0,24.86669170609918,18.52501763008496,-3.992313942434791
0,0,23.689904821374075,17.41339045129155,-3.5625860540198886
1,360,41.0688959976974,1.1365463586502578,29.234349974810726
0,0,27.17080065745668,17.06015588165604,-6.135736663805332
1,120,667.6572229008347,6.440505913648359,12.301940396049332
0,0,15.403439217096063,12.584044237456132,-3.303082301840945
0,0,11.793343063110012,11.34113894481673,-22.402770794817194
1,360,59.93034258788439,1.2434290356845892,21.00835165072705
0,240,52.76567640422857,34.57718194398757,-73.85141319923535
0,0,27.07094812902855,20.010951670987037,-3.5285961834473056
0,0,31.010631715587156,23.19038119966552,-7.130785545094696
1,360,42.97130047375094,1.2740260902959564,31.668739144577373
0,0,34.30099258745627,21.43027630386356,-11.965215962993518
1,120,796.4262081788117,8.377267542298377,13.95369655868302
0,0,19.519886083027135,14.53396178421234,-3.2897761251689843
0,0,13.708732375638258,10.538155268404607,-7.242897161309585
1,240,73.96538631247662,1.0765540054935523,7.870325749541749
0,120,70.11388121900502,19.52331625324955,-73.72862972280036
0,0,97.21757179991162,51.25866350303707,-10.844004043002435
0,0,27.05470559324289,18.620201500632437,-2.506843354356306
1,360,45.46798872432969,1.4299787709894558,31.9370526182325
0,0,34.72668490734783,21.33710569171979,-12.86778774908958
1,120,783.0703175464594,8.127859483992351,14.04254318264418
0,0,26.42318624205633,19.15502239804571,-5.7890682949792165
0,0,20.02608144757273,17.27998566595474,-70.85092409338658
1,240,73.08707969260917,0.9549191739839675,9.442502981978933
0,0,87.11895396256705,49.164040719120344,-74.32873166181753
0,0,31.960126051435665,21.716089963135857,-10.874967133086741
1,360,83.77865028060701,3.1087175255013824,32.59709893389815
1,360,62.82166470905499,2.5663379276030502,31.70179641703527
0,0,27.24017016541372,16.67937249828649,-6.842533623353816
1,120,664.7235580423447,6.772416709617535,12.89639675323869
0,0,19.27206745468852,14.478187904796206,-4.344344750420319
0,0,13.393033368260138,10.351904915472577,-4.545744309347057
1,240,50.210816527466456,0.940937753011495,13.722620395464105
0,0,19.256240404255156,19.54823613753551,-65.57926675106084
0,0,14.495234197739938,11.451044679387618,-4.044381228248199
1,360,42.679019397424064,1.5192524812825425,34.37544696383094
0,0,25.562471566154112,20.91492441826325,-0.5012827819654149
0,0,140.91886533020548,70.0978311578762,-17.120056284051962
1,120,811.1540093832855,10.473425981680483,16.000466310266404
0,0,23.830381154358605,17.485980462482743,-5.377317900578575
0,0,14.47198632153421,17.12456324427572,-70.93474603275105
1,240,61.80666708514274,0.9931517118536621,10.31688865541254
0,0,71.27015857014497,59.20163147785552,-42.101376711410836
0,0,38.710060639405256,29.393707944401914,-7.411451780384908
1,360,39.87447856196104,1.2799879380364776,33.07395633417998
0,0,22.309326048207936,16.936052378321484,-8.048466253325472
1,360,87.26744033838328,2.7127811674915323,25.170928394686854
1,120,550.9084568302765,8.099949298123569,13.452683201877164
0,0,19.0997200860073,14.238135369534103,-6.211081432025807
0,0,20.94461477095193,20.617765223704048,-73.43338259961767
1,240,84.86374359262744,0.9768859153227931,1.7664794157218893
0,0,70.61144882798274,52.78875116071447,-17.97689329206868
0,0,29.50215331428195,21.33967544912241,-7.231206377800547
1,240,55.204354810531065,0.9947948808123498,11.887000849167222
0,0,39.67013698272205,29.61431823615733,-33.0907615275083
1,360,64.63645325183482,1.2330220641365295,16.415014499011093
0,240,54.10444742342734,40.67690970799784,-74.0937508945222
0,0,29.198132019106495,19.532165291761544,-3.891193661142921
0,120,38.369009671813856,19.84761991923218,-73.81606378848429
1,240,52.74300119920533,1.1932951679581756,7.814686279878359
0,0,50.36217820899506,40.14070108523282,-12.44263958355927
0,0,18.25606053228772,13.32639558686279,-3.200288340003979
1,360,42.784795349768594,0.9999974420231694,21.616205779046084
0,0,19.81962751138776,14.930551148009535,-12.344242155691518
1,360,55.608824285701665,1.0041912607448016,15.669851951843015
0,240,31.7482027837326,26.2029878259073,-74.26184370318903
1,360,65.41966887894874,3.5236142975049254,14.821770541304758
0,240,39.1316238438045,37.1386299007985,-74.11091932584448
1,240,67.15353705329147,1.2628175664714412,10.808984042746758
0,0,64.3870517346098,50.54409624668804,-17.216580188921476
0,0,18.558548576207347,14.12565353769858,-3.344116618886929
1,360,36.95809127577609,1.1046900489465485,31.366510741269607
0,0,18.36507763806633,13.930112469200983,-7.572753783764796
1,360,51.02489573021928,0.9741706933084265,15.87870396891833
0,240,27.98608954765115,30.96030757184158,-74.39784571380088
1,240,49.20509194831967,1.3064790514580047,16.953148591488812
0,240,70.64955582082544,28.5691173138202,-73.70009369068624
1,360,70.44048212080408,2.5266871978224925,26.42547270138627
0,0,66.25394140519559,51.68909223254347,-15.962760311114707
0,0,25.354686606097175,19.071233372823023,-4.63192636726626
1,360,39.20943726425317,1.1370014198569722,30.206008962313135
0,0,21.740236128850416,15.879739791162818,-13.398631755411913
1,240,71.28582200024047,0.8924875589177415,7.745657365854186
0,120,31.47758209864814,19.81021473335519,-74.21833968600879
0,120,22.218143559255207,15.52858328740936,-73.2587647917393
1,360,49.521511620556645,1.3069473207105797,24.78981218299971
0,0,30.946249870288465,22.69218779838897,-3.4595589426542546
0,0,52.908713671265104,37.59579875941772,-8.202136773025856
0,0,32.54511104316475,23.23420796133262,-4.0197922797423615
1,360,40.55248815026677,1.2954785103289732,30.8926759580916
0,0,20.5066876943367,15.95443463654234,-19.622208698972862
1,240,58.376350156194846,0.9892004809076681,13.810242984399736
0,120,37.82886400637931,31.47820949082936,-74.379897607426
1,120,76.6541427785247,2.030165054615494,-1.0229964862096494
0,0,66.30818982013201,53.25236695457185,-12.902722707930167
0,0,19.61579701590071,13.593361540799402,-0.8534301647152773
1,360,83.06383898529987,3.266614254438272,33.11672261915322
0,0,38.5650305134223,25.10850222513895,-5.82516483807872
1,360,47.122550672444696,1.4419390087307127,29.013932075759598
0,0,36.970750710005866,27.910033712092936,-42.26078437487028
1,240,69.48889565074798,0.974112313745723,10.87688884297198
0,120,39.361762283501264,25.46344714865976,-74.29168502137813
0,120,68.24213073748348,2.7549630871808,-8.973953307382274
0,0,103.19764144496374,83.99812232502603,-24.334930899521346
0,0,29.581492632263398,22.265619340419406,-5.982370071169115
1,360,47.59441334250277,1.6161093709723489,34.645625633715426
0,360,49.290203938895004,48.44412543694876,-73.92707529541366
1,360,63.66020239467058,2.61541251005145,31.955454777459693
0,0,51.12150894364409,38.32215252367812,-66.75540984493738
1,120,119.85042673211468,1.129058541344651,6.533587907217168
0,120,53.61604623023086,23.642858560395084,-74.1888855300462
0,0,87.68572745916397,11.45974508335686,-43.419125357302114
0,0,126.05046094102451,102.98025527711766,-25.964009107107415
0,0,38.443811742673745,28.748741102090367,-7.000854643474284
1,360,44.417954286947925,1.380080534801194,33.74181315905609
0,240,35.889999771446185,28.7363825977396,-74.00035736685537
0,0,167.7161998088684,99.46745326206143,-22.222425471006268
0,0,38.50418213204891,24.650459874420154,-4.662793699508441
0,120,47.29902164132594,4.336920325917964,-51.53192750352413
0,120,40.42570996489276,3.4130435818517806,-46.48929663821494
0,0,41.12469972505881,33.207861916095304,-9.70894886974655
0,0,27.040853017448324,21.24986355498733,-6.146744652266122
0,0,14.648909544383004,11.38132944340479,-2.9459804916068464
1,360,38.248015189618314,1.225495855444288,34.150790739419335
0,240,20.006526059553252,27.36301914674123,-74.16483043801556
0,0,20.557444929255364,15.543407293654095,-6.670040442597752
0,0,71.02417653413798,43.24500465791489,-8.660342211014068
1,360,79.45211673930449,2.7236110606680457,23.478254489771516
0,0,50.51793374004577,38.88033933475504,-15.116302620508264
0,0,57.48577017255769,46.44041627429916,-12.343642628332077
0,0,83.74827940441241,69.21393041373331,-16.731325242223065
0,0,34.34072842995444,25.46611552613814,-5.712045682829213
1,360,39.38793050697304,1.235026781337239,34.68738437965406
0,240,19.46430112892645,29.591522910074854,-74.22793020469977
0,0,18.46111358423175,12.584920547272157,-2.833893855698591
0,0,107.8897873888431,81.53484642705806,-16.467166826239605
0,0,83.88892671145786,49.93451710527512,-10.35784564188043
0,0,73.38437600805581,49.88922513105389,-10.990130510096556
0,0,86.60078857532757,68.07980517794292,-14.381381999063919
0,0,73.79289003090366,59.05346467603588,-14.225367493923514
0,0,30.74289368993811,23.599078291049416,-9.914145435283075
1,360,40.37401696871604,1.2128576046821913,33.70908895735343
0,240,23.890494163427043,22.281507034624106,-74.1547121127674
0,0,54.10595125979097,36.77880751010232,-9.461468971831906
0,0,145.42934489986908,112.1036604753027,-24.711925360612355
0,0,145.66562002145068,85.2981659762726,-21.951901240213218
1,120,554.7679260058106,8.308403961112633,8.53194582452592
0,0,36.91003837250889,24.85155747975763,-6.196322234184095
0,0,27.789910600997146,21.537048033312665,-5.412739975398694
0,0,36.62427637166544,28.158950783307507,-10.813219978449077
1,360,39.932889184143505,1.2303163519151825,34.579061443280054
0,240,22.79473059926173,19.23434534269476,-74.0821140073258
0,0,27.97952451139868,20.217624128321322,-7.024098818805825
0,0,72.37653355667076,54.285426336724875,-13.117928049661742
0,0,82.17110436080921,48.55748216974208,-13.14531062912718
1,120,510.72230174744533,5.577824687663134,10.793654461236684
0,0,41.44308284135001,25.673059893109876,-5.120520348285993
0,0,26.197673294157724,20.21073903817515,-3.5559829262971903
0,0,30.31176513028218,24.598208140566825,-8.542068785827169
1,360,38.51733426572301,1.564437030064102,32.25760823984753
0,240,26.30661502427508,12.136324590952807,-72.91195304636152
0,0,60.73560835356234,47.06652414040922,-13.104026509014773
0,0,89.12935153846455,70.34492798426392,-17.070886713809173
0,0,120.54689784213626,75.93473078455705,-19.32791154302432
1,120,553.2412342709425,5.555306906651008,10.086461980166334
0,0,20.95524825448156,15.922512726877525,-3.949630925150359
1,360,79.94583099740426,3.396638836678459,35.32079336166912
0,0,54.2196251106907,38.01474529438938,-14.008101276893868
1,360,47.14043125003965,1.6099288860460164,35.88687209051176
0,120,32.21492152451752,30.44501767600317,-74.22392961509615
0,0,130.07690375212155,102.62911145308823,-28.55838465077074
0,0,111.72961477011205,88.34007685359691,-20.752105438906916
0,0,73.50315334275193,43.93028456948008,-9.498814530263559
1,120,672.8921324355541,7.005732789276217,11.261618872353523
0,0,22.521172101818976,16.140725141933785,-4.890297678877374
1,360,47.283814142059505,1.5264094810661626,33.55752511017997
0,360,48.51048133022962,44.330541191237266,-73.89148987280711
1,360,65.38876118097154,2.761033681165573,33.284323823191656
0,0,41.01926939769761,36.178518379825846,-56.80258693464177
0,0,119.42456527659299,96.19614081765694,-23.476212041737504
0,0,92.15237883945234,72.17555891395726,-17.9010863881753
0,0,160.79730240325114,101.57545456368392,-28.433299928639116
1,120,674.945939038613,6.700509290236416,11.282943727457976
0,0,27.552431307266183,19.929350602587963,-9.368009317910634
1,360,41.637151269488804,1.2467594884751387,33.595586770735395
0,240,27.66857784754132,30.01806600859637,-74.27233178901781
1,360,56.15882026316106,4.47730459490203,27.56887129706101
0,0,53.7022576024021,35.502700360100576,-6.73180425077318
0,0,52.27850695964289,34.84886898183657,-7.255378987862329
0,0,34.86134628383094,24.24031870335551,-7.556375029375701
0,0,106.35846280845375,64.27761804801372,-15.570419614975862
1,120,686.94686207675,7.094838845440514,11.85555064310337
0,0,25.87707303036709,18.813625055217674,-6.861631067782582
1,360,39.15268122975685,1.3117193876799853,32.817858230473405
0,240,26.042654973842737,48.10895242975931,-74.43739192991055
1,360,69.05806307844479,1.849244764563659,22.759845851018355
0,0,256.5814865063471,153.47513165285284,-69.4397561263608
0,0,73.99972084539492,46.67267782357634,-10.050800202774951
0,0,128.75026269909299,95.36680797028946,-18.48601275838027
0,0,132.31792143657555,79.255172932988,-21.366433630030983
1,120,799.7381485509698,8.770081870481356,13.219683555046714
0,0,23.36027602410937,17.093289409394462,-7.268114780865943
1,360,41.04709956257858,1.2588808643758937,32.896288066564324
0,120,39.61919406629639,46.753318050665875,-74.44791460760926
1,120,433.88024928383584,4.164485941170596,8.589050805512386
0,0,262.03415448800956,163.6154056344678,-68.30780527662839
0,0,108.47056972784938,46.61660526621648,-14.574371521420765
0,0,77.94158113397619,50.520788096211625,-8.904058409394466
0,0,99.04703837389833,58.61940672774156,-11.793834405883082
1,120,580.7492178376666,5.980005105326725,10.967625643469134
0,0,22.855222325067217,16.18769506630113,-4.397960815245611
1,360,42.56701484165657,1.197702604808192,35.44278885254586
0,120,47.93522163723353,30.839348640065495,-74.28929738545436
0,120,493.21870541090914,26.550891276018948,-20.335737851161703
0,0,52.25104080405287,42.70880448829922,-9.863231406959684
0,0,13.514083003378556,11.183123519574375,0.12041876300284571
0,0,23.423850798303377,19.12470517789931,0.9743039314512174
0,0,162.92330785921038,81.47920779803154,-24.5355102717133
1,120,682.7042933452271,8.078609322587644,13.480711105930894
0,0,27.358940146386782,19.000776372984667,-6.7746496400507965
1,360,41.399298774313074,1.2949714094215683,33.59789328571546
0,240,38.285044862034255,47.43535477059684,-74.43686706699629
1,120,581.4882375892528,6.474537588505295,14.450821314421418
0,0,330.3676258194913,146.66630018469058,-74.29260516186594
0,0,24.249570944643615,10.159886696966899,4.493163153521181
0,0,23.387400231577587,14.655878739581505,-2.6148415467439463
0,0,79.58418960527416,41.31653134220327,-8.946104428859499
1,120,607.092665822266,10.351916890767491,12.383601018466095
0,0,23.66218680076961,15.900527494274494,-3.826011714341817
1,360,44.21070431024284,1.2939761391391587,35.58456041951517
0,240,41.873827168976604,30.481304228449417,-74.29133363823664
0,120,560.5698370025417,21.80701908184346,-8.760013634520618
0,0,240.4885254475113,159.80244919226578,-69.72560837739475
0,0,26.74414499984563,16.10755780159796,-3.353667422793521
0,0,22.43282631153261,14.691951145577532,-4.294334176520536
0,0,139.43110420516157,79.55118531695196,-23.557835193694316
1,120,569.1446898867919,8.252296182297147,9.499474734663309
0,0,27.329506869881012,21.250848346886688,-12.214694285439634
1,360,46.9349829354817,1.7248771003118935,29.961401799662454
0,120,58.66950632556461,14.007498233790491,-72.8749391275217
0,0,225.78702115666263,118.62499469861366,-48.80852451266399
0,0,172.54297771433866,134.0579883643067,-34.57815559919831
0,0,17.992826662006514,13.212290750351926,-4.532821164043625
0,0,14.033441532182822,9.978889271927239,-3.1340322400172056
0,0,37.71530413818685,21.86812830735813,-5.6432957155625445
1,120,687.7410053363155,7.920943998614231,13.566610053708146
0,0,36.957900078976806,24.01102984493334,-2.5555882593861696
1,360,93.5353420573173,3.343432953592167,30.513982836148855
0,0,240.15141607547446,143.71660189591694,-74.18049936788397
0,0,307.99421759019896,127.46042927558375,-39.57196870024994
0,0,219.21268979825444,141.40977125069944,-42.51499022034863
0,0,19.643180442106424,14.176169558218557,-5.3547357033730805
0,0,27.686158760922,19.665894114490133,-6.955494569994585
0,0,139.1819306533511,86.54822333769182,-22.509690670634733
1,120,544.3291690625329,5.201700046229508,9.546287829312746
0,0,48.46244313440852,33.685278885125975,-17.86404059342337
1,360,82.44717047781185,3.2744217945073424,34.96160985921475
0,0,309.4641385831247,185.48343250403374,-31.567758028698336
0,0,259.72505603556294,176.02040230666785,-33.73380041773434
0,0,188.05514172672213,134.931446651285,-30.126569197529456
0,0,16.48699192413762,12.211756269184068,-4.1201798053727
0,0,21.59880013500792,15.765750481026414,-6.332839609989435
0,0,141.38585615874322,90.1849597930956,-24.778689393500876
1,120,548.2820599356884,5.213810591532657,10.196924896142775
0,0,18.355865261516026,14.310836680525078,-4.016694721718608
1,360,43.6090704895296,1.5712909492220428,34.94317439291203
0,0,35.78341858642773,26.32244209709895,-5.065592817361932
0,0,287.56495724585085,166.46904233401972,-26.433709649535956
0,0,222.81001345451884,149.91631069273123,-29.388921559276554
0,0,22.20867564082893,15.925099390578849,-5.422557235909494
0,0,47.211067436791964,32.4791581763154,-9.496882719883146
0,0,165.6572897220131,106.2577666977127,-43.41880061331575
1,120,705.9359987139692,7.110361645364909,12.131574704742377
0,0,31.475545117363417,23.390368624721603,-11.082357802223427
1,360,37.20639708826673,1.2852492310245571,35.04810833435144
0,0,13.720928525315914,13.400956590710926,-2.9573631846672868
0,0,37.183071078753606,24.132676299523283,-4.259128597691316
0,0,169.6843208309541,116.16943370828646,-20.79543794416407
0,0,22.436992195640173,15.858078595951564,-3.67318219829842
0,0,16.711578302931986,12.380192314288541,-3.954252281879363
0,0,102.66657027377232,64.41413641002805,-17.490410146960315
1,120,557.4465049191582,5.2240350278869245,10.47962702642441
0,0,18.021202840823914,13.713258193473742,-5.032793674739338
1,360,38.692448472701614,1.1057230942401193,30.18380979647617
0,0,14.767470863464537,13.43981994485092,-7.181541364809334
0,0,46.41726612534824,33.8280103119131,-7.869786283290765
0,0,210.96621006305827,105.4005384574878,-20.77159424147309
0,0,21.086716276730407,14.65115483795267,-3.000612422235619
0,0,16.629918885328408,12.2513508207429,-2.090879614901837
0,0,86.72579451344664,55.97181272589732,-23.958498495329806
1,120,588.4841578900908,5.395656149223841,10.755076541010624
0,0,29.443327206747185,21.98335882159087,-15.120620050173102
1,360,36.9404423404572,1.140965066366075,33.516274297143084
0,0,11.982856779034993,12.514984824977097,-17.30724621188314
0,0,26.96437613616391,19.974505917561352,-6.266092230638677
0,0,144.47312558429178,96.83400419679741,-18.39826110452698
0,0,111.87421838015813,59.89889795520005,-14.517795290258256
0,0,150.82435969282312,91.26071321490272,-17.34885507598191
0,0,83.71334186620408,50.64943939389687,-11.527964838894555
1,120,514.8343860171773,4.837435525549515,9.993493605609046
0,0,22.80256415274025,17.296911688671358,-8.90663554436317
1,360,36.358310593271334,1.156456078926766,35.397216446459694
0,0,15.038716615008209,12.815509781836116,-5.020261887573312
0,0,21.315915278307592,14.842625715037888,-4.209367826857971
0,0,51.44143634177569,33.172939138410975,-8.826898405557927
0,0,66.12339075989716,43.36046622489655,-8.555262551119242
0,0,48.1748610871103,28.394556962011123,-7.228391929918743
0,0,87.86062105445109,43.8006837013511,-6.6771681567599614
1,120,695.4791810268816,8.459727309785661,14.287633297889954
0,0,20.472866083601122,15.855014329311924,-6.846655373949957
1,360,37.24364737237416,1.247451766185508,34.837915707486275
0,0,18.743538833241484,16.406249833906095,-8.325926682596474
0,0,88.99833760861401,68.80506285050417,-15.739665355868304
0,0,134.20031275534976,88.48075980052471,-20.59836414167105
0,0,22.326234095929582,14.367069847722602,-4.747243789500374
0,0,54.23485467112629,33.05198584206779,-14.704951911013907
1,120,390.69209854793866,4.937285886753149,6.461194978565032
1,120,662.2375290133264,10.421303158354755,13.205802831321947
0,0,30.533066233304165,21.41323898134716,-13.518487266686215
1,360,38.99692937556767,1.2454388599963648,34.51731845202683
0,0,14.517157484581368,13.099555324035881,-9.709989715856693
0,0,77.44532984142432,48.190807092638906,-13.108885178656884
0,0,138.7593121896942,106.69231492866935,-24.006410723471554
0,0,95.22569825237592,70.08466115118776,-16.298666331162018
0,0,108.19412121724815,63.001603882654834,-14.8318102349172
1,120,541.393268672236,5.913731005558757,11.112536402306617
0,0,41.01543075426575,24.775070566715755,-3.6480436830464384
0,0,31.73518669393492,21.793189729505663,-2.7101663968945786
1,360,41.0177986530877,1.5499139911577091,35.260224444828125
0,0,14.166400521779964,12.34481729311395,-4.601791790685624
0,0,36.73292027599929,26.16734934824461,-7.349367391607558
0,0,102.62464669866692,72.27145144019198,-16.286172014455957
0,0,46.19309523190618,33.95469484351607,-10.072816179696531
0,0,120.66213803604555,75.54722714745367,-18.74847667689643
1,120,475.98334347632783,4.402312832651562,9.4214778905542
0,0,22.405578929203315,16.402412104100865,-3.761903920726354
0,0,28.92757751752948,18.08904081688803,-1.9793591992774964
1,360,70.29639327137146,3.0071554015542246,32.732983475268526
0,0,53.97406223689754,39.790253237166596,-10.102646829213015
0,0,101.14773966884414,78.58577930676928,-17.514645207788703
0,0,144.5151006354585,109.37169277207235,-24.345743208913433
0,0,52.75423033430197,38.525802980119515,-10.689538316873914
0,0,49.46193911013235,29.531308309533138,-8.64414664554036
1,120,675.7915583595253,6.409516668128573,12.044260206255345
0,0,21.89790546632476,16.010184565368647,-4.134202084168436
0,0,17.05274509166141,12.06257227172589,-2.447248669474405
0,0,36.32265606706566,21.488500187733184,-4.565870109732643
0,0,29.42823185175725,19.50401489556538,-2.639996715533698
0,0,37.69300397303913,23.612283519193483,-6.049858532950282
0,0,142.5311102790319,102.46681098555416,-21.39394111102964
0,0,79.7272268723107,59.519819290282896,-14.287202079634433
0,0,49.066735326004164,30.291226712148845,-9.333145136605538
1,120,453.8902297547916,3.865126462278309,8.527824073929793
0,0,15.66848761853974,12.466245374678998,-2.9922023856657347
0,0,10.067761615428727,9.89394709624729,-2.2678484339314764
0,240,17.333909177168145,24.59894074684389,-72.99161797646786
1,360,100.13875003666335,2.6415197096066314,21.152521327134124
0,0,122.22943702959323,81.5410735804131,-13.886168236783739
0,0,82.30239037841258,61.84516233257852,-13.388831148438882
0,0,91.849192191843,69.10645707288809,-16.01083491124964
0,0,67.76335189089733,43.15441507403954,-16.895862195313256
1,120,487.36055314029534,4.169669835009932,9.438922471360073
0,0,14.638506783914055,11.66510659811267,-2.9691705429406596
0,0,10.078356491912347,9.092139816453141,-1.744527663293212
0,240,22.59237084838459,28.870069154721435,-74.23957867130916
1,240,92.52493315658795,1.3176679393210071,7.194092195171265
0,0,105.20086178716488,65.57071884592688,-19.715751620582942
0,0,50.61531541752925,25.58058243921286,-10.20502028922148
0,0,23.050585008462722,16.221168128871806,-4.187052086256671
0,0,153.1911848712086,97.15495337134602,-29.195336672944705
1,120,396.0141349933491,3.383508630234877,8.099411814998092
0,0,20.80726744712498,15.46694855777672,-4.792441490986889
0,0,13.376475541598726,9.909692495771255,-3.1505109156328786
0,240,21.428326127273568,30.67830487406824,-74.2552426246321
1,240,81.97000945029659,1.1228127206181284,7.21548366442677
0,0,73.57644790038665,56.326687206506875,-15.784958815196951
0,0,26.940847899266917,22.584432685898733,2.4760283723855707
0,0,162.7690267496311,104.45362793808454,-17.308924055812682
0,0,79.54133946106452,46.80343395544992,-10.096539144238747
1,120,339.5528965466374,3.191026897373134,7.903199833084258
0,0,17.67142668083424,13.919023346111048,-3.8532485753518273
0,0,8.387831161223584,9.663090883049671,1.3730479128596187
0,240,20.73757437535376,33.16467195834596,-74.21303745329155
1,240,78.8650984431522,1.1225469747354149,8.2436064717118
0,0,109.85902617683233,86.46915257866507,-34.82546063496646
0,0,20.524878966730494,14.228263499950673,-3.7005023269972526
1,360,94.65842470261164,2.8352104189328076,22.765249924022186
0,0,201.34626076645412,102.88621117287431,-36.50407062724165
1,120,534.5778381499257,5.8020053783755685,12.708977839263284
0,0,15.539793788311329,11.417337746351572,-1.733369792992562
0,0,12.180164522177103,9.089142470579194,-2.6332770130466656
0,120,23.941777189543746,27.170467675397344,-74.28170535634771
1,120,120.74995619670311,1.176467413102761,2.53093508638743
0,0,128.4423329001167,97.57643866883936,-36.49382037474904
0,0,16.83574223976188,12.11011841910731,-4.414189687794845
1,240,61.761551994233834,1.1811867359423638,11.38416392997641
0,0,28.166114203196088,19.805314724448216,-1.3051906835895295
1,120,451.21535711786106,7.09230994492642,11.403007407954291
0,0,23.30961990288264,16.02977473898897,-3.191953244354025
0,0,12.67867892299746,10.608663691568179,-3.908521667184459
0,240,26.930028734230287,20.839318041612074,-73.93875176728868
1,120,153.6590581465123,1.5731259870602643,4.4938542753383075
0,0,135.88355054649645,102.89673816153243,-47.26190213392284
0,0,28.236948940470747,20.272237108559953,-5.849291650911653
1,360,43.43789420124401,1.160502760017512,25.677220922963315
0,0,17.369181309775247,14.438976562674608,-2.5540394803742856
0,0,28.3933718218882,18.4781477346516,-2.0697462754816485
0,0,42.819240188532625,29.566118378559455,-6.962672244770076
1,360,34.982785666270985,2.5598143856989006,11.239261497907805
0,240,27.758284076591853,40.178576829757,-74.41389206422676
1,120,115.58348040868256,1.231200850719642,2.7751841979762304
0,0,124.17192297312826,93.81152429211397,-35.459165217276805
0,0,26.07539374885927,18.291441616083745,-5.773559687938203
1,240,56.66437401537058,0.9188250187390912,7.737463825275199
0,0,13.586935418414932,10.93495384764823,-1.9819987850128058
0,0,21.695814126338927,13.728861298316968,-4.6646505689689235
1,120,211.84745081842252,3.296471482374172,3.239984436918249
1,120,145.19848211845192,3.000712692890741,-1.2464952897467754
0,120,51.683241463090546,44.664694185071724,-74.42022268542725
1,120,134.37725803936772,1.3742991089671275,1.1600491648815279
0,0,143.39915845524527,109.96029119679676,-47.986668260716705
0,0,18.143028293724058,12.950712270268182,-5.419209874819302
1,240,54.52506567441472,0.8888903036008095,8.19094798530783
0,0,13.68717309808778,10.73088214259752,-1.9821320133148959
0,0,21.95028787403737,14.21621776212588,-4.273667136157684
1,120,130.58888465827636,1.4310743343667665,3.5121781848719564
0,120,95.62021814026049,55.60432051102357,-74.1620488418391
0,120,136.50542548990353,65.10204243332487,-74.17012915787716
1,120,296.3824241609513,2.784426891457335,2.7247572856323927
0,0,162.22140970157824,116.20875775906606,-48.02970100229414
0,0,28.35655173057917,19.143592331265292,-7.48878248298351
1,120,86.04403084952412,0.9533733923500914,0.5630781234900724
0,0,20.91956982867597,15.498826792836557,-4.478114292494908
0,0,15.587056166350699,10.210519652719562,-2.0661990719383
1,120,121.46454688031876,1.1630863418414685,4.6492650897348256
0,120,95.69307147451225,21.409740786374183,-73.85213925445005
0,120,103.41971652733669,7.688148492069732,-27.351819186364118
1,120,182.22327166228732,2.9417246795412697,2.0147253763736046
0,0,178.2364065886429,123.56693122636794,-47.58007629963788
0,0,47.32845124097019,32.79539894667566,-11.169410007490704
1,240,61.599424462160705,0.9797939748067233,7.410796355301443
0,0,19.528043200319832,15.034758755488914,-5.590474857165404
0,0,17.91281815522756,11.680030633291388,-2.7868725918271195
1,120,125.78368257623343,1.319891381761167,3.024620886577935
0,120,82.93050127896568,18.57573934390581,-73.82169886427168
0,120,68.60675774117169,4.908046090934409,-25.206431347537645
0,0,51.02244326358226,32.78292491595043,-6.67301726247274
0,0,203.3004685445301,129.60424938872174,-22.256540243112063
0,0,79.82015587048768,53.57482642513779,-12.82430952537701
1,360,54.12726234918853,1.18366430118488,18.205094946297336
0,0,21.117844586399094,15.983979802381375,-4.585438016603177
0,0,16.149264839364612,10.367288942861798,-1.7666435614413558
1,120,136.697740055095,1.1585789641111077,5.037292519593279
0,120,87.33794783498224,29.285299121695218,-74.15855829935587
0,120,59.593556779661725,5.1978091320262765,-27.106891443111515
0,0,29.47732898369748,22.176897902550564,-4.15650117123198
0,0,56.21980836527239,33.02852835261951,-5.655094747067039
0,0,46.015510173982925,28.45670169832126,-6.9995889746043645
1,240,65.81515945827586,1.085164242536386,8.14271101317972
0,0,18.580951693477758,14.031399513579688,-4.680812827367106
0,0,18.47619790863711,11.802180754696812,-3.132008835179107
1,120,148.30848925566966,1.1748434398373906,5.067044064805387
0,120,91.14247734561341,32.21473239375869,-74.20870473619946
0,120,107.8428338671718,5.659817770863347,-20.437707462879438
0,0,62.07758559601071,48.121840664802725,-13.79523992060232
0,0,90.6273490459934,67.28201948395238,-14.077700574586402
0,0,154.97928675304166,92.00390847038622,-16.25903923805695
1,360,64.26885534403459,2.0158952579750666,21.445090678539827
0,0,14.42440037968066,11.059690632754979,-0.2836876575649683
0,0,17.90296968163347,11.155202062839793,-1.157548744559051
1,120,162.61843720902272,1.2666848822994015,5.3535098946212685
0,120,89.70708943612831,32.08321266072709,-74.19085165582182
0,120,51.32915602139385,3.5876254187487913,-25.428094098536505
0,0,39.52106598592337,30.005577889288887,-11.217218151021434
0,0,27.323804057656098,19.222965994810448,-4.96012596271413
0,0,32.473665946876984,21.685555778822785,-6.229662616783941
0,0,78.66904083292852,45.22219910876769,-10.015061710737356
0,0,19.455746910589077,14.972959189443934,-3.773736259306375
0,0,17.439514155451775,11.728067767764264,-2.9224240624422606
1,120,143.3337691498888,1.2332214175753842,6.348084150084404
0,120,126.13367567105307,42.90018660731626,-74.2062910465965
0,0,88.35694588423344,7.107189601071047,-31.503150628950017
0,0,59.83681426127886,44.97585179495574,-10.08149683625507
0,0,46.102501040797414,31.613209103677008,-7.060241159134165
0,0,45.8025978305297,27.99723921851154,-6.285260452602927
0,0,64.37864642916418,43.32498272163862,-70.33444558486481
1,240,144.5548254473721,2.708284796466055,9.35694543172582
0,0,30.943374564576096,17.944325717719938,-1.6508848204565538
1,120,112.91890298402136,1.953279434695906,-5.793814553241447
0,120,84.44211052785923,9.959694987468175,-71.64168662906273
0,0,64.45575756906162,18.886320730775747,-52.46994218136252
0,0,26.775863445789042,18.777648451580955,-6.0632146702355385
0,0,99.6755904978344,72.96156091775288,-15.540001928253268
0,0,82.10772262184526,54.12826538399605,-11.405573826495967
0,0,194.21335531264924,69.22806407944773,-70.79606213576746
0,120,64.05906833287743,2.6470915677797113,-10.968643282998919
0,120,89.75397677429216,18.171074404762212,-70.40508963184038
1,120,195.4416476736133,2.704914807591563,5.732486126705979
0,0,85.05452858342461,50.189171047182384,-73.87195123973342
0,0,23.893836430553055,12.760795363805274,-1.3382396292785472
0,0,55.54160758016737,38.92511284914942,-8.824079794291677
0,0,31.20063353487955,21.477795682938705,-6.316227706071672
0,0,56.19426520825983,36.91110493287418,-8.556915414742136
0,0,126.425074300614,72.86795637727577,-74.26082038883055
1,240,110.49832209014377,1.0874833112285762,7.8486678236820495
0,120,68.55302408684874,19.011286455344077,-73.93058359733362
1,240,101.37581538922551,3.889831143470381,2.4600076690583705
0,0,69.89086486008173,46.4062317383248,-8.082876625726556
0,0,26.28143771498423,18.012032626302855,-3.9919475646040326
0,0,24.8229535998313,16.224391596490886,-4.644657996885442
0,0,29.749582195298938,20.12354339376412,-5.4371332448358345
0,0,38.05632569088605,23.7740035371388,-4.72720125680361
0,0,52.88786218955814,26.659779110522184,-71.09980653143464
0,120,66.49863653966891,2.7949503579698844,-31.998797383212015
0,240,74.53484391798662,2.9981982331734542,-38.334656641749916
0,0,107.2204956392126,39.069667338479846,-71.7553251665212
0,0,131.48723017345384,71.35239123018293,-13.442014221282356
0,0,68.50895322461285,43.9979971134959,-7.432772472104915
0,0,24.663258311656808,15.710821916545354,-2.8160828970619605
0,0,32.153539998223046,21.872809943240213,-6.002878902923214
0,0,86.99670567059155,56.26721648310802,-11.36199568155682
0,0,99.02263872081997,69.41146924319412,-71.98429543784779
1,120,95.01060185317698,1.0995935043171694,8.610583829838859
0,120,60.69062562966833,16.895272976995326,-73.85917947248612
0,0,53.209080166084945,18.116638940659946,-6.708081286230978
0,0,97.07335058346412,69.18344272174167,-12.590356463509671
0,0,71.82087888932475,41.26083354113129,-8.568423009335802
0,0,76.67325510473044,50.12361405625101,-8.449991375540165
0,0,30.688358479802748,20.04332441528389,-3.6338215617975465
0,0,82.70210199477013,48.617679863985096,-7.798821395501747
0,0,134.3821850338109,71.48201745775997,-74.15225376436102
1,120,112.54942252312046,1.2424980445587006,8.682094120989603
0,120,118.26218433532192,19.264855576418004,-73.47382610639038
0,0,218.50187892828626,30.437378846706558,-43.60797855721729
0,0,65.76262446080996,50.11529615728988,-10.847109927795081
0,0,36.352762209230455,25.822745444096196,-6.2723248171461705
0,0,61.225711933644796,35.26165035321509,-8.670255229367001
0,0,50.36230689914843,30.54783614927258,-6.146240882748813
0,0,120.05611771953326,77.76344566706422,-14.177263750097502
0,0,63.83363259907084,40.905372975500086,-73.20817017306597
1,120,107.23913732714317,1.3918892322296113,5.5232344247243645
0,120,71.39758388314733,11.850457395067957,-72.95962952285932
0,0,26.86993043260795,9.533701343654458,-13.790235532504788
0,0,64.13887828913404,45.955698601945905,-10.2102286831566
0,0,89.70703796006697,65.49263992309061,-14.443970157358578
0,0,48.17176884656797,35.16538025297605,-8.805615184297878
0,0,39.38138569345895,23.91339878764883,-6.125590495923731
0,0,73.29184411092349,43.88884723136279,-8.920782724692131
0,0,76.39434309690763,44.10710472988225,-73.89203618690918
1,120,91.17993721082776,1.4319895638912614,3.022830631268505
0,120,78.09709031530473,9.66439125919146,-71.8348832797955
0,0,46.243332190919084,22.18757141246409,-18.399089618030644
0,0,115.65779713382118,84.61755220314902,-18.799386541835368
0,0,134.7930669554807,103.84196932193133,-23.623287760484068
0,0,166.32424298771386,129.3915568801915,-27.953956987846283
0,0,127.30174104024142,95.41167728704315,-19.917659112411428
0,0,117.63318363427983,69.13520905154638,-13.041504964871166
0,120,89.50451642728274,24.959126622962152,-73.25099669700782
1,120,173.96101083742687,1.794938034881712,7.5095351806933195
0,120,102.84317728653,28.477857113429693,-73.99055266155078
0,0,76.53835840910976,21.40502815561115,-23.363929726760546
0,0,42.849879475618515,29.55083790224978,-9.441551340668354
0,0,61.460372913017025,44.70288833155478,-11.414774906109564
0,0,88.40142855496009,67.55432923713688,-16.159446918854762
0,0,65.14725020857867,51.00250490054537,-13.438300482361392
0,0,89.57225892401507,67.89578011657747,-14.811646964071656
0,0,52.414690556797254,31.405898433566744,-7.305705978979589
1,120,174.169753619911,2.573128800355417,7.494863413924861
0,0,113.32530648835399,43.598506910613175,-74.08899676486128
0,0,87.90038263497993,41.731020249750635,-7.574564855996428
0,0,42.606566841078504,31.00177026940692,-8.040535005966248
0,0,33.921301482101086,25.98859059892467,-10.307793434136244
0,0,143.13926317522856,116.79431305002421,-26.93011830315058
0,0,152.22212595518678,124.3938971919172,-28.323407396331035
0,0,118.98214323676372,96.33195475055871,-21.981557027583193
0,0,42.9481362461449,30.15304307971242,-8.468335247385184
1,360,86.71535958043934,3.4549740203478643,33.28156766269201
0,0,93.77413215218183,63.58529948075582,-12.038633084218027
0,0,92.29693097343707,64.26141054299191,-13.716522810985005
0,0,190.06937059232843,126.0785535031892,-25.764170817345878
0,0,57.87890020678591,44.04626741400503,-12.454234609226177
0,0,110.71913233215221,86.77809828113566,-20.328739201917152
0,0,36.45372147297754,27.39973399208791,-9.61773744342318
0,0,68.03138038860682,52.82732006348541,-13.32083475375596
0,0,61.16342589941522,47.8342081695618,-18.02797385576968
1,360,48.21444250142443,1.769284663782298,35.23655144089922
0,360,51.59525048994132,50.37060944484651,-73.76177377580268
0,0,82.81510665687236,56.38667075429967,-11.177865841289439
0,0,162.4664945833732,113.22422122410161,-20.61868978450977
0,0,122.42019995922125,85.27561297380484,-18.530856572189336
0,0,51.55983495973475,36.08386001339635,-11.349118333482224
0,0,109.30873237358944,85.57554198363464,-20.267395895570218
0,0,163.69027175838482,130.83659458453474,-29.910810125667282
0,0,43.62100925890052,33.79160541537594,-9.181156624219142
1,360,38.83893463584838,1.536308823384983,33.61215704080875
0,360,23.95378030399135,21.833018151529863,-73.39201156885507
0,0,25.01239653617193,17.956602508293653,-2.9129148923800585
0,0,160.71742626348706,103.94504138968126,-17.061689797580016
0,0,94.39269056649358,75.21610601651966,-15.809930795071317
0,0,139.45656279435906,113.65307766782878,-24.469145923731077
0,0,142.24547696834182,117.285711528081,-26.323608948005848
0,0,95.1008320349948,78.87762147038688,-19.39562066418084
0,0,34.452166749047116,27.60996381644063,-14.176227067371805
1,360,39.01613730017306,1.2898173657658765,34.719267577699725
0,240,18.72787540314597,25.561235998065484,-74.08825893507496
0,0,13.703326469981468,11.145616895905174,-5.444823015897512
0,0,34.30356271366208,21.479103103371617,-4.044855854074427
0,0,44.93483644951526,30.122772351887445,-6.150679050562431
0,0,37.43191003616534,28.53964399975065,-9.207964656631788
0,0,123.88956942291826,97.47992624498559,-21.506814626597148
0,0,64.54172994523374,51.45732378364509,-13.440290580123971
0,0,55.59304687289888,42.70748297928406,-15.919835817532729
1,360,41.25518786371131,1.1823844415409956,32.4193807056692
0,360,19.11865959972138,22.329132078066134,-74.09556577234743
0,0,10.283282692133776,8.092790889481723,1.9237221192722558
0,0,14.379917708954014,11.432046226221846,-1.8746833876734144
0,0,29.6425505947437,18.576425457861443,-2.6428028366466236
0,0,28.14525536776608,20.33118232784084,-3.77287027534274
0,0,60.8544812866581,49.301731251177976,-11.722145089201398
0,0,126.62558091328266,103.97711827375085,-23.265852879494716
0,0,123.48084949582503,96.15936398254834,-34.50408482661664
1,360,41.14534530252038,1.3862285279347097,35.881268175054785
0,360,20.66939984739227,21.568109130601933,-73.99504944201097
0,0,14.843410003750954,10.707743759537228,-2.643610533228099
0,0,16.406562416714078,12.135191868939808,-3.842690232410618
0,0,19.052021999877244,13.344881215634617,-3.7670332103570985
0,0,64.54531856208192,37.20103104930561,-7.746200379557749
0,0,69.53407692516433,49.15476479656614,-11.23445039922084
0,0,149.1483138428189,117.86778412150665,-24.080348267751127
0,0,62.88376690020833,51.154610869962454,-37.453734454744676
1,360,41.51946596266555,1.258041096820082,34.1632642392032
0,240,20.17674268698087,17.489942171811787,-73.95773140094835
0,0,11.54551800026373,8.871001202863303,-3.680318239229507
0,0,11.702821490016362,8.844202606134143,-3.0863281810974854
0,0,13.821918123170578,9.68203368631555,-2.8755943142550535
0,0,33.271350024090864,21.756791877259634,-5.437487132513269
0,0,62.27297401743689,36.30595805943749,-8.29510931096759
0,0,55.18215024378299,39.12576525528776,-7.239770459594737
0,0,36.50761690920759,26.854979235329303,-5.706416787065592
1,360,40.46531711723756,1.2965699351852475,34.565655345381515
0,240,19.290168643974955,20.68657104170256,-74.03517340902786
0,0,12.474304252004744,9.289891383505955,-2.773008521640122
0,0,18.823639261558558,13.230398805119421,-3.5988741128036423
0,0,20.136264118454697,12.159026932392424,-3.4223549392935695
0,0,61.282284125064876,41.12520839523169,-8.324223858360284
0,0,45.23192686071653,33.70753320965001,-71.09107903680115
1,360,106.27637319805177,3.0177147939515145,20.836204030879557
0,0,80.1743479411686,59.516663447858626,-40.39578174288428
1,360,45.2133219414012,1.5779786231094193,35.78045598421153
0,360,21.996665966880034,21.581873675461374,-73.91610087423992
0,0,20.933571317362286,15.642407761133425,-5.8720820173391814
0,0,27.736108924735976,20.329426890492336,-5.839312018407668
0,0,14.202514655676238,9.880090271174101,-3.1482293809594637
0,0,20.65388716861927,13.191818631482677,-3.7590977996134285
0,0,59.05014606119319,41.69410816425244,-74.22511403291661
1,360,55.32498896029718,1.316506335714394,22.107801560247424
0,240,62.174581203034094,23.04810060751044,-72.97112892078985
1,360,63.50632573985902,2.3285522452251683,30.454729548791065
0,120,19.407616793229863,23.302285399628744,-73.18825488380617
0,0,22.688195375012334,15.80792324313722,-5.008691842213054
0,0,11.828253024856922,9.035512168952584,-2.218154277249184
0,0,14.382075107453673,9.437904619779056,-1.3604970824976732
0,0,56.59102798167451,37.85831976565407,-7.900611981688542
0,0,76.90578718127983,54.56466767237698,-73.62353399484371
1,240,108.10323655407893,1.1216837849116104,6.01744481135438
0,120,124.3996824834185,53.638439191718504,-74.34766263592155
1,120,684.3603517759826,13.040731266562359,8.857014554874496
0,0,20.93058754423494,14.330776250985231,-2.1900764125821723
0,0,18.457852208059283,12.295634052474938,-0.5243312782282459
0,0,15.035094906406313,8.93415045508795,-0.7227415271266864
0,0,20.247645446193737,12.544293302634312,-2.7115153334533204
0,0,121.29045484084403,76.10337111410416,-14.492032267340186
0,0,33.57081568783713,27.12771446369779,-73.26732614131245
1,240,61.431998572630384,1.2684728114407204,12.074211593920595
0,120,169.0736529614745,17.908041982990145,-72.5449176610638
0,120,494.8215523016783,26.168332731285744,-37.02571355395039
0,120,476.0314074101796,34.95549137231381,-59.887576741624585
0,0,20.68524528213326,15.482364284476006,-1.4697942508307733
0,0,15.976115914870993,11.950097484181493,-1.4811852706600916
0,0,12.069044251606321,8.599442371112794,-0.31881829547425866
0,0,14.942710083734987,10.036985654127486,-3.1256888175983732
0,0,47.08509448409188,37.45745451714363,-73.802964870294
1,240,68.65109333743735,1.0369246727472883,12.447209205948695
0,120,89.32076159572092,60.143520826544446,-74.45271300575631
1,120,640.0837617840775,6.360231989697352,13.999951759817435
0,0,275.57588840926974,104.61681880401689,-74.21311659012237
0,0,35.14934013961993,18.73400625034135,-5.495154170399218
0,0,22.881908986013983,15.55458376595399,-1.010864383949908
0,0,18.922603827928455,12.85680482527267,-1.73501849323101
0,0,32.9409472474752,21.532627036202232,-4.974614540567217
0,0,41.48499906273237,35.07223500028032,-73.58126842190232
1,360,54.77160291651195,1.1266220090979413,20.967500522596467
0,120,105.5417950951875,68.7302862913476,-74.45614859481756
1,120,639.5141129817682,6.108456345144008,14.0894978323646
0,0,155.51387300385076,75.21704713381405,-74.22969567486122
0,0,20.308905636057897,12.773545530742629,-4.694177291421241
0,0,32.28274858906492,19.957648928897765,-4.203530761872329
0,0,25.521309101384333,16.718333063644017,-1.1102027367012255
0,0,30.620182113410497,20.277727429063255,-3.7344838708009576
0,0,33.99702276834216,28.480426870832314,-73.54300958606191
1,240,77.42597484235795,1.0642373266213396,10.256394679491464
0,0,129.14764318524385,80.76596486841413,-74.46247554053022
1,120,675.771026764771,6.692072342755273,13.327706727741003
0,0,223.862110611216,105.8471352439857,-74.16654910262847
0,0,19.43929295526574,12.940354344597084,-7.616032165024222
0,0,94.96240555231032,67.97636117162156,-14.445181702230776
0,0,251.51059441052445,129.98616267638783,-21.025431627428446
0,0,39.88859403335462,27.26676595280089,-5.225054604819093
0,120,26.757594959303233,29.794993032663438,-74.11176748531847
1,360,47.1379751065411,1.351176135293672,29.403275135101254
0,120,128.44009736830964,76.28225666066436,-74.4408830578697
1,120,640.7908957925209,6.679063650333608,14.23897998731779
0,0,92.03428540099983,54.14065770094423,-74.15271576992816
0,0,39.08867810119521,20.954349906835066,-1.2563541841019799
0,0,95.1625738937187,71.81002782973289,-16.259459739885443
0,0,174.73147510877288,119.28909665333882,-31.90722790582675
1,360,95.9563715283009,4.200206837039454,33.634597682943266
0,240,45.08073431481806,16.363176811389437,-71.92245981129076
1,360,48.19027449062213,1.7595253267495994,19.033158804445463
0,120,123.88008312018437,72.57220322322524,-74.43458019798656
1,120,609.4529756020296,5.383896409618747,14.609679411134707
0,0,107.09921068495659,50.30025670051681,-74.27942017871291
0,0,69.91980176028166,31.99393049728465,-4.755928609443345
0,0,120.56854720279411,98.4481387007527,-22.366561840337802
0,0,150.65778315830502,111.93835068659978,-33.32786210801268
1,360,51.86890090892219,1.7940999403450424,34.079263794730835
0,0,59.728424060390225,41.367763062701606,-9.845732702156099
1,360,117.6064749121639,3.5091491978930405,18.708189995323465
0,120,258.0470540952275,108.41540489232268,-74.37296173421248
1,120,669.5487181287441,7.14555492382846,13.175918057807749
0,120,48.142846653814146,27.62681094309664,-74.21843950965604
0,0,20.45877635023821,13.148244055437877,-4.5664030229410315
0,0,112.33989289227002,89.7270583281993,-20.913911211804113
0,0,180.8057385923665,134.73545756587183,-53.43039125625876
1,360,42.75226615585897,1.3692169170809168,33.05930122094928
0,0,19.561566985271906,16.396804848364877,-3.495472296838358
0,0,47.46331852169869,29.59848830513986,-5.510733554975715
0,120,412.55859993998035,108.44840598738794,-73.77634640197917
1,120,575.3281708651172,5.886614711299832,11.776413031657569
0,120,52.98040879413656,29.30170386686854,-74.16379697540751
0,0,15.068663732912064,10.824385245282423,-7.037675615466426
0,0,96.56603193772271,77.81290786163181,-18.135884617084066
0,0,124.28602333996487,94.60304902015207,-25.475873098376155
1,360,39.16810934071478,1.2541678813983042,33.397850990116325
0,0,12.857713583576853,10.963907997461828,-1.1242999564168912
0,0,27.74506759784107,17.152933422355005,-4.092035326554637
1,120,194.43071665854745,3.2158626023801427,3.8070790315643848
1,120,591.4920071067045,9.00500757066224,13.776144865831697
0,0,31.69447648313269,24.477970544202005,-64.38595333932847
0,0,15.079156576488371,11.690721049503614,-6.674624328866784
0,0,77.68622310108103,63.050181314257046,-15.863759192503075
0,0,143.82888061536798,110.18298096329247,-32.283776884782625
1,360,39.09931893844789,1.2652253051781748,33.81700388205226
0,0,12.82776186959609,11.289745910051614,-3.6040117292032647
0,0,19.084788351355215,12.215844775753373,-3.0229031825302854
1,120,182.00857236413304,1.7885351264630884,2.3148637606922193
0,0,45.6403710231954,28.785143180911074,-8.087951791359572
0,0,35.11320394455451,25.219934457596757,-6.210994000952553
0,0,26.075026062706794,20.954711983398923,-7.503908058656009
0,0,161.10777659040255,127.77548378731846,-27.50133881177728
0,0,179.58196141735485,133.27476462893102,-49.876120367829785
1,360,41.38047324330626,1.3590581687413956,34.02508983639052
0,0,19.588200331726565,16.069064977171173,-5.693631033448696
0,0,19.76399108122573,13.43566663080326,-4.929162872629831
1,120,98.13890505334194,1.077768969605442,0.4070511281963576
0,0,47.977189334677234,28.636959472792732,-31.26981374797988
1,120,376.8878955435944,5.118110726660232,6.3900677187828165
0,240,73.93061790989843,6.548415296114248,4.785665890775846
0,0,209.30710719096018,148.66921193358473,-42.776502805520124
0,0,293.96593193708924,170.66574921501342,-73.76969936356119
1,360,40.6426631791617,1.2716270688994906,31.25744672246519
0,0,15.801042153369156,13.059993176216228,-4.430043855744415
0,0,24.410917143642727,16.41644151430663,-4.95975125811448
1,120,106.15230118276,1.052706702585106,-0.49070778548643545
0,0,33.96404499732652,20.697296679370417,-11.846975844882152
1,120,357.97070773269195,3.569485664671232,6.653793142784465
0,0,88.47848086507314,53.70199560397021,-14.836843766705812
0,0,282.8246885383353,146.99031503473705,-29.02559548930384
0,0,170.5774599102125,117.76985156856195,-44.249980764717634
1,360,44.61194182413317,1.53162172817728,33.70714882020414
0,0,23.987980631463984,19.148373996081357,-6.4909982581167185
0,0,25.988952572842734,17.495484620069416,-6.564315458114649
1,120,119.1380274579678,1.1270474842819282,-0.6686591632440582
0,0,53.40243895994945,33.30644536154,-29.42293224677134
1,120,549.1099714914974,5.419667672169154,8.867622858429002
0,0,114.71067437365615,85.10854493003696,-70.1017337319838
1,360,86.19598818261974,3.2626081660751374,31.469970844617052
0,0,135.86785770150874,95.50873071245536,-50.93093671445534
1,360,43.515545839785595,1.6313040830375687,31.649329446315576
0,0,10.696185049211431,10.622542353943857,-2.8636703812173465
0,0,14.66885467972411,10.589561687322862,-3.22141335265529
1,240,68.74361052712356,0.8982743560237915,2.5176788703287514
0,0,23.250611790702397,14.560351107627103,-7.130756401403616
1,120,358.76649822622056,3.1265156314593496,5.0612069998197455
0,0,86.35263719102096,70.08888209043023,-67.24654453131194
1,360,46.41949430343225,1.601572595698261,33.94675159475729
0,360,48.250398530275135,53.80559740241279,-73.98420831419222
1,360,60.77567143673622,2.5716523169354892,31.80190915929252
0,0,30.968608865220578,23.572200093830535,-6.369789646899235
0,0,16.77894943665031,10.876744052360861,-1.9699083165974685
1,120,146.53321226683497,1.2867955409802676,-0.4612060433407663
0,0,44.847382298148645,27.454578025075463,-26.17430165519915
1,120,628.0256561955074,5.750982873323659,10.280700517855351
0,0,79.98139360207182,63.907454637945136,-67.23587794037527
1,360,43.385583492331136,1.2085428883141158,28.53082127204806
0,240,28.052565365588197,41.15448165143327,-74.36989925595527
1,360,63.69452222014276,3.6416649936898,31.471286474100268
0,0,26.666750741610787,17.46264695255827,-1.9682929234345323
0,0,23.840790349335226,15.203251154922391,-3.987634298323627
1,120,86.97162947499264,1.0588706334272933,1.1905667728306923
0,0,45.23071349641335,28.278960144639857,-30.758991457432117
1,120,466.9914756653846,4.125456341760039,7.4081484427972555
0,0,121.367941020617,97.81179688849535,-73.63614833411685
1,360,40.55733425375641,1.1382701847423335,29.976156834119735
0,240,23.545621098280648,31.07639748959164,-74.344129874118
1,360,35.35383614704296,2.3168337147231592,14.455034659475245
0,120,153.68076633695452,22.033352155709327,-70.59519601047215
0,0,27.81288547023466,15.700083599153473,-0.6208718366355299
1,120,131.4717873550498,1.4179463292641614,0.7810729327968176
0,0,103.02068880722274,67.65692229309028,-72.41785598185174
1,120,388.01637287913434,3.2537703984289466,5.469659993743491
0,0,197.28577021763772,143.33325720829413,-74.22940778333243
1,360,47.042266401051386,1.060604057366028,24.651887583253455
0,240,25.86910894830444,22.62311852390236,-74.24577606420755
0,120,49.96054727092159,19.47777491112248,-72.88671005618122
1,120,238.08193133487393,2.478547568913739,5.683274922618779
0,0,57.8410726554191,35.91036475840546,-11.394203623588844
1,120,159.84361276840286,2.7600849912582315,2.4349024608819008
0,0,58.90893987119599,36.45124233732853,-54.71889837153189
1,120,196.7755100826765,1.822453916554737,2.1304091764384765
0,0,66.76846669952555,52.16657682676895,-61.90778826386175
1,360,42.730980804492084,1.1173863270567925,31.943455903502056
0,240,30.69164559400589,21.205035095122167,-74.2177313765103
0,120,53.4806347739967,24.441971398833687,-73.33942555136151
1,120,100.66380586240025,1.197337182206051,3.030216475266016
0,0,20.609126894847506,15.160728995971757,-2.4453834732450446
0,0,50.57759817200818,28.48173147354878,-5.515296624322545
0,0,65.90933123564821,33.41860738255842,-8.136596775162857
1,120,373.94196467505793,3.7047128081222382,7.572468899896549
0,0,65.57560457621416,51.39093838407733,-61.678980104316814
1,360,39.25029822637792,1.155881264770916,34.124428189141824
0,120,23.400100111284136,22.669538993561908,-74.24330821808041
0,0,28.572083837868792,18.0442419430456,-73.12947388037085
1,120,166.6532044346118,1.4125409805225635,3.084940000352489
0,0,21.621547038830897,16.23512568730809,-5.895838288956909
0,0,16.321911872260102,11.153679791527548,-0.5388781434635064
0,0,36.78259099833738,20.180402094013594,-3.2901758100752687
1,120,293.6585168987264,3.7718526512695445,5.540304300930586
0,0,49.81500973804821,35.560708688661755,-35.28917006718507
1,360,42.42006907081922,1.1746400359311386,34.02028529074613
0,120,31.670054768885176,23.38578560891528,-74.24678682335981
0,120,26.9777580736833,12.59632807232097,-72.39648376824928
1,120,91.42572805003546,1.1875280948672775,3.5081646822712713
0,0,14.913716192181427,11.856881788574514,-3.6623157649086124
0,0,15.066282045859396,10.636655591214017,-2.06606584363621
0,0,15.981331542943877,11.804091870879189,-2.154129751322543
0,0,26.032916806094388,17.61178727541147,1.4846765764794156
0,0,99.04843558127774,67.7009913783721,-18.48231150961263
1,360,46.209328575538024,1.5826400066545139,36.13266998111243
0,360,22.750400518288362,24.521081605890743,-74.0887430260955
0,120,44.72748352068748,25.705531257482487,-73.53995502799307
1,120,112.08899856926594,1.189437538030513,4.013724454886201
0,0,14.427801476591071,11.19209160660639,-2.8748199247491186
0,0,16.612040146164222,12.036109687683421,-3.4461944786001197
0,0,12.440182057839515,9.366033126282678,-3.050897779508489
0,0,17.29644195823076,12.387088675300513,-3.48588818585624
0,0,33.47527611797756,20.61474040509471,-5.058140359213354
0,360,44.17845823467062,10.547460072552425,-59.884185664997766
1,240,58.56442162318674,2.173829145547644,-8.402191558778313
0,120,91.37863480762623,47.53815633756754,-74.37242132365945
1,120,111.97748671294276,1.2035029621746587,3.9835066106167574
0,0,16.628896717824524,12.804495328232111,-5.176014099493955
0,0,14.965319105250787,10.446504814285738,-3.325864341499596
0,0,27.93928126201009,18.82905205278276,-6.340221290602514
0,0,65.12549054207508,47.28715415617979,-11.335420798672843
0,0,40.8920463120791,29.294267913156347,-7.7215697972074935
0,0,36.9270659182301,22.35597082725471,-5.224725697448292
1,120,155.48501699460436,2.6402367680853795,0.10512248856829842
0,120,105.82208960294362,69.36184925650532,-74.44521688086078
1,120,118.29226841631757,1.1658441818171452,1.1078153436904898
0,0,18.391738560982425,13.839225616240133,-5.010765207664434
0,0,21.319516764171105,14.717627586730382,-3.4041609492884106
0,0,12.76014990144789,8.856662548277122,-1.8805037991212856
0,0,15.123416797092768,10.846985444500719,-3.718046829029703
0,0,17.119678678858293,11.54783112616617,-3.32927831674084
0,0,44.57584239768299,28.049524764962275,-5.355489275956813
0,0,31.60991602178607,19.987880208692438,-3.396566936068865
0,120,84.07435083815191,50.05845154562266,-74.2083219975689
1,120,154.98102223168135,1.4326590357091116,1.0244227533464567
0,0,20.89213124954739,14.496338225310454,-4.676990840450685
0,0,19.5301169502198,12.914599007383627,-3.760263547256784
0,0,13.279498318882965,9.598120681569053,-3.642414787282817
0,0,14.443100897395631,10.136008663338417,-3.978191742412477
0,0,27.781812313488842,18.93734112254032,-5.286551956390326
0,0,20.18012172272213,12.994388284105192,-3.718404880091583
0,0,19.25244956002312,13.212640147191756,-3.4533471730689627
0,0,45.369132625374775,26.539552785023165,-6.225853120020844
1,120,157.66929335200814,2.2389178672264505,4.563357815188695
0,0,26.516539917739433,18.229174309108025,-4.747385344571356
0,0,13.3087964707277,8.294243527091933,-7.292903571824937
0,0,15.411748004926658,10.706577929355939,-1.8497030810301567
0,0,13.386863594621577,8.443507829468942,-1.0299077043809461
0,0,20.175227820032664,13.351873379005898,-3.087660464118457
0,0,19.099988496898607,11.596124672836016,-2.693679394510042
0,0,29.514198712637093,19.19048054185558,-4.616513518067379
0,0,18.17724332864279,12.557264660313011,-3.276686444487922
0,0,39.971591828553215,23.555800984090116,-5.7897802337185595
0,0,30.866392114832024,20.55368330733437,-3.013052614943959
0,0,37.51634180735859,25.139012458862194,-4.242158642711672
0,0,17.686957743914864,11.168226252701935,-1.9155844764172798
0,0,16.91399504516276,10.946170472407541,-2.7069439373376127
0,0,29.454947927596216,18.211076116348107,-4.518282625577257
0,0,20.037549578668482,13.43140624353049,-4.210891625563207
0,0,14.819932323699929,10.178368803593164,-3.4169092324453487
0,0,16.794410639361963,11.033909936093469,-2.7678625784716075
0,0,23.048553542470287,14.335394488247182,-2.5021470567073862
0,0,37.99979026808121,21.33079964230414,-3.7827208429290664
0,0,20.524926765930317,15.350579686098085,-1.1576236854789812
0,0,29.130271862805373,20.54572044064598,-3.6735735564358407
0,0,15.121492879299934,10.080702524853026,-1.7776265695955118
0,0,21.47666214887817,13.146532292694353,-3.5064303246858657
0,0,36.86421364732571,23.11239103489744,-5.078703314965196
0,0,21.320310966260454,12.008007192666911,-1.8194685832229425
0,0,25.826692673754714,16.018765920817867,-3.933044001539244
0,0,27.349062257900492,17.996398526578677,-4.29722356532227
0,0,17.326660244672066,12.22787501613769,-3.1251059437766884
0,0,29.909996309901523,18.492622344056503,-2.9246223294268674
0,0,34.217119699214784,21.659859613654785,-4.423074350190959
0,0,44.28239943311429,29.558893753581028,-5.9245198443677936
0,0,90.96174489422496,50.41981240950067,-9.20174872366205
0,0,14.670584643071514,10.016087355645137,-1.8384452895029426
0,0,19.791278909031796,12.316216062285745,-2.911757471505595
0,0,33.57623170486312,21.3582935105674,-5.344343895809487
0,0,42.0622552915364,27.876356365079616,-6.565810113128805
0,0,24.371863358957405,16.214846582015685,-4.844762743251181
0,0,19.142437863202055,13.396420067226034,-10.146108399387828
1,120,176.4789844393725,2.71379836313007,5.854148546827474
0,0,29.933322319414653,17.92342671480848,-3.513707920687935
0,0,39.09528909821674,23.718877732506222,-3.9315368563717783
0,0,26.087141321430906,17.26321039106821,-4.0140717895210685
0,0,16.520447687151485,10.429997926891096,-2.418229879923828
0,0,17.807538579188872,11.91781631566927,-4.202581510219886
0,0,39.760087723063975,26.371425279869996,-6.6685041537391925
0,0,53.798451653613085,35.55225272159457,-9.194974897177289
0,0,19.922193563621168,13.494317398715092,-6.764020519574089
1,240,89.81366694428525,1.2085589140764266,3.5137352906527184
0,0,34.68121683773255,22.21277165953685,-3.199921962173221
0,0,21.69058746768147,16.29886665998729,-1.4206663144323812
0,0,16.11374268017383,11.503631721498525,-0.6242858118767742
0,0,23.834267596990287,14.46878518500174,-2.643752088299067
0,0,24.44980546955944,15.008084842712679,-3.4697176006891652
0,0,24.159031906457724,14.873817836142093,-3.5512366680349743
0,0,13.258922601790362,8.853934294324173,-1.8606444553399086
0,0,19.017145129884057,12.887269975532709,-6.917661895583393
1,120,125.88954677325457,1.1875868266445373,0.24645273678692092
0,0,23.66878860563733,17.166224590850806,-3.7773667305385317
0,0,30.413832967778983,19.086425091064516,-2.977347429981876
0,0,20.408324294826105,15.32128247930667,-1.5058158530103327
0,0,16.200869590864734,11.802099745348867,-1.4478365612913535
0,0,16.23975240148916,10.483247836796922,-1.6590783610355402
0,0,41.844445368532185,28.56689695325741,-7.066765182552487
0,0,26.817027748989585,18.369507859195984,-6.156033162952966
0,0,16.39020773665191,11.600604841991904,-7.527347913056246
1,120,86.62655602089315,0.9521951466056939,1.1512061363298187
0,0,22.838628649005937,17.71103288422197,-7.809708645813757
0,0,16.23043891124692,11.289697304442848,-1.2289341341765692
0,0,28.354525779879022,18.060677683099872,-2.4270645817066594
0,0,23.314089128065998,16.411170975686446,-1.57503628271877
0,0,36.57423428631334,24.686805598911853,-5.4379409414172954
0,0,31.54429507415353,21.489279286331676,-5.869663090979216
0,0,24.16768172319474,16.658629878638017,-5.897803406412834
0,0,34.20626560399367,21.989480310579022,-7.946034505934847
1,120,127.77821817151309,1.1558702580660323,0.6459128203190829
0,0,29.172384796279307,21.622398073448785,-6.377329536121067
0,0,15.01976331306341,11.236097997697192,-3.097177960949537
0,0,13.346032047389027,10.448328581258158,-1.600308026272856
0,0,29.105046754314703,18.457972884867853,-3.3891311314580577
0,0,31.922125687577186,20.79099279563216,-3.4855884221765194
0,0,33.452564144339064,23.22547867576976,-5.089786244345916
0,0,53.09802791745237,37.548196257707296,-9.199333960686545
0,0,19.845690944306078,12.734324326613455,-4.61727958080445
1,120,118.35278955701526,1.105440354005065,0.3844689309908631
0,0,49.54416476441074,37.13503731232444,-12.547848308371748
0,0,13.477537757468504,9.643065372237785,-2.6994664988824013
0,0,14.040453307110555,9.667630928680127,-2.436265661320263
0,0,16.52319797957201,11.462159161925607,-2.669182040461891
0,0,42.60515124939147,24.886998717268803,-6.0037448868868495
0,0,36.93195246719652,24.567858516681245,-3.6258195369028243
0,0,22.07623508870678,14.368816831921754,-3.005833306324064
0,0,23.758340406503823,15.325079352223375,-5.297843054993081
1,120,98.49369277558988,1.0390412180696171,1.5229130991813378
0,0,32.93670047241409,24.437358797004638,-8.76125848646835
0,0,14.549234424523446,9.702656553014888,-1.5492066456496474
0,0,25.42291261012001,14.007234777302394,-3.4903763142831394
0,0,17.138680699218295,10.903563781963397,-1.3721878660067262
0,0,46.35930040341027,29.249745175526037,-6.434338759265387
0,0,234.29595526749674,111.17898737412477,-17.55084167211477
0,0,37.16243285501508,24.54687498227628,-4.956936810232676
0,0,22.05903656892468,13.888246838183257,-3.065477951819261
1,120,103.86299159903969,1.0505963210175122,0.9603399400376418
0,0,15.549443711383082,11.554235795657574,-3.286370476696618
0,0,12.843509867506674,8.862039455693301,-1.9686259941897788
0,0,24.253589754290186,14.475077145835137,-3.145156803242344
0,0,24.25979261968247,14.855125105211172,-5.0315696397138225
0,0,111.74579296082102,76.42327773356618,-15.362000589882363
0,0,181.17598384046454,123.69768454052507,-24.04923113244252
0,0,60.47394082629069,34.756430975969856,-7.858953156976483
0,0,38.07626898779639,21.18967994932656,-5.507344560041119
1,120,91.76105782109431,1.2295343475466005,4.278207614856029
0,0,17.081950402752646,12.738288853658949,-4.524785832073377
0,0,17.545341583857653,11.489595267001635,-2.3453290183699522
0,0,17.0452093639664,11.584991170711989,-4.115233704657328
0,0,27.261878355855952,18.75977708499528,-7.202270855938792
0,0,89.11769588743103,64.71343425137299,-15.03811009733046
0,0,134.1694418259878,99.75101697474821,-21.20915345602065
0,0,44.50976184235986,31.0465156066368,-8.077335161036189
1,360,86.44679426094723,3.557098278726846,34.44031249341458
1,120,123.07065882412189,2.0327680962936854,4.42806447440887
0,0,15.521389257949101,11.401936108234537,-2.2027997154324623
0,0,14.324776735882448,9.840391464106611,-1.705591692005271
0,0,17.962018239290483,11.528177553925715,-2.9565305077791777
0,0,22.560242432381163,14.402657606489186,-5.39110286646121
0,0,114.26748754662974,82.5600218385833,-17.86650115362773
0,0,106.39487109127201,84.86136357215574,-19.343028791927928
0,0,53.50895028459894,39.91647566327173,-8.938864303317402
1,360,44.57956338154606,1.6699913298994213,35.32947818161209
0,0,25.220913191672295,22.075448839475975,-1.4940001679680819
0,0,32.43304030388982,21.515247361137124,-3.242971357288411
0,0,21.42566775639116,14.200090562022906,-1.9621227876936587
0,0,19.029144567470137,11.78365004246178,-2.286258919927562
0,0,22.519675619178397,13.74382478152599,-3.514665499109256
0,0,68.93506470671824,37.617630426474214,-10.56457433289107
0,0,119.85308142613556,82.42039835304081,-16.91778657777715
0,0,43.41480718773,31.72263230430579,-7.670851447952828
1,360,40.05962324717922,1.2277929107267107,31.400475631535542
0,0,14.22812675384239,13.130340285113025,-3.2862705554700398
0,0,27.470588046586368,18.3659420390282,-1.7502398267456272
0,0,21.3128506142267,15.298646354203633,-2.671696724663988
0,0,26.357344682732307,18.438656029743203,-4.303285453067701
0,0,54.478762957233315,36.652328671800205,-9.930936364731778
0,0,148.55476544059863,101.28127369541262,-21.22975388223245
0,0,110.4526039939448,83.4935087568176,-18.74532499487494
0,0,59.20838347377311,44.417177518932924,-10.511861722489371
1,360,38.0297456589235,1.2080478507552634,33.98492983007705
0,0,12.544779576065357,11.773752109001185,-4.276439950195098
0,0,20.425754456884267,15.197304364354151,-3.927323511317951
0,0,111.90892795295194,66.56227326476781,-12.371912008683353
0,0,127.77301173559401,83.61834486642923,-13.961209077940055
0,0,68.31247645217535,46.590000387493276,-10.255701168016188
0,0,96.67682312918703,61.42270774062631,-14.451505883195956
0,0,122.36275267475828,77.62718653496331,-18.303648193115677
0,0,80.21912476081724,61.46687262826743,-17.345969850564614
1,360,38.00105143158421,1.1778753027378535,33.63575510381774
0,0,12.066070589848165,10.798431963488337,-3.5054810730334225
0,0,17.04202704031671,12.047791940086134,-2.868849631461373
0,0,54.2540956874854,31.71557110688148,-11.193008070499687
1,120,518.2083329820889,6.977216089941521,8.634906321740502
0,0,81.24707964474277,54.93898439649321,-9.866299821292372
0,0,91.72120799588888,60.59653637111601,-13.119256169298275
0,0,134.85595599500033,104.58068440825896,-22.609249682761394
0,0,55.44942130801839,41.339154787582274,-9.769601054276364
1,360,38.221372651009844,1.2118319558943025,34.23278443259136
0,0,14.921064399938677,12.58286079654703,-3.91562440104002
0,0,13.504660126505955,9.769626628746066,-2.3389340598692883
0,0,64.83758493096269,38.730442455034954,-10.24754926128162
1,120,523.7641589906902,4.784485702445639,10.293915100069626
0,120,267.88189388678524,84.73323073429734,-74.07905151280538
0,0,255.27696545225157,154.76341415563607,-29.186068979180064
0,0,152.43364844498365,103.64906845374762,-22.87248382739906
0,0,41.483682746306506,31.36697449852307,-6.887581443000471
1,360,38.42970362500321,1.2765290149865247,35.272756231994165
0,0,17.354600715398778,14.325917098966785,-4.236263290343871
0,0,14.099645262367035,10.419432899060904,-2.9802201652458535
0,0,84.9350526450388,52.0391146054257,-13.546685869502006
1,120,664.3012778499482,6.574536232037124,12.079590686617777
0,120,111.77566378384824,62.022948969723124,-74.35497041646082
1,360,69.89481380935933,3.796397074838509,24.548460786981536
0,0,163.37114959292714,111.57486526451828,-19.22689118295903
0,0,42.41732245526021,30.402126396197556,-6.08629647357391
1,360,41.151868054865325,1.1940952233227669,29.996432516345166
0,0,13.487862384630052,11.185066335066818,-2.7410254023678817
0,0,26.085779044235977,18.0220961006049,-4.4047554586525735
0,0,47.03737249836192,28.45440525941431,-7.5837159749967356
1,120,490.597338462887,3.9634982267746777,11.682278909456926
0,120,62.25756796764811,28.644062935963795,-74.22335331161554
0,240,37.01836238989009,2.223864040983743,-2.810254158845197
0,240,80.70184520295794,11.796405140402923,-66.23901746643122
0,0,53.72799563307547,36.73556965117332,-7.233025776801071
1,360,42.20797666748601,1.4991644523869172,35.149986351611474
0,0,16.78971161033331,13.650225876481779,-3.4403823939211122
0,0,16.18702253036246,11.280419973030419,-3.0064661407590307
0,0,71.5923472381143,45.00967566322447,-13.076843772002483
1,120,435.6237876039887,3.7306879272188147,7.609164970355479
0,120,111.53771201341135,87.04355534791316,-74.458379306927
1,360,42.68647607259629,1.1387345796347894,23.93076441784507
0,240,25.197594535882217,25.018425465657543,-74.1050983614471
0,0,31.465088123186977,15.747504358152858,6.459512971251058
1,360,59.82358859037427,2.3631483439085446,31.49319420302639
0,0,17.661274866164355,13.498922956253017,-2.1124126392283102
0,0,16.68609029884229,11.570917381472132,-2.9969819510034768
0,0,83.50990111803866,53.355816596326115,-18.647905962350713
1,120,633.4580573164452,5.695291764328252,10.588666064922194
0,0,128.24156155341828,93.62278237341083,-74.46899998679228
1,240,65.31994504067397,0.9785794509630289,8.139746683458057
0,0,42.048147173865864,35.34631991482848,-73.1320637657044
0,0,17.06538981844509,11.66658096824526,-6.785799183582569
1,240,108.34255611700306,2.5042442624035757,14.793068168971672
0,0,24.773225886139574,17.792067591614543,-2.710316278734439
0,0,18.821293423905754,13.963185416035726,-3.0302307391456367
0,0,84.89678387028901,53.794242005118306,-17.316896937016317
1,120,402.1157837415792,3.6382583745014543,6.773881803587443
0,0,119.01605125374513,95.39004849557108,-74.45822386306574
1,360,41.62822017284514,1.0028988094305302,20.578099175872637
0,0,11.715835741383279,10.450275623325277,-3.437776115261343
0,0,13.182715050612636,10.085246092629044,-5.225104565432389
1,240,69.26087140642795,1.1157057353015,6.884819345390099
0,0,29.1690958436454,20.379231437608627,-2.4650929351865614
0,0,32.324381692109874,21.55964752810185,-2.8930805289053296
0,0,81.79674838152647,48.431750026299284,-11.479873585221867
1,120,349.61861382705837,3.2883508235645684,5.76840780765896
0,0,120.90440644191253,95.3071174650075,-74.46388722872514
1,360,44.4591167517177,0.9568012324654526,17.82211353838082
0,0,11.985980272900283,10.198195665395307,-2.6085714897764944
0,0,15.166665880777854,10.865946562923526,-2.58762966604057
1,240,52.45192613345858,0.9793327498452739,11.970893045644132
0,0,20.084828502584713,14.065698167070284,-4.735070053396242
1,240,102.33640281629424,2.473546298321834,14.600445024445591
0,0,78.06880054273316,43.96823357463197,-18.436714123219815
1,120,467.9844341813174,4.56668784392212,9.14895107184526
0,0,104.75026240730455,82.88847177432247,-74.46392180433186
1,240,54.68898383805041,0.9094385888678542,8.793189871401012
0,0,13.894141794886218,11.246565109880736,-3.6425147085093954
0,0,25.44431929791721,18.422664080029843,-7.24162732905522
1,240,58.2640404209208,0.9175749212252124,7.257317351285337
0,0,20.19509022598946,14.705225407774632,-6.488242097617075
1,360,53.93177097563965,1.260291131459241,19.51475413622063
0,0,37.440186651457594,25.924501638263866,-5.096859834510397
1,120,436.6994607967827,6.6931909761860195,5.615453390082365
0,120,59.474823567303915,52.30173141402136,-74.43001231472647
1,360,48.43362021691586,1.0675935791281368,17.40231948524105
0,0,19.189027375582395,15.373555346033376,-6.341016497030665
0,0,15.272105400292869,10.880767047022697,-3.344308134571193
1,240,58.90663815588149,0.8788343138580833,4.692197910085696
0,0,18.987432411902404,13.631234467607133,-10.348836077951105
1,240,67.05451181870642,1.0654251702123958,7.456785099831663
0,0,51.68569025286604,40.25728410336167,-45.294621799770496
1,360,82.02578008590427,3.363154151027426,35.252813620523966
0,240,40.90815831928064,37.89108980797041,-74.02591540814262
1,240,74.414059016898,1.2678617191855737,8.097096973249151
0,0,56.21078167022908,42.92455140146152,-19.592111592852184
0,0,19.708255375802533,13.423098206576945,-3.7432686119704925
1,240,72.30401849367928,0.9205538638885941,1.0226991121880644
0,0,15.931263719561109,11.506499452415762,-2.6497723422000945
1,360,49.20160260673266,1.0822817186077862,18.3691572735613
0,0,62.54532650429952,55.10870109372432,-69.82872031771836
1,360,47.17958247155538,1.5650625631160562,33.60736914870213
0,360,48.88791851947012,46.41865505015392,-73.91766487562616
1,240,77.66099983102113,1.9785418476378485,11.271802510695082
0,0,15.492264837811412,11.618905205907128,-0.7823611923152356
0,0,16.55521425129893,11.601856612524927,-2.9613100731169197
1,240,58.655905614784494,0.9560361343955721,7.779597275813472
0,0,38.5539263916175,29.59108052859217,-37.55723619193653
1,360,51.16457969954522,1.095355394615085,19.195164419795816
0,0,104.54075483762325,91.68756344451731,-73.45884143526006
1,360,41.80173126819895,1.1959935717274799,32.73003579908463
0,240,29.635437706124037,27.64747325782628,-74.18134030648808
0,120,121.06148931997367,6.6222310139612945,-8.535399043953419
0,0,36.39640655552946,25.369828519600397,-5.533415673407788
0,0,18.617339753557626,13.053711077390409,-3.6220558373685776
1,240,58.25794786137426,1.0111320888445048,8.388425636091583
0,0,24.558969649799046,17.527391032293757,-16.34197385611253
1,240,70.12633842585093,1.0800630310641361,7.048606889281004
0,0,114.04597134720855,98.39833274477817,-73.88326367568143
1,360,40.09573738107549,1.2030280888991536,29.74612151701095
0,240,33.37700464000508,43.70102388822241,-74.45044072485534
1,120,155.83395115330487,1.6793565388436424,3.9527475263700325
0,0,40.679968616192,26.111293697183452,-6.568216549335432
0,0,35.587504373803505,20.39634061189451,-3.754759553026389
1,240,66.79258691112803,1.2038552647845784,7.291332202164554
0,0,19.62086373108184,13.3669030785515,-8.344382965821396
1,240,77.93944120056877,1.0877729196474777,3.1321444531393468
0,0,125.78527098041214,107.42377157742114,-73.92984140900423
1,360,39.14430901606495,1.2185956200721964,31.016062019371475
0,120,36.16064987142285,44.6118929965106,-74.44448336082787
1,120,176.2047052770709,1.5388308557152297,2.7934864359768454
0,0,58.28775985461708,41.385988052701784,-50.71613105763005
1,240,104.99370740885945,2.595650984049497,14.954749040335642
1,240,97.46308319764346,1.9450557531285901,3.996704539293276
0,0,18.95380015953535,12.784145780028448,-4.372464248931735
1,360,55.25099579897275,1.0833784266824047,13.373004350454096
0,0,68.573996904986,60.62482060884356,-70.85923264746073
1,360,38.72823536592218,1.18779111108718,31.618903432824098
0,240,31.114065507140406,41.70028178099492,-74.4592484296922
1,120,113.41980918326358,1.1791211736770566,2.584909202274602
0,0,25.624568242015158,17.862672521566537,-12.33758906735553
1,240,71.43579382811272,1.2485989289953137,9.976307154638505
0,0,59.16560318993243,38.716644097578104,-10.73032283085346
0,0,29.975578650488053,18.66229395782441,-3.3044145848619166
1,240,64.11461100307058,1.3446831480022796,13.352495518699982
0,0,77.68683346009415,68.47616771556586,-71.8580486110342
1,360,38.65355830835414,1.2449381870046121,31.855200480131458
0,240,28.797333890168378,42.8268132709519,-74.44820067765734
1,120,173.18375172598306,1.5159356768060488,3.8305938268845523
0,0,44.58149005698504,32.35969826969085,-51.93934381472218
1,240,86.88903245770024,1.034603842982317,2.24889077084741
0,0,28.898100118685413,21.56801051052617,-6.3760472137133775
0,0,44.12850807085665,26.885633172591508,-5.4674093764874385
1,240,169.51078767443116,3.117335511264454,3.7409977937241052
0,0,136.83059241570794,107.79520295989234,-73.71419578936805
1,360,41.27214187220201,1.3770009468283553,30.42152239449331
0,240,28.545430268675748,42.504148107085086,-74.45467456156696
1,240,83.57328285700261,0.9959460940895527,3.081484391266841
0,0,18.43249657098448,13.76342763487034,-5.946752317280286
1,360,39.4928938729206,1.048519223725487,27.318502010344616
0,0,14.094299105710023,11.91729926470065,-2.6402631721378924
0,0,32.0595483870654,22.485722443213778,-5.841472814932317
0,0,178.35740474769997,99.85431445981416,-17.06089875453631
0,0,53.53646056252725,37.81651048896535,-10.672680773274166
1,360,43.38866837915042,1.6394238613107817,33.74477748877776
0,240,25.42879007326735,43.8768634832999,-74.43844334711399
1,240,102.22157443087573,1.0842935681532606,2.506196256041733
0,0,31.086378739858905,22.667238328080284,-20.523036026988336
1,360,48.3755662503013,0.9489154127112488,15.898063706566845
0,0,14.351668381859222,11.753963990800232,-3.206483456051515
0,0,61.8533779339534,48.15902888651305,-12.896123743591907
0,0,163.75822015936254,123.02508435298598,-24.674375796343114
0,0,158.25514975991862,93.06225967539665,-16.702514621894522
1,360,64.98381371380272,2.6738926300107653,30.903417489948197
0,120,46.79562988369298,48.71683530586919,-74.42380184619881
1,120,131.8999799407782,1.3220179651983497,1.9297840070176733
0,0,28.967783998302817,20.595584159807725,-26.479190461164436
1,240,64.4851356926445,0.9311302506382247,7.303164540744575
0,0,30.69686306050954,23.36506553099841,-8.329561317213063
0,0,75.22463784747923,57.56275178803419,-14.37669402818387
0,0,173.98858729886263,128.89011606070605,-27.46028784119354
0,0,154.387017898632,107.72651830370118,-21.082207701044112
0,0,66.18572091646504,38.94149787030759,-7.432493525347397
0,120,105.12541994239969,62.50062516866722,-74.2400340089559
1,120,128.54068159218122,1.318861858613159,-0.3332485859451708
0,0,25.238562126991184,16.882538307498447,-12.767250341619395
1,240,68.01754803555065,0.9059852131971627,4.620354548179705
0,0,18.47453045193563,14.48492506482874,-5.949425210091107
0,0,75.32150108748773,56.8046958959921,-14.411887116859766
0,0,170.2633529838746,132.86892329316947,-29.526225814741167
0,0,176.03087797162596,126.31933300929546,-28.33173416521211
0,0,19.84251413594868,14.376969894470534,-4.335476741561962
0,0,36.91145764105746,22.18957340000199,-5.01860069718154
1,120,145.1118846758206,2.198843775549243,1.9232391666771491
0,0,21.602241677395103,14.91209933183511,-13.907626320190289
1,360,47.39593268053426,0.9954772965151433,19.099240042285743
0,0,15.17730396038439,13.300899479562755,-9.580525113293618
0,0,31.996446089577322,24.506832413801856,-8.4824782643297
0,0,126.54527825758171,101.25043660658115,-23.500721885938972
0,0,87.16665756398939,68.43232404760008,-16.361266979609994
0,0,14.832701144560067,10.925699057967403,-4.037636545454532
0,0,17.00941511702278,12.373860905424841,-3.794336685518175
0,0,38.60329928817209,22.949790480561422,-5.4062700759780995
0,0,24.61557493297285,16.68140266298889,-1.3913144541265723
1,360,46.95643006875567,1.3364739072317713,27.678693051833605
0,0,18.68320521248156,15.56458243277768,-6.415403686829805
0,0,65.22757492544875,52.88685277664617,-14.43870763942573
0,0,151.27092187872927,121.97589072643885,-28.21152060287593
0,0,63.80093059266955,48.27916504508566,-12.389818725162122
0,0,21.015819032809826,14.98358338931958,-5.203280104195073
0,0,14.733800923266852,10.077998221489903,-2.1151771264968318
0,0,17.72646010570621,12.764110407208987,-3.434445407708907
0,0,35.693136928548576,21.323789163775935,-4.322561923027408
1,240,85.74905831056113,2.246880733914841,16.491837268707954
0,0,32.16678405343526,24.064949666925212,-8.666545653830468
0,0,127.76158404997503,101.31248272281553,-22.5591350242506
0,0,182.376126149595,140.47888790246515,-31.69908782749077
0,0,92.68880352102381,71.41483746215324,-17.049053925802973
0,0,21.676271607334787,15.459781695985523,-5.6226161850463825
0,0,21.96779708861832,14.985629051462457,-4.887916222977381
0,0,15.195600942547017,10.247015420612238,-2.7085093698872527
0,0,18.850017066137244,12.360859961723415,-2.380759419958963
0,0,43.7787061728363,25.942185626705598,-6.510199787156495
0,0,34.76150110912586,23.675335560200597,-3.857794991160901
0,0,154.64836921581252,102.21178510507546,-19.566544249002824
0,0,264.40514187364107,117.99701586878064,-30.30911278832499
0,0,166.98922545563732,119.91652321074758,-26.623164458502792
0,0,53.608806489888586,36.942654903967565,-8.609694639294887
0,0,19.92292709749536,12.860301611387422,-3.4653044131821957
0,0,24.303043541798317,14.795348659577467,-2.7938587509183463
0,0,13.531905670404488,9.441399997035584,-0.8644048461005411
0,0,16.744605711578213,10.907429688933133,0.4612334133055498
0,0,29.662356009346862,18.59395728961486,-2.276200183119201
0,0,238.61781184093974,158.32048813155853,-27.509736358193848
0,0,192.5043941982753,142.61497620166367,-28.00509583892945
0,0,63.177893761020634,46.83173509947618,-10.94085269185831
0,0,15.444061183221702,10.277853213872822,-2.2711541611772645
0,0,13.383521327495563,9.18117754299352,-2.186662437340928
0,0,15.638927490311366,10.030320345864434,-2.2131915229960555
0,0,23.29278539239149,16.41819131622223,-4.957269880987923
0,0,15.516309673752634,11.756828199571906,-4.135334524736265
0,0,30.43068770100852,22.75650640294047,-11.062248655375612
1,360,83.7152906028122,3.738332744162883,34.00962702657834
0,0,210.95044368084007,137.56535782204688,-22.49536862815927
0,0,129.81984700920196,96.00089560938662,-18.20267363027923
0,0,15.157935173087292,11.013022908476922,-2.2053227264034376
0,0,13.95025805547723,9.81697835369242,-2.63655775998582
0,0,22.630709483503345,14.944876418442576,-5.071230039894417
0,0,61.54180068834454,45.01038572776993,-10.854941253927741
0,0,36.38039750045061,28.210948922680313,-8.423620498493776
0,0,25.555397284580458,19.590631499245884,-8.99335051549076
1,360,45.373897837910874,1.6237360488667691,34.29021415756418
0,0,35.74417544337388,26.08831803724816,-5.146100182288677
0,0,25.634927799361193,17.174329752219933,-1.8785553352031172
0,0,27.483611490107094,18.361825355294396,-3.557356843162566
0,0,33.3160385990629,22.805285301268874,-6.099752532085731
0,0,19.994761941104755,13.47669962660994,-4.468413606748456
0,0,15.999943815982254,11.495393423027124,-4.661303207878731
0,0,38.39947614640809,27.472698759566985,-7.251261400650634
0,0,23.530150703415185,19.96683750224201,-34.64800469995727
1,360,41.27184404641851,1.1745730271118062,29.669165519011983
0,0,20.67613034241336,13.904190886716963,-3.7828790515378046
1,120,170.321903326795,2.6556234370837726,3.979942753535653
0,0,26.53924086079335,17.45492359176815,-1.303933341488488
0,0,20.21172067066599,12.813406356506007,-1.6224072708832438
0,0,14.523493636203925,10.508684772051502,-3.3580389764560863
0,0,39.10850373853676,26.47681351054203,-6.653137101769161
0,0,35.11263035415665,27.330322365052595,-8.131517446145395
0,0,18.610315109614557,14.867608997943979,-9.332549772630543
1,360,37.972121885107335,1.1523983030774971,31.951399641014604
0,0,19.05620626829243,12.977349552730566,-5.315474988098771
1,120,159.89900101041198,1.6326335168802495,1.6602298447992752
0,0,69.1728767564172,42.76197761543178,-15.119949745278177
0,0,33.6253214830803,22.77333380558133,-3.8321485430071647
0,0,18.05559988038812,12.604141600037497,-2.0565067129607257
0,0,75.41942326361536,46.38580611177698,-8.538184348144142
0,0,24.48945674424254,18.430749517383816,-5.725988857320587
0,0,21.595774077973036,18.64413236644436,-31.851471861399027
1,360,39.52002175725034,1.1529145615633654,31.887250213554736
0,0,31.896571499980045,21.985803190611456,-24.835265624663393
1,120,226.31823940231504,1.9139303766828022,3.634756549570369
0,0,31.841311948124304,22.55019883988649,-6.077769862239677
0,0,39.49756348705705,22.64483184686794,-4.230742642575706
0,0,40.10719080472514,26.3051046877806,-5.669962192904222
0,0,35.242155155089655,25.25609703051919,-6.207084582962892
0,0,44.40242690072883,33.835519526252995,-9.2625382998784
0,0,19.283883049198362,14.639479629841084,-7.0107260279828125
1,360,42.349491713851286,1.1153577473198948,27.65018219518477
0,0,42.40476965001466,31.107998179581127,-52.9465268799635
1,120,167.34633695436892,1.4111136310332366,2.5003175572116874
0,0,42.801385348968346,32.24614711446246,-32.64700719691321
0,0,27.453117439051432,18.368979537361565,-3.489910015225803
0,0,37.0413280669738,21.476630557186528,-4.530647877365666
0,0,103.49790131079935,68.64830764894418,-12.560121965702464
0,0,79.2442858184785,63.626573391319,-13.140160522574234
0,0,38.71673781993423,28.72534842012044,-7.584781801413513
1,360,43.18643731842664,1.4127838324591189,33.19211318460255
0,0,70.18835972605072,54.86544763257474,-71.34033774071803
1,120,171.03690581890143,1.3870282310847446,1.5083495804083356
0,0,73.28570375217714,51.73685252637511,-15.949391683676133
0,0,19.970926686270445,12.830074558167428,-3.144773771873801
0,0,26.85658894056533,15.412979425746967,-3.7440430014764416
1,120,521.6675243045909,6.700747387276461,8.299195980761908
0,0,45.41645015633702,31.34759424477829,-6.418551205466855
0,0,55.36043390539595,40.05017912655227,-9.643592060798937
1,360,44.3941098399598,1.3386640653963626,31.12172871647242
0,0,43.09613359937834,31.73103473476042,-58.487472188114964
1,120,169.91322752204007,1.455155507740583,2.1627170396970854
0,0,74.55997894336994,52.348826726770746,-17.89489543551222
0,0,42.438026862506185,22.03711098945395,-11.823706689243963
0,0,24.460872822748993,14.550892033503631,-3.9362414807895902
1,120,455.2953497402048,4.671405105864439,7.0610637355270995
0,0,208.5439083979871,116.68890791305347,-40.933961632590844
0,0,28.67915956076233,19.393227920174677,-1.8898464338058574
1,360,41.611152181647164,1.4299054223081105,33.523377030998645
0,0,19.509833543618416,13.459359399575138,-9.106661186424532
1,120,123.11422963319039,1.183936651090524,1.0006997888042548
0,0,24.07501562061677,18.161233530059736,-8.087514635993315
0,0,15.372912074286676,10.49646926681058,-2.640604569662017
0,0,21.839434175927135,13.091431847509828,-3.930487683492757
1,120,429.2679059424901,3.7889600644826458,5.147730455263073
0,0,303.96761299719486,172.21622586892477,-69.0699971070044
0,0,414.93547030405153,101.04936436069173,-40.664590659287825
1,360,61.417133021485746,2.430471690839673,29.792559907060735
0,0,28.646632205283467,19.635069705382687,-24.191552266157984
1,120,117.22122071532175,1.1711320670042238,1.419219846305225
0,0,16.266586136896915,12.688305381548068,-7.966097855553812
0,0,17.881783605527755,11.461268763527329,-2.8484240673960812
0,0,26.012773120230943,16.265369646826787,-5.917475397894393
1,120,315.1530669789226,2.6261101466620804,2.6031698064308273
0,0,171.34082048509265,124.5945636866378,-47.409773059097546
0,0,89.90047029116198,58.76533062726681,-18.190233437570896
1,240,127.23057170856801,2.6954601361500465,10.891593916815978
0,0,33.45468201657733,18.39914037424498,-2.1001556354353568
1,120,114.51469030066295,1.3096927451231473,2.221245898162209
0,0,42.85900544592299,30.712796541135678,-9.447896338555736
0,0,18.78874033039622,13.364785564639142,-3.993887701753323
0,0,20.910541295201902,12.522736362931719,-3.6767210750728907
1,120,302.8430228386753,2.583737855005143,2.1764728618886267
0,0,171.12341501685617,124.7780646527435,-47.34294657544241
0,0,69.66697340811555,50.06656656899936,-18.18682362571409
1,360,61.821455422195356,1.3265927039625993,20.65755320453593
0,240,52.1248913619996,36.98575751250695,-73.91210174832612
1,120,207.39291837371977,2.765051568716343,4.656426110972561
0,0,27.75901577203528,18.256284967934047,-4.651852325198703
0,0,69.16463323287867,41.361882488469945,-9.352030248427837
0,0,46.55032806706808,29.409402625029774,-10.77578698894417
1,120,361.16993023794663,3.203234653893817,4.061495127956974
0,0,191.50655281023762,135.9607021162302,-52.867066606223545
0,0,136.31425810550778,101.50204741472216,-52.47363926674572
1,360,51.133322699723166,1.2535695569208225,25.65308161997706
0,240,29.31937836631649,33.264427573833956,-74.28183995076033
1,360,60.495630632425296,4.108152040609976,26.17979971231881
0,0,25.29364151263221,17.450554722412047,-2.258680661393413
0,0,17.971730669008156,12.853596855094066,-2.6115691265736842
0,0,23.754345496457162,14.547743235370485,-5.313230923885314
1,120,205.311814750701,1.8333014204590647,0.6290427865660178
0,0,163.86795241470773,122.65450955631566,-46.47902973218456
0,0,112.02193996877722,86.72132693009613,-38.69847815447106
1,360,45.14601331432879,1.1485480696555166,28.085672207665397
0,240,23.462654556405017,25.390564094957742,-74.22760360670628
0,360,32.86980733069398,2.8230502113772227,-7.090513127401337
0,240,122.65790905679752,10.212027835449556,-58.465531152113314
0,0,44.99826231081751,29.274456548794678,-5.481131891603468
0,0,26.848038399089482,15.208516058109673,-1.897398813180999
1,120,413.3311526686725,4.228436129296226,6.403099112081719
0,0,211.88551368892692,142.0117932765928,-54.54853268022495
0,0,166.0967335040073,119.85401498901537,-65.08657704059775
1,360,48.29293981811671,1.0884673106451848,25.206067359365022
0,240,22.774487638137117,21.63765600802686,-74.214035169341
0,240,25.001728122457816,15.068465688524961,-72.9506820193793
1,120,114.19256046247801,1.3897590385932266,4.630354997605892
0,0,32.76991435678908,22.22396926471012,-4.237237522302948
0,0,52.19618938382638,25.63609145328267,-2.6989918730561726
1,120,639.9616899814553,7.9974957191344656,11.669688834908726
0,0,226.5615005607937,149.18134880471533,-57.47787019651369
0,0,183.5701942834865,125.41082232967614,-69.57472992738482
1,360,53.24501781062803,1.0498702307097398,22.427183107450233
0,120,33.49329641631045,21.296663007509434,-74.2168474704777
0,120,98.59089428685864,42.33973716992979,-73.69022503839875
1,120,203.8793683304357,1.7683845794837234,3.8743260170480056
0,0,63.173069718700134,47.35239556286874,-63.74177368176572
1,360,89.53583593375072,2.742687529358033,25.41244632608266
1,120,408.62735842748265,6.426209524808932,6.014955107458931
0,0,231.3227567938926,148.53569725730637,-54.673954636496255
0,0,109.15559109108284,81.22172486880822,-38.83703558865227
1,360,58.57598535268213,1.0243477073179843,16.513103836430247
0,240,28.176084013220496,21.19744980243811,-74.22023555467196
0,120,85.05405794514944,39.348502922963114,-73.69200670672778
1,120,148.86601912239328,1.3282187024616683,2.6721071259973
0,0,27.258826560790393,19.14083801343518,-21.03159343640045
1,240,69.84335245545867,1.1615292893417914,8.36783353664866
0,0,35.23880553424059,23.85099763914172,-4.976358998647811
0,0,274.76656706533,153.69774252328793,-30.709909318262575
0,0,194.5881451615919,138.64626766495795,-61.95235417175941
1,360,48.412731966593654,1.3495850060356747,30.335723367942634
0,120,24.35280434724377,24.514758650176393,-74.19142200696373
0,0,69.30393480860603,39.60286382235956,-73.45864549597982
1,120,123.42185792952165,1.164997634131125,1.7003315637305718
0,0,23.460233343090955,16.36989988283972,-11.992265471703718
1,240,62.94497193714962,0.9692616148766277,6.880014799745723
0,0,21.1273014742408,16.282174507736045,-3.489268854021958
0,0,29.577216442310093,18.86742230654396,-2.195397217897181
0,0,164.6627133870094,115.26234315775804,-33.56347219688735
0,240,34.60093256633924,6.410926230782808,-56.56420819511414
0,360,36.80091647617683,2.892111561036317,-19.412807115151395
0,0,159.7366602203704,105.88019269337997,-74.43678623879055
1,120,238.93162461835567,1.891180486278087,4.897502723617663
0,0,24.767743685606142,17.302799307194142,-17.720557875448996
1,240,61.44129735542653,0.9058903794278842,6.4342412276969725
0,0,14.358388765511116,11.923965981821928,-3.969981548295735
0,0,15.576874936788615,11.560686957470407,-2.5413494845995217
0,0,30.01199061016783,18.477346094321504,-3.49896953976841
1,240,72.24125446745148,3.8212151691177034,-12.45757780693193
0,120,193.68675520507196,14.434010337431053,-65.86020256549358
0,0,275.16690374814675,115.50680823698123,-74.32865096371756
1,120,226.50978918030935,1.8163910712902025,4.70796048357758
0,0,31.702344966795692,22.351841463796877,-24.91287527401952
1,240,67.01873595607042,0.999426942495634,7.262704770751398
0,0,69.70081524158951,55.359883608964886,-16.40005723244252
0,0,64.77392375052285,51.66438649470773,-11.659640198595554
0,0,26.24511032311952,18.23597064118601,-3.857686743165445
1,360,82.5908033964154,3.2827534298361583,33.346108448289286
1,120,288.5663578358445,4.311896186123346,0.7480739477210818
0,0,200.78709837321347,109.12161480168028,-74.44703946745251
1,120,193.69262347606548,1.6143976082288254,2.0544773710118847
0,0,25.59148200358453,18.304438333210495,-15.838620677251086
1,360,46.72636884315093,0.9441450187609854,17.258116501758465
0,0,16.8142564994419,13.87900331936823,-4.878369582455221
0,0,19.7454596991409,15.251459465669619,-4.145309993855804
0,0,16.075538250500724,14.013002642876042,-18.525144408736914
1,360,47.66939557957737,1.5342948605521711,34.63331866930919
0,360,51.0840417247067,41.98292973583537,-73.69828892858415
0,120,76.87650465609659,47.55405389377982,-74.21354496334956
1,120,126.81786606358193,1.3441095665973768,0.016192596918344293
0,0,35.15149478047345,25.889082942484297,-44.56558195884842
1,360,52.10417960103058,0.9824509933656644,15.14126033650301
0,0,26.77067723260836,21.16164226178841,-6.92818276806463
0,0,14.253602808132129,10.999634528763586,-3.384734597488844
0,0,16.661887357855505,12.964389465917668,-6.932092186054305
1,360,42.40578446379549,1.2380923687814656,31.6649421379676
0,360,27.803093987994203,31.930371267316495,-74.13167883887893
1,360,54.448171469347244,5.290993832752302,25.602771282397555
1,120,154.25491561777014,2.5206576368335263,1.8175474892695718
0,0,40.86453971101231,27.92335305775324,-36.91937655195452
1,240,55.89291331455135,0.9900156814981794,10.844197948344856
0,0,14.541977219088935,11.744434473765507,-3.304614427315073
0,0,16.264854335118752,12.383569347454157,-3.544816729227662
0,0,53.21254009277975,39.768427205543006,-8.849984372280716
1,360,39.54506118423401,1.2489680498502957,34.863287372266925
0,360,23.343956274231687,20.241219685875667,-73.78364370900444
0,360,21.517844836386338,5.493424922399858,-12.827069849261086
0,0,64.97971769006413,46.340669111960516,-18.306192021008847
0,0,44.41844698639224,26.92833848311141,-9.156792498473095
1,240,64.36884391633915,1.1638772396275965,10.319952906360768
0,0,15.158615392469374,12.131042781466823,-3.4003805962163938
0,0,34.12333766916405,26.20761733403505,-6.411777378982094
0,0,23.77851902255175,19.331080366148093,-13.351697922613695
1,360,37.57699531507117,1.239298087261253,36.08315068657663
0,360,20.27669816753169,22.613610139741013,-73.9623188651259
0,0,14.989133218131329,7.756877527294975,3.646372392159492
0,0,35.231017941531135,25.165825848602715,-4.682994440813943
0,0,54.317620824048824,31.53337756120869,-6.787855895496193
1,240,86.51526477626146,2.228494605755163,12.668326553585842
0,0,20.94721431204994,16.238993003136052,-5.064889205391481
0,0,49.14729903887336,38.82787063673504,-8.85556330743104
0,0,23.461604812439695,17.438921780047213,-3.663639721160706
1,360,38.100378168814295,1.1902305491039789,35.653372837548446
0,360,19.727404470623526,19.879720753891586,-73.88507975698496
0,240,10.907463027716897,6.2889536255137495,-30.352824161566232
0,0,17.762601816063917,14.920225626077615,-3.567557135041895
0,0,24.239933890587196,16.287098467232845,-6.586398049187281
1,240,128.48735239262598,2.511212122970473,9.900666786122741
0,0,57.350443284138606,38.43399896045411,-8.311783665651959
0,0,43.93831505476496,32.81799985032307,-7.549068289682552
0,0,28.58331113453467,21.900557405983992,-6.0695305244318405
1,360,36.84638086893059,1.389998016169663,32.367296766318034
0,360,21.278475635831644,12.665136708035934,-72.90674452232064
0,0,11.225257846164135,7.5876003938301055,-6.56843720871079
0,0,72.96291207891774,49.92026509546978,-9.222236738493962
0,0,72.98583363366315,51.146101366282714,-74.08982472541545
1,120,107.56987837501912,1.2686633595156682,2.6858213143444516
0,0,31.382983805338903,21.36408391787265,-3.3709204879151287
0,0,29.15957277229625,20.721135969397707,-4.0085761220595515
0,0,23.48191028021023,17.464188243456555,-2.9983308875622043
1,360,40.35897125135669,1.2823331586594715,33.61483826038845
0,360,21.955889572570356,15.883518348922594,-73.60406243129124
0,0,22.004446205866444,7.67012919537042,-37.07204785938917
0,0,33.96718136020714,23.07143834400959,-4.670529267798969
0,120,53.59162451598335,36.166678335301924,-74.30295218052035
1,240,82.89353411319566,0.977415646015439,3.091876198830434
0,0,17.616088076455718,13.96674841848706,-4.506533554686044
1,360,77.60024337118585,3.197777793773363,35.34332559826133
0,0,30.751104121722918,22.22783094510518,-4.098630127508457
1,360,35.8722920063429,2.1586846240566944,17.989539880272744
0,360,22.28845618219335,6.510426138502943,-66.83320008109361
0,0,12.464603772087026,9.881035615043158,-3.6332303612069836
0,0,37.55273905959228,25.225679781438803,-5.534335781369151
0,0,72.28131019690231,51.688111667218784,-74.24177368564966
1,240,92.27387705167678,1.0037558354996,1.7319233248653916
0,0,20.510575975399146,15.471621740509448,-7.168064489375297
1,360,46.82668097926965,1.6611118248283112,33.897923422038616
0,0,64.30010131327208,43.83147288900292,-11.811079144235805
1,360,64.72105048179668,2.5743721177390873,29.96053581569882
0,0,21.221230578752525,17.883622243374102,-17.317263314847082
0,0,76.76275726796636,57.76212776862057,-12.577200168677564
0,0,40.35137485544652,28.821212769190648,-8.821510986091866
0,120,80.6503544341651,17.807821444287857,-73.31568281074323
1,120,94.63187040867976,1.356310102719656,-0.29065716311843914
0,0,19.924318789582482,15.713295871588668,-9.965225998984067
1,360,40.28087838943214,1.284365172488293,33.75687628396197
0,0,37.19261253441038,31.320186316866764,-14.226982887086443
0,0,28.473602778789402,19.21427193070322,-0.691549450898151
0,0,122.83367774512753,79.15863233196973,-13.137233663312529
0,0,35.55283156962494,25.091691728796793,-4.563363752299438
0,0,25.726652625388823,16.258910031864602,-5.030299807459457
0,120,65.1347268182253,34.24854885667914,-74.2860885219497
1,120,110.45858992450714,1.1000421376082317,1.8504632066564852
0,0,26.74317430840309,21.111210772761936,-21.255883282981287
1,360,39.84589464046749,1.2672279971451859,33.02928321913298
0,0,52.91062931611951,42.11737425854232,-15.043364288494423
0,0,39.04297471244234,22.65565469575333,-6.116043855401571
1,120,444.35259803400396,6.316248844767265,6.630919508668143
0,0,31.483060622320043,20.029716253687436,-2.372782375370889
0,0,31.81334573936692,20.413235639730175,-3.4366020408491096
0,0,52.39531349656173,35.185794608658064,-74.29957987164995
1,120,110.04814922622032,1.0626273538845814,1.0789714162864215
0,0,23.288363966407957,18.143838357554152,-12.236685282054573
1,360,38.244187576771026,1.239375838624552,34.76319128354743
0,0,46.52434736353406,37.65368592617154,-15.602281996099322
0,0,38.721753059054016,23.34170243505121,-6.451571007464793
1,120,548.7031047026127,5.920566081237937,9.494170582886056
0,0,133.29546654899653,78.97798289491168,-21.391709536969508
0,0,74.06079351532132,46.093501842661546,-10.838645767227462
0,120,57.76187673503711,36.46294149602995,-74.21177848486846
1,240,82.83641039254687,1.122596108666016,2.5107426718508066
0,0,18.937211998766358,15.328949485767785,-12.684428134943701
1,360,37.265671772907524,1.2112998477534016,34.462803096162375
0,0,34.21689173380025,26.490983806570306,-7.730841654356581
0,0,23.455403785478175,14.393442264838662,-3.683932056923908
1,120,287.20903705025324,2.5289787057256534,4.2910724727773015
0,0,55.4322319803901,36.9222095534046,-11.857946362882977
0,0,323.91008629055585,101.87134860355695,-25.65798369718987
0,120,133.3368385948732,70.49728191272862,-74.16615478458493
1,120,198.80038713925853,1.9319089926008635,1.7071928212885865
0,0,21.63349132349411,16.006427140482245,-10.961744554980946
1,360,39.73105154760288,1.275213317511539,33.45727081285173
0,0,56.80675312419418,45.48452005713607,-16.196646758830994
0,0,28.48156686085205,17.378421181285795,-4.7091488218694195
1,120,327.71366717091365,2.853711897359667,4.5588613599929175
0,0,72.85540064793352,52.05571659075054,-14.123955775720809
0,0,171.78370580947404,115.54196206741447,-21.391971830189263
0,0,361.93277605221334,147.75080543379215,-33.218256849231
1,240,121.21782947200681,2.54562542229914,3.212864150672573
0,0,19.516670667623725,13.372118671700902,-6.710700055044086
1,360,46.4821480238143,1.170071460921624,24.396946900421355
0,0,46.788165854797704,36.53969890985105,-13.750766648008458
0,0,24.357001484674292,15.144010075414233,-4.206944737113574
1,120,298.4984726759015,2.4857130218467103,3.1717632194755367
0,0,135.25827818304046,92.30907279738058,-24.129401263229582
0,0,207.83965704897912,149.71603867831368,-31.868933095742655
0,0,267.0798674361106,168.82913909101265,-32.80084425199121
0,0,325.10671352006864,165.1086037483786,-30.054467705788163
0,0,24.641169566046763,18.685059697884157,-5.503597514044628
1,360,44.789684987101985,1.4505303142411463,32.150600932956735
0,0,34.813190428441054,26.762234098369515,-7.766888236842789
0,0,20.698932399159208,12.792779263231996,-3.2313471879304245
1,120,353.26282482148656,2.8546436809683073,4.99838985538085
0,0,88.66825104208947,63.10635530940911,-18.69881582728965
0,0,200.80632100526495,121.28159412223289,-24.99167981471009
0,0,240.5043947818522,173.89938315504523,-36.74884432526996
0,0,282.53201036096374,177.89306793036593,-34.01102353409222
0,0,313.71341391006877,160.73798740807584,-27.61312568400581
1,360,68.26791289049515,2.959170747050235,31.74709403974836
0,0,63.33874909900619,47.00715485480258,-13.450782308914135
0,0,31.39320548037776,19.03893811572855,-5.1212406137942
1,120,273.32194287969463,2.3791816788322686,4.393283560792582
0,0,32.87988560813337,24.60528624428984,-10.011243887205367
0,0,176.33513090907746,131.09657964596587,-27.73970506115159
0,0,242.25393374001348,166.58349797622864,-35.89844390959831
0,0,269.70558778817804,179.00465706998727,-37.915029123987765
0,0,271.4523029166883,181.51775583022845,-35.19811268608599
0,0,263.7158627047619,142.07388447629037,-22.80891311037643
0,0,136.44802232777886,83.41115254040986,-15.773979970427249
0,0,29.273094033442707,16.571165142305986,-2.6403214595200666
1,120,289.7887525109228,2.5364259303036487,5.63045822760607
0,0,30.049062566491305,21.479959689172492,-7.9077313690818585
0,0,154.39404805786737,105.75319257753456,-21.27662942764851
0,0,301.2599721703556,143.8199782770435,-38.519856471818514
0,0,312.1598369637315,166.9096768325089,-48.531422134454886
0,0,418.2835321638288,132.2877523690079,-42.401529667575
0,0,291.11254031940814,170.06957676847074,-35.07448098512412
0,0,215.6337210347217,116.92078343517697,-18.62181819544628
0,0,39.65183356605175,19.906403119817174,-0.25527672214271036
1,120,447.2253446507514,4.285648452960208,10.6867304220347
0,0,47.026110271511556,33.76642066574366,-24.804377475499017
0,0,190.68783340824052,125.44752026872412,-25.91252053173124
0,0,286.1361582722181,155.15308179897326,-43.158079071187956
0,0,377.4556912076952,141.38497534593728,-51.337751416601726
0,0,320.10577003789314,155.69175028819933,-47.0909723040242
0,0,281.61388333078304,149.91562316991735,-36.63861872220662
0,0,159.6656085482658,111.30186235308702,-21.821645594606444
0,0,54.24016773602958,30.991316541376513,-5.879197241348066
1,120,284.68915148031476,3.6764821070072418,7.228581671876711
0,0,85.76916338937855,51.787205119340975,-13.234740126910005
0,0,255.02890966634462,111.69114678698696,-42.076681596601766
0,0,222.46216764682967,165.70513686262692,-38.93389672766146
0,0,185.27155164822722,147.99620599487682,-34.01049478426827
0,0,78.30239155540168,60.57416370250107,-14.892170982536165
0,0,16.07525697059408,11.82395113642051,-4.761907229499968
0,0,13.139309700312747,9.81725871647922,-3.2885271098368207
0,0,22.044853075592883,12.947328192811439,-3.4950059977810213
1,120,190.6233118422039,2.9737524296802484,4.535887804650002
0,0,75.70566693331855,54.39379007596837,-12.59632675679741
0,0,210.4586266832871,159.4440582015263,-30.882140205798883
0,0,198.8184331756221,153.33136048869557,-32.76100066289523
0,0,84.3640948800267,64.6223994682985,-16.024540772827898
0,0,39.53929586536317,29.238677185309477,-8.192748341112434
0,0,11.690378990616546,9.44672900327211,-3.738847097694645
0,0,14.846171326756055,11.546211643636392,-4.312503186219061
0,0,14.06008958608358,10.382622955784027,-3.5354907480808464
1,120,136.97641674378025,1.441132261289552,4.4716967433457455
0,120,76.7891865486064,41.90209226859431,-74.0781332913776
0,0,286.8468808975097,169.51904005755623,-27.60334173057054
0,0,102.39409277361786,84.8044062518305,-17.476058960793765
0,0,13.674455753288989,11.774236051801514,-4.420634606908791
0,0,8.55061225543274,9.417788942040763,-1.9954631702935046
0,0,6.634090469554864,9.011217113289467,5.51294253838735
0,0,9.38683627593386,8.941265893553929,-1.5739454759953446
0,0,14.43793306852257,10.444976907540592,-6.3199705886837165
1,120,132.834446943575,1.3048101708367086,3.7253934288409596
0,120,48.452739896844655,30.405597822864255,-74.26605138864213
1,360,65.82124098723781,3.8599855386148385,28.562379726107366
0,0,25.13699250423099,18.06499583355987,-3.1158882106253287
0,0,12.520462652371304,9.908528778877304,-1.4257622969875996
0,0,10.993426211735214,8.35109940962496,-1.5151418341571485
0,0,11.0178442491212,8.406480217596284,-3.1504859353262304
0,0,12.4134733357236,8.911002914449194,-3.455986758804272
0,0,28.858097703726695,19.5258592423459,-56.30012263835839
1,120,474.65699657222126,3.7622280363046228,12.737971648507212
0,120,102.54110840482419,25.487645697534457,-73.9532944040866
0,240,35.24261843964178,2.871128731060461,-17.982855258587534
0,240,81.82670744923027,8.374406855672266,-52.974575600939424
0,0,28.37087126778738,20.32955509659082,-3.7343339889610974
0,0,12.634496835700464,10.195463184867682,-1.7395482555023136
0,0,11.554311214600213,8.801192277808502,-2.388853039311371
0,0,12.635245077020754,8.992803336287121,-2.5513332804879383
0,0,22.57091084609528,14.249610519777722,-6.957105799773075
1,120,282.21983011006483,2.336110241281114,4.441895237520342
0,120,111.3054079022765,82.45237943475108,-74.45408121423131
1,360,39.59269124842586,1.2303644292021148,24.861147612003947
0,120,20.177132434302493,25.95909474312351,-73.27835000267642
0,0,36.4404443260116,22.0272715236097,-5.123214058019016
0,0,27.393157019736275,18.835618740970055,-6.308779411307555
0,0,10.912595007190092,9.613249001190415,0.968425232621172
0,0,12.377849143625502,9.509616912295996,-2.2971086997795993
0,0,25.127292943528648,15.547864921078382,-5.898490364845529
1,120,314.5681812624547,2.7208324400335484,5.293548831908595
0,120,150.18665953741342,98.22047848243876,-74.44847253365074
1,360,38.456629281949084,1.1035718557839969,20.412879427734197
0,0,16.785282830626727,17.603349623501213,-65.75623244755216
0,0,16.53925299541991,11.955804768851461,-3.1077612841973945
0,0,27.7631154726354,18.129067887921973,-1.7435534313341208
0,0,28.19736017243357,18.10672762304621,-4.9628238358316
0,0,16.490939034984457,12.401736574267106,-2.5007731398419963
0,0,19.91580133986036,11.989369407206771,-3.0277493620190796
1,120,288.5952726748753,2.3919885523131845,4.816991195306471
0,120,89.6875800088779,65.88173275227193,-74.44900560949134
1,360,43.06959768975408,1.0035152729576602,16.450170117227017
0,120,21.35594894658927,20.971053329952117,-73.94881473253434
0,0,17.541401826733864,9.24559547204989,4.4082967250851794
0,0,30.127716149798385,22.19079769779962,-14.658288698204316
1,360,99.04986220354935,2.725612695991388,21.88503551237183
0,0,26.94449718433025,17.947330812314124,-3.229357090167838
0,0,22.8754616093303,13.783805360238505,-2.5031046351287074
1,120,402.7609994019455,3.4905019026398807,7.2892338564065255
0,120,127.61815703561687,90.77168161866415,-74.45213974349794
1,360,37.891308145654456,1.109628625347436,23.41383860570747
0,0,22.433460570145634,22.152585236159634,-73.86525833903373
0,0,13.063753872840286,7.931249092101886,2.8934576231631155
0,0,18.59879550245746,13.261588108507173,-5.305474538672598
1,240,74.31907097626713,1.2277602428266157,12.391236665530059
0,240,52.98294215172712,35.723414907364656,-73.90927812798797
0,0,38.15245723545111,19.53591285464037,-1.5041421724652366
1,120,398.2904064261026,3.7956443923317376,11.5033199926647
0,120,96.20340514670397,43.902907636449505,-74.29495669344026
1,240,32.20254888548668,1.4083785088964402,8.326099771016686
0,0,15.173692363151686,13.587614808099127,-49.30602397300203
0,0,13.929381754954978,9.324710610110735,-0.8482425877023587
0,0,17.061275410398874,11.909516731865075,-4.036620679651037
1,240,68.25512476611202,0.9882468599965386,8.863109749695454
0,240,30.83686140149585,15.096988023292557,-73.82442880845991
0,0,30.498165463711064,17.97945559756336,-2.7384107969392204
1,120,462.20702578978745,7.432190651875112,6.403890155125424
0,240,51.70653805771148,45.534647232785915,-74.40453355663901
1,360,41.14616891950193,1.1323440867792747,26.058337134650472
0,120,19.49937287258045,20.549828671230436,-73.89247139068898
0,0,13.995727044307895,8.873442754167439,-0.4054749792196759
0,0,19.903807417566565,14.8393008096266,-9.321104628803496
1,240,56.808080471204626,0.9313154274411892,14.798072557069204
0,120,24.703635766491047,18.58371348146,-74.16636054685033
0,0,14.874871069387632,10.577295463185836,-3.9945954771082057
0,0,31.60045545708284,19.570662342763004,-3.6417403190034605
0,240,44.08536010086349,28.82794429379028,-73.82348781852347
1,240,67.24684109134398,1.1864571865089064,13.255788424915096
0,120,49.04192754129656,29.056683697504656,-74.201042937877
0,0,18.54054482375132,11.097326166951778,-1.3685573947745695
0,0,20.563364676310243,14.764234025675645,-9.394709102327823
1,240,71.11526710155258,0.9058024138424532,9.410419941480129
0,120,37.65332696032536,19.910005570298814,-74.19859447750866
0,0,15.8869795993568,9.979286569946723,-1.2912350189448318
0,0,20.619175757394697,13.86649970262027,-3.0608815753969054
0,0,47.32260503114581,27.798088655241184,-6.656209679486281
1,240,98.95655816549684,1.9449909456502346,9.511090577252418
0,0,29.585592332863516,23.084164560357117,-73.72760305821848
0,0,16.906223998330162,11.33578317027393,-5.08803762288089
0,0,16.364249094287047,11.196202654907296,-4.736177513657424
1,240,82.84942648234454,0.9232499782632824,6.112961177189277
0,240,25.521334839415005,16.196866733346674,-74.1372554321255
0,0,14.89707655535109,9.81508837038342,-1.3088211548216862
0,0,13.80022004409754,9.571053697348008,-1.7162083223286402
0,0,28.392305532046016,19.06011466371036,-5.210420308510592
0,0,102.80866626425852,59.44424249965445,-11.600807413066264
0,0,25.856973466841943,18.29314210796147,-3.1412432218682227
0,0,28.121015658164044,20.55878760068399,-4.565753534968309
0,0,15.970245805446702,10.852429977111704,-2.8794662617847564
1,240,66.4028248820565,0.9367285249030255,9.154030400862723
0,120,25.241830856886704,16.65758732355143,-74.14147453435938
0,0,14.640999696027848,9.280133631438758,-1.1510205577562829
0,0,27.19175141442481,18.12103598718055,-3.657835963250591
0,0,25.084400515411467,13.2174711220457,-4.104134121738852
0,120,93.91542658685563,35.25709128799859,-74.03999317704661
1,120,264.1095516219419,3.7176091441004497,5.981747953161175
0,0,33.780551222932964,23.37218449160995,-3.713525393527263
0,0,19.801737741639002,13.565866263677918,-2.0722692864526095
1,240,54.89115974585131,1.0027099343747248,16.71156404594197
0,240,24.66598838133895,16.771892217930258,-74.12285965220842
0,0,19.40872536697958,12.040808229864204,-0.15150020157778954
0,0,14.944237819698529,10.713750426580036,-3.2645210351526543
0,120,45.75874757998531,2.9040778744786695,-21.672146786115484
0,120,87.24039334500709,56.12355802760877,-74.42496463393604
1,120,132.2932570494674,1.3808976725717648,2.3793296053695627
0,0,67.3289821778073,41.48389242848197,-13.513753498577323
0,0,45.558082862271085,25.35899721756566,-7.940243238178056
1,240,80.12490150738353,1.248481465440794,10.356940413730541
0,120,34.92531999750038,21.32181253568609,-74.19026377292823
0,0,13.144357111970873,8.48954297640392,-2.1908757823947553
0,0,25.466400689804207,16.46031617715338,-2.734180798347623
0,0,35.24017700358933,7.4656545568673245,-33.99525263383145
0,120,73.73097903654961,44.885760946892084,-74.38521127318724
1,120,192.13448722143752,1.52942954477899,2.7303362207827178
0,0,104.66127500468211,72.14407938577514,-68.32633910288851
1,120,189.30402451222488,3.107397425344443,4.306468668438427
1,240,95.09405925606617,1.9539077854643105,9.685944396986272
0,0,28.312418361697375,22.49043789169326,-73.28032058457443
0,0,15.625837863283191,10.009150137744637,-3.4445790854371836
0,0,49.27902995672123,34.06958441405833,-8.316051134703514
0,120,58.858897785843894,3.2055649053981687,-22.765634729117004
0,120,79.86989645319476,53.314170747191504,-74.4414578488708
1,120,174.96795613459986,1.3832943165199758,1.4165136464188635
0,0,121.58398605008932,88.72805386706393,-73.77567147832963
1,120,152.97485304653733,1.5682615518234742,0.01289519644143411
0,0,165.3319904291938,99.43556798271047,-35.03091116695385
0,0,41.49502586411041,27.71331765583559,-4.8675239659876155
0,0,17.2609087684554,12.11478314869069,-1.9807664232183981
0,0,17.292314681169206,11.841041995549466,-4.750382981368546
1,120,99.16295511032817,2.077145897634084,-4.027985820321348
0,120,76.30184796839056,56.8323996841309,-74.46134033521491
1,120,272.1748209137514,2.0219681413544555,4.501323387024641
0,0,96.40436033647866,72.28526388623108,-72.37471941587482
1,120,122.92652585235098,1.283748885068441,0.23244711152892705
0,0,159.704833307012,112.92188024899042,-35.76559031210064
0,0,91.1182027058269,54.17713022267619,-11.111663865300393
0,0,23.15806150926246,15.998936241299273,-2.002882321366556
0,0,20.040842208163912,13.38200885644126,-2.9666725122763324
0,0,96.89617733403165,4.794718591949256,-18.354549731285736
0,0,121.08710969107825,76.2157698233044,-74.44485684568599
1,120,274.3078712363921,2.0326236883256104,4.057997885026921
0,0,118.79343199586653,87.85860237287788,-73.54595173275085
1,120,153.83450327102813,1.3228020828542693,0.14149381504087444
0,0,119.35102069237456,88.56686921524417,-28.251380845509665
0,0,46.63848082212439,33.010218831125826,-7.760751408177441
0,0,38.90261420059584,23.541281291222006,-5.835319332729199
0,0,36.48258483594697,21.541415493810543,-4.589143428755264
1,240,94.32211688638719,1.3107163686773375,4.0284295287302
0,0,102.2633729926893,76.52931967445467,-74.47062552820479
1,120,165.52545217518102,1.380018897253845,-0.07115520864421399
0,0,170.96407454581882,122.68520012389172,-74.21328062096403
1,120,135.1959921488109,1.2506265401421817,-0.5754076785448063
0,0,130.1316742813945,98.89744049504283,-37.25459977695358
0,0,95.95304029175946,67.04758547529207,-14.775209023448042
0,0,35.836799262044316,19.59969045763342,-3.4888025549646073
1,120,698.9771411773007,10.818719521930095,11.114026893936327
1,120,320.6522693200425,5.616492562724392,1.1590416258469105
0,120,145.9237798228277,85.68490882993441,-74.43479506765541
1,120,205.87175663858488,1.742706729472648,0.6627578737655142
0,0,134.00257114254774,96.86361276125658,-73.96690255623628
1,120,156.79252366025804,1.3100799169741386,-0.14068372880124969
0,0,111.65005484043911,81.40289276569312,-33.19533741788582
0,0,88.7682249069479,51.36371924316797,-12.38770372586633
0,0,29.750810267048212,17.0894220935665,-3.200696351679156
1,120,799.796684186444,9.660735976526379,13.181555280340234
0,0,154.19396796113557,87.7779649635048,-25.62123766611765
0,120,139.65949613563407,71.03992338214955,-74.19112214570468
1,120,196.26700013380108,1.8573404161397669,0.01565968370995563
0,0,120.17949848485839,86.04469740803319,-73.5663426236301
1,120,159.24910838218614,1.3215167638847625,0.06730230431041662
0,0,129.19026536403896,91.70946837220151,-51.98431877514112
0,0,122.26238906257821,36.107554191026445,-36.01070957103751
0,0,26.38290254719097,16.026803456992187,-3.384018495365069
1,120,762.5680200247833,7.853120859227741,13.243531421122142
0,0,47.7148562954696,33.10187914725227,-7.275962760536373
0,0,32.85784650015391,19.906097397582325,-2.602442987880025
1,120,186.5121982639145,2.8763728535889217,2.088175804673625
0,0,107.30622534252409,71.98350336070862,-71.59919851021243
1,120,147.35953541846527,1.4476035873857331,0.43430464274413794
0,0,118.27011164876932,84.27207198918457,-26.810658313398122
0,0,91.54062997268446,66.35647289067488,-14.900481097879485
0,0,27.05343523758608,15.525613414270802,-2.585356458136033
1,120,774.3888062630988,7.869948966297712,13.148781118024303
0,0,33.37575083022514,24.102309769339,-5.6598076982537435
0,0,15.09002813680173,10.97346146508638,-0.8861710199556967
0,0,32.83137309717558,17.972111219635796,-0.44563498553314673
0,0,57.25543318233859,33.41686603379217,-10.388067649534321
1,120,127.29593159903229,1.668932572943242,3.7434791708506765
0,0,144.68419214325957,108.55014809297336,-39.474029244670646
0,0,90.72508002532173,67.14550112193805,-15.9174918320927
0,0,29.178414849179926,17.038732783484832,-4.1923978718783275
1,120,700.6752629038996,6.616627280370872,11.768311085536268
0,0,74.25977055359567,52.41666606802683,-14.840295212407021
0,0,16.38585984789887,11.259791470898183,-2.317276134009589
0,0,23.63708670557078,16.63130929993645,-4.36709348300343
0,0,33.17335431073275,20.362156075920147,-4.652210376260584
1,120,264.93299211413677,3.9803347869939993,5.147705474956425
0,0,191.3306370474466,121.25944687093397,-45.335995432648375
0,0,41.687285276379015,28.97633087749304,-7.98491635322506
0,0,31.700171941634554,18.121644613933803,-3.765959057171443
1,120,687.7138848057089,6.587986601512364,11.993375321623049
0,0,52.98056689918212,37.271293626708896,-9.359582627802979
0,0,17.196662967033124,11.642592339246105,-2.9233816408635818
0,0,28.35281971613153,19.800317504323708,-5.81545166217893
0,0,28.63652451295188,19.741482175984384,-5.6837263418646415
0,0,37.179938392734506,22.07643504023356,-4.838401091826029
0,0,188.82738559904612,118.22974797670501,-18.63942514824533
0,0,62.377654265047035,45.11171644675361,-9.61646344778437
0,0,32.64218386428016,18.09314200318136,-3.182568975825035
1,120,750.9740814350998,7.615432388067393,13.913303402840896
0,0,27.238504547143,19.477453691447153,-6.898955809292033
0,0,16.118042769727044,10.669384776641829,-2.018553300400754
0,0,15.150319473654116,10.393984692940524,-2.8090384505885595
0,0,15.51573608335477,11.03695518314707,-2.4059812028997527
0,0,12.550212138968202,10.156956271858645,1.9758060586234194
0,0,26.21557593292182,18.125371043939253,-0.3138222341456043
0,0,206.08024939448535,89.7245392896928,-25.34721202901011
0,0,46.708076457065204,25.766495370599973,-5.036228466902784
1,120,749.805486597852,7.797451235320266,13.37212171295269
0,0,93.6929691108841,67.18602551992547,-22.881518371635032
0,0,13.952899880482775,9.705019208258417,-1.6477789356639079
0,0,19.380851079760312,13.525591233596353,-4.217677942201291
0,0,17.061461091905876,12.367815494780842,-4.41017618519416
0,0,11.842153399851309,9.265074345870428,-3.106528922403001
0,0,13.55484101338061,10.144719633744348,-0.5519678241445689
0,0,30.006083732128292,18.267985535493686,-1.6216495349150648
0,0,58.65647920518236,28.078767026282907,-2.848157610791887
1,120,734.556747652549,10.53223454171353,17.2347682418159
0,0,67.825505558112,46.65432885405235,-13.835125143542705
0,0,18.84958871176961,9.918360496001318,-2.2370810229158877
0,0,16.138201163036587,11.101991600964269,-3.135197987660561
0,0,48.499241164548394,32.7058350115882,-6.860573568134683
0,0,17.739775859718158,12.244927836094568,-4.04056756810067
0,0,13.300472056235623,9.454303729519477,-2.1515734332760417
0,0,20.355712083268198,12.47868136623215,-3.917123219438622
1,120,178.68907236468016,2.6671128520169214,4.243726464919462
1,120,847.6338292193659,15.467114803047284,15.983063363304936
0,0,132.71439006106826,79.95981619199927,-19.3305386386063
0,0,23.356687407261198,15.684308613606781,-4.144652179114203
0,0,24.704683672025606,17.317548643952946,-5.171142939698527
0,0,18.089789177276177,12.593265214539555,-4.843484584227937
0,0,23.056409157117955,15.822079450583246,-5.287109849905363
0,0,15.07984874567041,10.697721846552822,-4.189916494751756
0,0,19.852735810987536,12.550331668987186,-5.074410865606993
1,120,125.37119754293884,1.4017729010006772,1.8699311923004558
0,0,51.256089429173656,30.920324175412613,-7.965040355905913
0,0,131.9143638230631,85.93033193275068,-14.51121297945776
0,0,101.80839079389143,66.61557882457353,-13.046538496659778
0,0,19.16916680805636,12.757800131218664,-3.20075463906133
0,0,25.713724780267736,16.0774335950284,-3.629658177357001
0,0,22.53438306527747,13.10426372822424,-3.7694063394882136
0,0,17.750039818664547,11.543743324025977,-3.179288228885895
0,0,17.696037753450277,11.518042932283299,-4.524919060375481
1,120,164.13539261457325,1.5569959692408415,-0.7349235899997097
0,0,159.58962988171797,119.36916488398894,-73.55838132183945
1,360,83.73077018983147,3.3954642011332634,31.845558081767166
0,0,64.0461625489255,41.20300272870648,-8.059220275335392
0,0,41.51006790460824,24.717839927894843,-5.986075483321201
0,0,103.60394199717366,72.397510438743,-14.599876414503527
0,0,20.104849013587078,13.171039381520352,-3.6331137864426495
0,0,20.971371292267666,13.500158524916449,-4.339939889682228
0,0,21.59133426768188,14.206344483684223,-6.347773669977656
1,120,127.42951933195016,1.2430946960170397,-1.0223636517746826
0,0,120.2004345343804,98.25232994919233,-72.94956076790716
1,360,47.47702953832455,1.5829976805364168,32.17265021695384
0,360,48.838211028516774,54.33410520611929,-74.01358645586231
0,0,39.53512998125561,26.096557040148674,-4.973752719988028
0,0,37.613054296044574,25.729132450469734,-6.128346656423375
0,0,41.620252413920966,29.002476468434857,-7.551924371408759
0,0,31.944672202447062,22.281793032843805,-7.169663229000463
0,0,26.522093817072594,17.373195726128817,-11.6273573156436
1,120,223.76564447225218,1.884940300984465,0.3886323154313942
0,0,170.31159340707956,134.39268799513252,-73.96095320997651
1,360,41.04366905077597,1.3802011682867201,33.343393921634046
0,360,30.782850144127767,30.00948887972183,-73.86267905731992
0,0,91.72159774321051,59.22744739597266,-14.061088670668639
0,0,33.96407808908024,21.828535164657527,-3.136072298393074
0,0,26.40998630918241,15.757967948190839,-2.782317849249168
0,0,42.32888290500496,24.519700924830122,-7.289851811030019
0,0,35.002011975184,22.70883909375169,-8.364821020040011
1,120,165.9490413302804,1.4972204041435269,-0.3766393785844855
0,0,146.12421289826585,118.41606665926095,-73.6804880531442
1,360,41.09813072368084,1.2126558737950817,33.08507257063623
0,240,33.106358216889944,24.654982309322797,-74.18399813955675
0,0,107.82505991856108,84.55121188704446,-22.675580723668098
0,0,38.62858506487792,24.697062086790744,-5.502594138394457
0,0,21.15221037264034,15.262020266925134,-1.0934576044813582
0,0,16.415004490774947,11.465744706108543,-2.230960847788282
0,0,24.001160341599515,15.289874802894024,-5.288258944010948
1,120,163.9317386084394,1.512656207072521,-0.5190104729132372
0,0,149.9636358247671,121.71273855171765,-73.80739581723773
1,360,38.47563865603214,1.2117017245621178,33.72152082329289
0,240,24.65038378102783,21.23195837580425,-74.04872587591065
0,0,53.28842683778944,40.89424581323807,-11.98759831774587
0,0,48.24829904234449,25.733832401508742,-4.475874391665897
1,120,909.3632748587654,16.79475798692399,13.56363739721759
0,0,46.00220361212479,30.55577929194582,-6.044741733472861
0,0,23.195260317308538,14.28403033507568,-3.375067218817904
1,120,182.14964618711537,1.6720729179270393,0.050923549921336075
0,0,145.46905500433658,116.17717679309173,-73.65822194789178
1,360,40.08196385780371,1.156765147199902,32.7735348397194
0,240,32.551258755634166,19.13048008776408,-74.13554106100278
0,0,66.53144149819289,49.29241024516057,-14.15346584463537
0,0,34.8861761297077,20.26983218756967,-4.307540431965933
1,120,851.8939880564233,10.801036942346588,15.053637747567379
0,0,47.7068848596839,28.912935075078998,-5.745348594969101
0,0,35.95432278696048,18.82327009862686,-1.5917814149386231
1,120,187.7731852775568,2.0374784376621027,1.4773989804773464
0,0,199.65219829497852,146.95033727374098,-74.0739411860897
1,360,42.274836717452395,1.2412763003166025,31.501645873440694
0,240,31.010252998850103,20.38193644540086,-74.14540922539365
0,0,73.84038037435757,56.65781397287377,-16.45907320688719
0,0,34.95485990299037,20.6639560494729,-4.717858622119039
1,120,869.6869975172971,9.675702277451851,14.722090791029316
0,0,27.80440295069702,19.461627987004356,-4.215804419203053
0,0,40.03744441846182,19.77767010835487,-2.8105122886805134
1,120,269.7989212411228,3.8308552815231014,3.4012906036825825
0,0,166.12914871520965,123.10713625601709,-73.7793068935808
1,360,41.235807126614255,1.2731750518743434,32.35001872088978
0,240,21.000734708404465,19.323171036072257,-74.14613697198328
0,0,13.856778447286905,10.460303171742584,-4.86146624162663
0,0,28.111832696505935,16.671333553253945,-3.326730325463217
1,120,830.289279204945,9.061452771022644,14.277899305067976
0,0,28.778464236823268,19.976217680304877,-3.6536059646589933
0,0,19.63409491727872,12.235236300363953,-2.9277698480639174
1,120,231.36814397255435,3.4235392234143838,4.396264544052016
0,0,162.11689858959824,119.33520576533061,-37.5039032372532
1,360,37.55891251009236,3.839210515227188,-2.882338997048734
0,360,25.200846719900873,5.2381102259850065,-58.07909933934171
0,0,26.356750869596056,21.446735994507662,-6.877085550825868
0,0,24.19183502655094,14.304129106515273,-2.2495378691619834
1,120,725.4857243667005,7.098127824967062,12.138211139540601
0,0,23.193293196392787,17.023318465643772,-4.792891136506469
0,0,16.431997106311663,11.158328319241338,-3.106520595634109
1,240,91.30208255068055,1.399396157174896,6.002814678430312
0,0,166.02012241727724,99.76172429725914,-35.42151573178099
1,360,72.26661745824934,2.967198069002424,31.562073235210704
0,0,77.13904727641113,63.70683322668775,-73.05188595867727
0,0,51.20778649932277,36.058466752746746,-11.583071395349563
0,0,34.12823157185351,19.46174210452059,-3.593103661969053
1,120,840.2040980883895,8.84760147660225,13.913136867463265
0,0,21.054519838788774,16.560138008977958,-17.753157175618433
0,0,16.094656091998758,11.298988724437528,-3.8756142765664237
1,240,85.65830601440679,1.2276062370118819,4.898785046025353
0,0,228.3266735341583,138.8442404227521,-74.10393420759937
1,120,614.7507741762688,8.514928488333283,8.14757384620627
0,0,42.096405981378446,28.782471985716242,-5.819939790605829
0,0,49.59954197583527,36.24686772775942,-7.685414966725844
0,0,32.27600890189002,18.25209361471431,-3.2716071154704593
1,120,763.6070716767906,7.989671624981249,13.293059042426819
0,0,15.502609687711347,12.213356732127806,-2.9396354937194644
0,0,14.356724066455778,10.181964209783676,-2.640662857044191
1,240,70.66480744243019,1.039028362238313,5.832540581581057
0,0,134.685334912805,94.17812610858945,-72.96789787425247
1,120,602.1707895703191,6.124165818783231,11.348433764707679
0,0,37.480260765216045,24.46012876363906,-4.549941000863129
0,0,87.05379262262511,54.98175733220792,-10.656789134864617
0,0,34.34248229290176,19.26362000775457,-2.4366819997643177
1,120,735.1359857097149,7.587796225123397,13.431358346772711
0,0,19.650070880603838,14.041820837870915,-2.8423954867261756
0,0,15.790947330052905,10.946618489323129,-2.565380539590322
1,240,64.13015677359729,1.01033520341092,8.531029879949003
0,0,113.25120302118381,79.7409697907417,-72.60153825829177
1,120,651.4152018757846,6.158964616943747,12.25790011543728
0,0,19.631841001164037,15.127257342259306,-2.8549022935855675
0,0,26.0477786803775,17.49842913375992,-3.659476336720161
0,0,95.09444164966474,40.68074462008662,-4.568951014218641
1,120,815.2870958860469,11.372707231067043,16.311562722432527
0,0,18.788199831752078,13.617668571757433,-3.1705617750985198
0,0,17.173219297951203,11.47946346307567,-3.6512827961411745
1,120,108.2021441290952,1.1377076100423147,-0.27618523880310875
0,0,177.1309949398366,118.4499356109929,-73.92210297838689
1,120,771.8975413832691,8.061274730985742,12.135721435645152
0,0,35.3802507202369,27.312463678190948,-7.907577323857566
0,0,11.574358382848631,12.882020569785904,3.0009395558801373
0,0,64.10145519253496,38.57889721119147,-9.521146924402615
1,120,752.117320635273,13.862304122825858,14.251794884625781
0,0,21.022810584999174,14.399284799898243,-2.2654503244937274
0,0,16.59599983776242,11.176570919969333,-2.4017678578459254
1,240,86.08894003618764,1.0980836485680339,2.5368720725996496
0,0,165.26495388987425,113.22419868237002,-73.83179910481867
1,120,778.5566611684384,7.730285328295795,12.20525828257108
0,0,46.484008515745835,35.16477726165569,-10.079023785897391
0,0,10.622776508869434,10.076113169184689,-1.4559801412570579
0,0,14.183250658932597,11.974884935794291,-2.539101257001633
1,360,79.41879702016705,3.164255773379364,35.74135347754596
0,0,29.00513723453294,20.0769059599379,-4.644108430139298
0,0,18.23286505135872,11.843876618298411,-1.9219044939980279
1,120,129.46645649433344,1.3347135388794813,-0.06345294742921226
0,0,188.03906648813583,122.90944526986796,-73.97723510062448
1,120,802.6273969222403,7.9110749467472505,12.14922745477027
0,0,61.43333327336388,45.07808136548705,-12.459409696085771
0,0,14.147125494451748,10.466988204020788,-3.153450265047894
0,120,20.028765556485812,22.861814328693672,-73.88610531566786
1,360,50.54044716316192,1.3745733079991918,24.861513989834705
0,360,60.08304632386954,24.804315645752837,-71.83746692005239
0,0,38.96679014164914,21.590949540147612,-4.850100202103945
1,120,155.00820159207242,1.6856872432782286,1.2033983236764385
0,0,201.68487029799306,126.57801065029368,-73.86260632819798
1,120,805.0363589336996,8.76128143757813,11.65415941094551
0,0,49.1343454557216,35.81717723996298,-8.499839577446764
0,0,11.715208836493305,9.915356810265358,-3.5188621906253275
0,240,19.34141306304565,28.820268834179817,-74.21407589244505
1,360,48.19800693040872,1.3055420726846594,29.863562265309724
0,120,95.39693704730742,69.82629909443197,-74.43871565847755
1,120,728.4294491183222,10.954817339764228,10.362103010436812
1,120,200.5914452177575,3.056227342393452,2.845353879337111
0,0,228.5311658647198,135.1853116325862,-73.97730782974642
1,120,734.8150104060487,7.520250630807256,11.207753004461793
0,0,17.33853099210478,13.700672862948725,-3.5172301439246354
0,0,7.903115102490302,9.328911825338048,0.2649381637029222
0,0,9.99808417031899,12.846384909839665,-42.297062025192936
1,360,43.01774658853181,1.2816202763975597,34.117317128517385
0,120,91.28437478557727,50.25306558540812,-74.39155397796053
1,120,478.4812855366865,7.157037822792317,8.663525426384794
0,0,45.032857900904055,28.65308526403748,-6.585623659681346
0,0,161.74959483071999,86.82932436620109,-24.38048248868531
1,120,765.1078194767399,10.07330531474202,15.06884242754424
0,0,21.490290436119725,17.93386353654018,-12.073372363989904
0,0,7.595579646912548,10.00826819249571,3.976995077351745
0,240,13.476018294443394,25.668323311757014,-73.48548306240085
1,360,41.99503123227906,1.3106713732677726,32.2331941534882
0,0,136.4156512389148,98.98172402950254,-74.42792917507957
1,120,686.8031409134699,6.680477439562518,11.591608723110824
0,0,30.859321510119894,20.640049134250805,-8.09616614886076
1,360,87.59619588103585,3.033747600553404,20.52910446777635
1,120,684.7430983532649,12.09464070264612,14.874870346459417
0,0,20.569973834901013,14.824052737056105,-2.2123921531834725
0,0,10.518326984319962,9.978408851272473,-2.0934609132549724
0,240,15.503036203648222,26.66695865203741,-73.89262543591327
1,360,42.335008556305226,1.2978409894652247,32.77268550929354
0,0,124.79715121424594,91.92369935391358,-74.46606232875219
1,120,645.9376783102148,5.831001441721363,11.433691551281086
0,0,27.434896751765443,19.964363547198698,-13.988758192783116
1,360,47.93105207626445,1.4889461797873849,32.34478118326358
0,240,48.24413683509846,44.664029203989465,-74.01615487374482
0,0,32.74825028868515,22.71975351842171,-2.661979385379766
0,0,16.818494082349194,13.134507687742936,-3.181894507545678
0,240,20.05974127640122,29.84325769773967,-74.12639124306011
1,360,45.632719474362354,1.3834349381815707,31.01588715722498
0,0,164.8101996564909,111.26089275590047,-74.4596819746235
1,120,692.3730272405419,6.223570628573171,11.354920317666043
0,0,40.880364923014916,28.057839846206942,-35.22968363029862
1,240,94.88850063566248,1.1487107927805182,5.098960569926575
0,0,114.34586352689169,71.13590607531067,-74.39114001394667
1,120,566.0769519496629,14.658556979067463,3.6761322641404774
1,360,55.98789400145916,2.701597474793235,27.991588046078036
0,360,27.049427458524082,50.04423898384763,-74.35442045939737
1,360,40.42530183326351,1.4800900969842674,33.246270489405106
0,0,125.81228855889613,90.58347506608654,-74.4718807886136
1,120,694.8612918013674,6.217053250423756,11.172713961010203
0,0,73.66873712465834,56.622231849540086,-71.89355707608146
1,240,84.3623005716026,1.0145441673584723,3.7909500802417284
0,120,76.91692071797684,63.22328490666135,-74.46476132803579
1,120,196.09895285467306,1.89862982414342,3.325558640709133
0,0,39.6209626366898,25.557806837145538,-7.267744239650739
0,360,39.61968308887918,31.348242319561844,-73.18731695135517
1,360,45.6776764602257,1.815315760249878,30.280142185661404
0,120,127.14798939872172,89.33846141711324,-74.45965844174349
1,120,620.9844369606841,5.547873066226152,10.71413381842234
0,0,41.193696031571086,29.606589239934312,-47.63433977074368
1,240,83.14121485922709,1.0378443049537367,5.2029702400201785
0,0,135.9795901695234,96.34376661791812,-74.46849476984836
1,120,186.62085687569444,1.621817536178709,1.8601805459407075
0,0,60.32183641873408,42.66727134782263,-11.253893404558163
0,0,55.00504685471948,32.54578589949788,-5.983573289272428
1,360,84.86153747571258,3.2957920604951068,31.31351918411039
0,0,246.1553191369301,137.92292603958285,-74.42051918019965
1,120,695.4781220907626,6.689420871575592,10.416510118305808
0,0,45.822070489164865,33.11065351627833,-52.0064055295982
1,240,73.1235173903196,1.0463317952237068,8.224429922978658
0,0,123.20412889747098,90.93320439645794,-74.45508372793078
1,120,230.98522090591888,1.95286998527423,4.3719087450748475
0,0,20.728271915696094,15.36731833067076,-7.141718592635556
0,0,24.32182127360531,13.866681445331311,-1.996512343172526
1,120,523.5740211275214,7.365183241400968,8.409375786596385
0,0,311.20605908420663,117.52084433042097,-74.14421153678529
1,120,488.92189561817287,4.554832301957718,8.282434195004285
0,0,22.790669505707623,15.631917402789165,-10.740364914124044
1,360,54.19500116905933,1.1397550332579733,19.361783065106266
0,120,82.75533559592573,68.33825740162511,-74.47399989437257
1,120,119.43875796207858,1.2238229243555947,1.945396698669711
0,0,16.166755669637936,12.537742111887495,-5.131865570886461
0,0,15.987175914337495,10.434169556095682,-2.7574457906013663
1,120,110.88210554237604,1.308637686419809,1.425614804805889
0,0,55.96114483386648,35.66854551492905,-11.612956168863768
1,120,455.93112322017555,7.193758303571899,9.097091955253873
0,0,30.789553062687418,19.626105140496236,-13.491845769651192
1,360,59.647356617492136,1.1244366938834989,14.830088983416957
0,120,68.29780577469153,60.20945539148016,-74.47115890491496
1,120,138.9850861947611,1.2063402265327765,1.609336633398101
0,0,31.504386419163698,23.73203646832886,-15.558291676100566
0,0,20.61216030560544,14.431716716240555,-23.639283483504627
1,120,175.9494281351293,1.5357995211366016,0.9871521358347337
0,0,65.04845293940815,46.25202938786874,-10.992045666939205
0,0,31.315693562574122,20.32821245470228,-1.861818529752128
0,0,39.214746652294934,24.453710005565405,-7.226047944478722
1,240,71.45315596823268,1.3402500875432939,9.922474593822301
0,120,63.947703551015245,53.47177689911946,-74.45870866966798
1,120,143.9447458757365,1.3800201300047918,2.687761451493742
0,0,25.767826120743177,18.48253491916463,-6.36082588019876
0,0,16.88132980737672,11.170273323703036,-4.493485507849385
1,120,148.71416474142038,1.2993713617122638,-0.026881778503508258
0,0,39.9818171804536,28.609760055898523,-7.88182679109282
0,0,23.01246514660469,13.694032914133725,-2.9415090167177027
1,120,240.41484114255493,3.243284618873919,3.2038962205876373
1,360,87.93168008027875,2.632320041503862,14.977281276927854
0,120,108.76724833055988,71.09860514494234,-74.44236052265981
1,120,193.25844495977475,1.6074357353093847,2.427058644595931
0,0,22.06002380624408,16.15126762803237,-6.97848061549081
0,0,22.823240983524784,14.786653186612014,-5.621962533689214
1,120,136.51591189897218,1.2401040422196619,0.10397339446271303
0,0,40.93490013315028,28.961343443694194,-7.913060501165759
0,0,27.024959783507512,16.562086459903302,-5.434556109867131
1,120,157.13285396299057,1.6102330233153646,3.622724368537206
0,120,98.42959037176706,45.02474762851683,-74.08892904481124
0,120,77.0752390215103,49.32196809072363,-74.2015617996629
1,120,155.7907406766658,1.4871340358953216,0.5308535279202857
0,0,14.883541108863037,11.213580921114177,-3.5688394574495845
0,0,17.95905652733228,11.24289432977518,-2.597705056386687
1,120,212.32736949208135,1.7061303044465845,1.6923461923736056
0,0,34.99959995402375,24.872512836998098,-7.817823082088367
0,0,31.475159046903315,20.213955461503105,-5.662817825204243
1,120,148.34230167425142,1.2921437429101092,4.626474723307311
0,120,141.0641160678799,36.878949152744,-74.10070904834778
1,120,264.6424023941113,9.48108401109171,-6.698251535566868
1,120,133.2560653008971,2.0823019665234748,2.4503236368496744
0,0,43.86374094931961,29.833226627176803,-9.346875978490445
0,0,22.448195592706142,14.61594747090687,-6.775240840641345
1,120,149.32399428647233,1.3163199261604825,-0.42464320118392607
0,0,84.9785646243229,63.30402375382664,-20.663687643543142
0,0,20.37561493470177,13.914019081695415,-12.427534824808987
1,120,165.8616496855597,1.4053897042254828,0.35077882409800054
0,0,133.3924327411277,89.50372612235296,-74.47167640872195
1,120,219.63271975139784,2.0891264757659664,2.430422659223879
0,0,165.2608505124126,96.60567899740123,-36.01307437339974
0,0,20.940296297091088,14.930530015136156,-1.9588253872167485
0,0,18.731043019349556,12.046075950767936,-2.5689277431336706
1,120,123.70535866052738,1.1898707619347382,0.302117186756945
0,0,42.39903006917449,30.106897337406767,-10.015602950714623
0,0,72.87353492897367,49.80565166113965,-24.487468978653894
1,120,168.50337173898296,1.4438897490506724,1.3118295080459035
0,0,183.42876748179782,114.27653688047562,-74.47478570879089
1,120,233.1560987799264,1.9366202145056717,3.561814054172089
0,0,100.32062966884753,65.39182766393378,-24.929187414257562
0,0,316.12681757025,71.15575970541909,-28.57935978158219
0,0,43.81886117754829,23.65494092853373,-4.532471439750623
1,120,138.8312463085648,1.5429022798785546,2.374941398169227
0,0,33.53855858168034,23.273377037707462,-7.451899060224761
0,0,23.194232634512367,15.30870419307278,-8.535919467008497
1,120,158.6677230378898,1.3707972157413082,0.9368584517929861
0,0,183.2801046166284,111.5290379241715,-74.4703983310148
1,120,412.4036717027727,3.5595891400688617,7.037582247282444
0,0,148.75002149500992,105.48634355883064,-46.62445258730823
0,0,42.633610157593175,30.175500279820863,-7.429820632536575
0,0,44.008921826625084,26.041431235516097,-6.898997443136437
1,120,272.16370208450047,3.956349327925852,5.531544540067685
0,0,43.30132085676803,29.703806092900635,-9.519768844152793
0,0,19.291780947753566,12.35797884665304,-3.7044825225224116
1,120,154.42168334908752,1.3871561730223134,0.6704268279049899
0,0,235.19328596889335,136.17447662787734,-74.46784755059488
1,120,244.00600237890382,2.015520501687184,3.7354521656493063
0,0,87.63729583915972,64.07792648318491,-17.92629984434722
0,0,28.76213345636101,20.898494313641876,-4.906310055435696
0,0,18.715239868516104,11.793859333590127,-3.052787956044483
1,120,167.19532089782362,2.7228272071730433,4.1271600273531845
0,0,61.197183165074115,40.99198394374769,-7.275359069792486
0,0,23.23959407514343,13.990322843168027,-2.3335133333277014
1,120,151.62526837759424,1.4630272389125354,1.4672403224424215
0,0,212.81961300557123,126.87272124925762,-74.4626434745448
1,120,266.5388099090179,2.649441367191937,4.8314880999284355
0,0,111.5495956298594,82.74054166068464,-25.146266278987383
0,0,21.761078418403564,15.695104694185892,-4.561856607131958
0,0,19.28259247080317,12.942577522876327,-7.500664782176827
1,120,114.22765978259345,1.3320386454318087,1.893704117455954
0,0,42.66048801533923,27.299271129770904,-7.436427923643706
0,0,37.87047137139359,21.142588863151854,-7.678062429803845
1,120,233.1622023700575,2.4408410634838495,4.2125510422286965
0,0,181.36612170363335,106.37064441870947,-74.45941997414171
1,120,252.75213818042377,2.204141434690259,4.023783191694548
0,0,114.32259634716296,85.70648690251038,-36.53716953354395
0,0,14.5061250615763,10.4710097898244,-3.9081136555092826
0,0,25.143728514544364,16.2236744876543,-5.6542495800256205
1,120,117.2737924814029,1.2046693206777817,1.250477874930084
0,0,17.3604009644541,13.023864415891197,-1.476680488695422
0,0,29.252597368872888,18.59486741202829,-1.359406275774262
1,120,210.70509406501534,4.092150933318152,-3.1219500983707604
0,120,167.6366766478107,82.89283923482034,-74.41191927053076
1,120,317.0575635891837,2.7874226523657786,4.507210412623564
0,0,130.41149815087545,95.20166724457356,-35.752987747399125
0,0,14.677980650028584,10.800128228791383,-4.046354672473015
0,0,15.773761679286139,10.28694316714131,-3.4189742711278512
1,120,104.81330587500823,1.074416503405125,-0.03696549561848883
0,0,45.66795483835421,32.10947096032692,-8.152230283737083
0,0,21.033839331142715,12.670279040557629,-2.5125138839643313
1,120,207.97439196269272,3.1638066998201064,3.650444182142337
0,0,311.80235777884747,120.71712662118837,-74.09349689554489
1,120,491.0244426976041,5.079645374968837,6.468222771500663
0,0,135.0391372361643,93.64964084661455,-30.87693181186377
0,0,15.251821074476103,11.207052976528074,-4.053332504795364
0,0,18.104298072852913,12.403775192118859,-5.9901722536106945
1,240,81.40100777561567,0.93044131896614,0.7820971253691908
0,0,19.885270520189447,15.140118808996446,-5.388363359499323
0,0,15.194657827565914,10.123321895021194,-2.5411829492218914
1,120,129.59961771131444,1.3160422930364943,3.8473056520288935
0,120,82.88698194595852,41.431705502107,-74.07691761564739
1,120,406.3040231672121,5.761335515776413,8.46857911334088
0,0,132.32574579790025,85.2728008927875,-31.028678847952612
0,0,33.947859452894484,24.69229732827338,-7.147655578847761
0,0,24.69376523172781,15.716736303374416,-5.697286484987487
1,120,127.81304540387569,1.1491979935654932,-0.2841539566223048
0,0,21.180167389243916,15.397167809886422,-4.335659930477348
0,0,15.767584551924529,10.371001284284995,-1.9606822566772308
1,120,106.28629337044559,1.1784162162426612,3.968243643257736
0,120,56.769995539531074,15.3969142154059,-73.73424170481468
0,240,57.91573132867951,5.120812564521461,-9.87874834076959
0,0,45.13921112050797,25.430857440196235,-5.703856305634659
0,0,30.486928974891374,22.707297802853407,-5.276172638980057
0,0,17.56865656278621,11.521568599991667,-4.5005549346294345
1,120,131.94898515118032,1.2662767536823114,0.7977514508656327
0,0,23.255520400837963,17.084538990958226,-5.921592985106088
0,0,15.494163936788956,10.59497170290733,-3.4098314788964217
1,240,92.10032183398468,1.0479520702362362,3.480003549915452
0,120,76.2887142190241,52.90901129881089,-74.43534900920788
1,120,134.92163944927879,1.7319537951766817,8.57128148072016
0,240,81.67483836081125,29.23442806890251,-73.71029287666657
0,0,26.05842135606094,17.943059154175554,-2.200917865665346
0,0,18.889219763714323,11.690949988965198,-1.323809338807635
1,120,89.28279432361617,1.0786096176976445,1.0868818467234576
0,0,13.740531712535216,10.688476214450459,-3.0268833780554445
0,0,19.829236988982743,12.593856934994106,-3.1280869270361222
1,120,127.49311432888256,1.1064940919038173,4.104194798779162
0,0,133.8966922380805,54.106360456311855,-74.30061840838277
0,120,442.3302065358127,17.055107942635427,-10.906142555777514
0,0,445.9715937005899,155.0910582244705,-74.31516208602682
1,120,752.614785292128,14.345745369627153,8.41495472174671
0,0,32.2625405581248,17.914698838103845,-2.5056276460996685
1,120,87.8296398192434,1.2594289102254663,3.5865861915933124
0,0,17.24944982951346,12.80972641882199,-4.039759871519195
0,0,19.236765907189223,12.600072817483346,-3.182435747522945
1,240,104.12844629368185,1.072233213424381,7.118018834673705
0,0,232.68957858966382,83.79747837203705,-74.26662850528376
0,0,519.5040001536329,54.986045896645194,-41.257387907777634
0,0,468.9752748250119,189.01763789324602,-74.347754506854
1,120,786.1352316539374,10.636372410710768,11.062309332415921
0,0,74.74953586241784,43.1620510856197,-11.968829780687912
1,120,150.25104873643517,2.3035837553304424,3.3456428072503144
0,0,15.286708055838485,13.468990354402072,-22.874602990079296
0,0,20.942202749791683,14.1475147907778,-5.920931006980041
1,120,127.0469198291289,1.2239172298030387,3.7767779196061184
0,0,284.90632162941364,133.23016581295656,-74.32996038065055
0,0,245.04549525429408,109.87228827662274,-32.04248793953106
0,0,388.4365057844005,186.30318511547037,-73.99283042315705
1,120,814.507130604521,9.499629516338105,11.513603552232837
0,0,32.40466964036471,23.849969172637383,-6.552953581976411
0,0,210.99819875832375,120.58676778733427,-19.954509228094665
0,0,23.038388858785066,17.08667200231106,-2.433251370985303
0,0,18.236751493990397,12.37475975697247,-4.760966304616403
1,120,157.2735306849282,1.4137426485349536,5.120510247790818
0,0,311.5638618329049,122.8152997278324,-74.29769802188282
0,0,402.35457383644376,85.36447811521265,-47.240552298511744
0,0,416.0825040253182,191.22867745002102,-74.18568151298125
1,120,755.5591571713779,8.752970582908135,11.004854627136453
0,0,48.37936812511791,32.64057106316764,-10.046624328181096
0,0,224.95700643606145,108.06819460045779,-16.74027651877023
0,0,266.96635536711796,121.77232761920742,-26.531607471270846
0,0,29.770448384452,18.45724873174014,-7.906461536827493
1,120,134.51027218188773,1.6221963429339887,9.119091278637697
0,0,294.8493493944761,102.9808300912735,-74.23326408564405
0,0,538.8165829454628,59.50670000249056,-38.340776816877515
0,0,433.687434665477,193.13408493887096,-74.33203587658382
1,120,735.5373224988664,8.040861079732835,10.574369002753372
0,0,67.49150681092512,49.701074932805284,-14.289895789367463
0,0,203.93085909922857,142.91150141002157,-29.66109032692362
0,0,212.82743736689594,139.4028132609827,-28.354382976568658
0,0,40.365361636686735,24.870746128783793,-4.714444646877794
1,120,245.9808005815185,3.6324415511044816,6.884577869092553
0,0,491.40895416841823,124.41171643074854,-73.93000612290115
0,0,484.0068730361082,96.99246129909335,-56.58051825365996
0,0,459.42205321135924,190.43960413529464,-74.28003226127855
1,120,748.2987381598941,7.620819157491146,11.475983210428112
0,0,28.295513990837254,20.702195279419165,-7.919151532602271
0,0,161.42378077728722,112.37187326876855,-23.312849163059546
0,0,159.40074215146757,123.15890334264098,-27.09154104467924
0,0,29.344660466160793,21.22175119796324,-6.340354518904618
0,0,35.46162701950307,21.182360930847054,-4.197560468584598
0,120,507.49660583921235,58.80372483161784,-69.96204697977309
1,120,943.3559478999238,25.721874012893906,-7.458323162416519
0,0,474.9971209707084,190.37547290888708,-74.40942932268702
1,120,581.4598816331737,5.303823247964821,9.74645502644509
0,0,31.489355409250447,23.2426751992656,-11.110702123494633
0,0,121.09758139270079,91.09372970262835,-20.322298446187638
0,0,108.70713164462991,84.21422990589396,-19.456809925303475
0,0,15.695536450346696,11.233526831436343,-3.608216747488214
0,0,17.984437902437755,12.075364704409997,-2.1561614829295195
0,0,49.070956363034604,22.55469873305753,-4.188142892980096
1,120,677.1501734003733,10.194956700335752,9.91513038366918
0,0,488.7437884459131,184.89848583982885,-74.39899776781259
1,120,684.3088168848515,6.893481305760502,9.555280739704315
0,0,30.701602535014963,21.279887732622903,-7.319994714379533
0,0,167.20470424843484,118.88484450965518,-27.196275143665495
0,0,196.67820561928502,78.71357965408656,-25.81273253346035
0,0,15.51851211380597,11.504841226284793,-3.5512449948038523
0,0,17.147523551185362,12.16447498714897,-4.499572375901465
0,0,90.4512567938492,64.50840029615452,-13.160282159575367
0,0,109.8111607935029,64.40537894730069,-12.720449737123268
0,0,420.95110990749424,146.0990262380616,-74.10454173646328
1,120,690.4929449908052,7.091599880380959,10.476163090569884
0,0,37.5221328642601,26.0322398444554,-8.477036720865911
0,0,148.90028747180415,113.82445118233264,-25.23898485047824
0,0,52.637938557996605,38.204053574099035,-9.41479326886899
0,0,18.443514286543447,12.628583881385142,-4.981067786450055
0,0,71.20043792191231,52.53143165904527,-12.932316044533529
0,0,96.38886604201328,73.89674973672312,-16.833756989613704
0,0,30.30201960881078,21.564757456884365,-6.453981607055866
0,0,37.146570874397234,21.859297584003066,-4.5546206449742925
1,120,772.6860958133169,13.69293118700168,15.748789720835674
0,0,34.58097088512127,22.762833585229494,-5.301702512369459
0,0,158.95065017849765,119.08429375086926,-24.833275526900813
0,0,106.54100427571238,80.81193309458341,-18.242080064008952
0,0,16.395796566169558,11.796850339602061,-4.47644893871869
0,0,60.87106760899633,42.67598654480323,-10.429405893644457
0,0,52.64864925561825,36.618558340144034,-9.440606252400343
0,0,35.06661443217418,25.350560974513627,-8.020554924036091
0,0,54.0955788334296,37.68244072254628,-9.219880262900617
0,0,47.62225453796832,27.99617412169335,-6.341586880699012
0,0,40.40529235284572,28.464684289024802,-6.820704998732069
0,0,156.55438069302184,117.09210059535182,-22.49556847061242
0,0,36.42443159407124,26.22252023634039,-7.457840209821413
0,0,16.480421372592858,11.447913491982284,-4.427853915528701
0,0,51.64958347269282,34.70891864118584,-8.837256906045994
0,0,57.29577203012683,40.67889901581171,-10.679375495454558
0,0,68.24405741292246,46.12924739354934,-10.703269158758822
0,0,24.958427562711382,16.630441443269774,-4.911814049666091
0,0,24.41673393857491,16.01320797511976,-4.1259252759006415
0,0,68.6376213168106,38.50266107491366,-8.099080517969142
0,0,148.85437082508284,100.18351390812909,-16.945481411075626
0,0,24.987877385094013,17.658020366927076,-3.8478528291168885
0,0,16.752253583549734,10.751457108117204,-1.4873387528632094
0,0,54.94782018194799,37.57302597506685,-8.86154609087211
0,0,70.93657898517189,48.320664372964856,-10.513389684579053
0,0,22.12833070122046,14.48988988121407,-4.547109899443555
0,0,17.613665024710897,12.113849075687433,-4.538366792118424
0,0,67.05821809512338,43.83145880042066,-9.223244277528565
0,0,78.95224741501227,55.09437582329128,-10.8894015869421
0,0,35.27435710832358,21.41283463903655,-3.723642417717784
0,0,18.317526626397267,15.066948348216505,-1.5015858544187353
0,0,15.59173864950249,11.954877740139331,-1.866506500632184
0,0,20.460484252416467,13.555930995474357,-4.1124442370821725
0,0,137.42661166887285,90.3236139841792,-17.799404049983963
0,0,21.327512099556714,13.02344175842366,-2.6047495028600878
0,0,16.714736726981762,10.58912987227686,-2.1672860461546435
0,0,34.65534644004428,20.922811206607484,-4.529915121704121
0,0,22.550397635648597,15.102493841236335,-4.142020920147772
0,0,18.492762169806195,12.36299297307625,-2.2567988116262825
0,0,32.971899067790694,19.492045236084742,-2.944032027688664
0,0,32.07406463636518,19.20950012789473,-4.536035296831727
0,0,50.10349997014305,36.29679202782485,-9.036957804120988
0,0,126.56433910772611,91.86587417692166,-19.258836831771298
0,0,96.85982788099778,68.30376855227414,-15.230129551112661
0,0,16.269400774394125,11.148661438529663,-3.7988997548650048
0,0,23.254009210751285,14.965859952847543,-4.786883372758766
0,0,50.758352684565786,33.69972531736638,-7.871455800451429
0,0,30.1489022259041,20.093757313168588,-5.338573444974898
0,0,17.785674122131837,11.866790288471798,-1.8842258648111283
0,0,55.14734139572801,26.970333729085848,-5.571648032725278
0,0,101.74130277851052,65.77489621534447,-11.45284073004943
0,0,83.43769491141525,54.50364720493049,-10.187571545031176
0,0,48.57562428586393,29.56767939347289,-6.342781772033447
0,0,15.678986896623714,10.57347886625398,-2.603475507221276
0,0,32.184366805246704,19.583905610079153,-4.7701465673077905
0,0,44.998854285522995,29.071087863998304,-6.43543789275769
0,0,50.06935295716253,17.676486271683753,-8.428216874916131
0,0,16.512575526626957,11.438423422977863,-2.346852817075188
0,0,67.07733042132912,40.48983024200032,-11.814247479795057
1,120,317.5146415990507,4.771007155805895,5.988792399634576
0,0,71.75036403900273,48.06634855703162,-8.755329827025022
0,0,26.30076146072765,18.841328843356475,-4.818529257891328
0,0,22.60154277945812,15.203076456502476,-5.185735602162623
0,0,83.48003764873448,56.24270234999089,-11.337577431813045
0,0,19.290878278249235,12.833448773616595,-4.128523227791547
0,0,34.70848811966175,20.870732762315846,-4.698274061710734
0,0,17.650360102728083,11.647316945304054,-3.5703382758481723
0,0,121.29130787271778,77.92293968901384,-39.87530248212667
1,120,512.8697065374788,4.709112844045276,10.979574556813489
0,120,303.9003411387377,81.7591761045278,-73.97012430021157
0,0,21.065329811671592,14.274183824940302,-1.7307385340261305
0,0,24.716377930105132,16.650275349363042,-2.3858387489764254
0,0,36.871218068530396,19.66216909334291,-5.685112748883341
0,0,40.51497680899108,24.00391511089647,-5.224213601162106
0,0,14.515865067755412,9.535808291130127,-1.5063237859120733
0,0,15.923873227896324,10.555760360785731,-3.027407964494955
0,0,76.36586212753679,49.21048795708617,-21.796511242738895
1,120,359.3210571888322,3.0360644679046174,6.745537482316237
0,120,169.62944734955846,94.27511754423975,-74.39356362411412
1,360,78.64770768236181,3.744317221688646,25.84786972441222
0,0,38.00105878530726,24.79915358921599,-3.731003281408661
0,0,16.986401640739256,11.78788013928271,-1.5501059366888086
0,0,27.26232509453121,16.41703041704473,-3.4992609766792526
0,0,17.991254803704678,10.689623025045707,-2.2995151359862405
0,0,17.260721248517637,11.402062201045686,-3.168246933349579
0,0,82.55229930252803,51.919232041333615,-15.611920231079175
1,120,550.7343206684634,4.945846109328991,11.084408577026323
0,120,70.87223390848845,53.73954449338617,-74.40484753437342
1,360,38.248504212201105,1.7638045575011296,30.784577844477383
0,360,55.97680458710046,28.09669052062291,-72.90713366866005
0,0,51.85109386855774,14.055292340219532,-16.92400667413132
0,0,46.12103609974377,31.326562809193668,-7.060212015443085
0,0,16.05454520962506,10.52914562005495,-1.5252921654231812
0,0,19.23774579078557,10.747928622692385,-2.1157266932429906
0,0,87.28249340946569,57.83378229795028,-36.82505091406962
1,120,693.2007034772133,6.754318516857617,11.715685906207824
0,0,149.67085469527285,110.2664417245487,-74.46423776617917
1,360,41.33839156315529,1.2203727186159097,29.34883472015673
0,240,21.619557856746,29.466049996545483,-74.08692707489772
0,0,24.34363057773947,16.93316844553466,-1.388000400111892
0,0,25.817116287913457,16.29116443207055,-2.772192498289769
0,0,22.926652713908886,16.106582871706177,-3.3302858557754433
0,0,27.463638778304556,17.712565721970904,-5.492398009899574
0,0,85.54839726970842,53.403526171261646,-16.68277601626192
1,120,618.1483707145078,5.854569526540318,10.223537249486725
0,0,201.4621554417148,131.7188666885694,-74.45966800451711
1,360,42.00338873852486,1.1312215789884088,27.01161894323232
0,120,23.026667024244105,25.16055108340786,-74.0270067352891
0,0,16.54731819117449,11.555031800554767,-2.6647688529549214
0,0,25.035134247841096,19.013089793872233,-0.9647673914242318
0,0,20.564324337168205,14.7195689933646,-0.2311124388498058
0,0,17.174096229424862,11.396529614795632,-0.2587906186105329
0,0,70.65049709737579,44.033190391959444,-21.337543905398064
1,120,758.2902710821913,7.678214632724396,12.556248244446465
0,0,131.20099385747366,98.53770827127306,-74.4623456299251
1,360,49.40612067532484,0.9981576492884381,19.985216578001797
0,120,28.488541867164535,26.746522511442954,-74.27175685164772
0,0,16.568033629005036,10.959792018157133,-1.2638316225571913
0,0,15.806932485531835,12.218359587685216,-1.6778718784001398
1,360,82.9983173129285,3.48651342500456,34.3358948116458
0,0,25.333820416944114,16.366472130778,-1.9633051888747701
0,0,46.6034771004086,27.408195594587994,-7.744181138104082
1,120,598.2555497591771,5.905551174703699,10.084596783936973
0,0,194.2316660830426,125.03875977872009,-74.45730899186138
1,360,45.93198291072476,1.0609138300682768,17.520284819979338
0,120,16.690162422980972,20.66728095488419,-73.18242354347413
0,0,19.863861993961482,14.040975522935842,-4.5869701420773055
0,0,16.193760379106596,11.623920741188563,-4.04533880666952
1,240,65.51417157385833,1.3525583132661558,15.49950291407383
0,0,90.79190330667286,59.11979935670753,-21.814950872426053
0,0,72.08495843775664,35.893700783318714,-6.976411413423861
1,120,566.6874874521276,5.946331984888083,11.168483962418605
0,0,162.99643328121496,102.19681739529176,-74.44616364424049
1,240,58.61043754516921,1.0198361910665872,10.363859958670716
0,120,23.745079805414747,20.60063209882834,-74.17382136429423
0,0,22.987784213619683,11.34577056623182,3.3434945008789896
0,0,17.792834809951323,13.02742460062608,-3.9366578192336306
1,360,49.602711430469625,1.0549757568103042,18.561247504878992
0,0,25.552031117854533,19.63893561235242,-4.340281287206352
0,0,40.56998265740161,22.591706620915037,-1.637437088713611
1,120,754.7910166765156,13.893752656127033,9.141340405087945
0,240,58.41959004772612,29.333749756057166,-74.18313989688606
1,360,34.31883639643597,1.3423097502147834,22.08168881303635
0,0,17.43463496020841,17.053197530882162,-63.94692028668895
0,0,34.988602461203165,26.31691937285647,-7.583649360845683
0,0,15.170498089702043,11.081484965068505,-4.8057768113499435
1,240,58.882187026741775,0.9621423901041686,10.392046071333183
0,0,43.09326932425054,33.02866923844203,-9.584447021436603
0,0,25.670194416676008,17.76749005987729,-2.784133084865246
0,0,37.02072661185052,17.791374433367782,-6.138480334151652
0,240,45.26354786982953,19.30441631537943,-72.77095053456183
1,240,72.11699860908347,1.2444790753305004,10.336781306269444
0,120,50.52606695773856,24.132008500724574,-74.14394390922922
0,0,27.23883730311099,18.033634649468652,-4.898374644692026
0,0,16.803950256587974,11.785870403024573,-4.163670519238593
1,240,65.7747728112878,1.0406680971050768,9.266433453988455
0,0,91.76504353898716,72.02664823499477,-21.615141726355596
0,0,118.13111157568699,88.87899330187062,-19.154248451240463
0,0,45.768884687209095,33.36294621180029,-8.33050640548106
0,0,31.43864045823932,20.133394130474173,-3.0998924876047766
1,240,87.37767264689583,2.2746986395698765,16.9474780618808
0,0,45.58999066658303,32.29256335754733,-73.82633986697101
0,0,23.50352654911434,12.96985301811469,-1.4789453698310808
0,0,18.912319646243677,13.443525241982991,-4.624349007584485
1,240,58.42370077891081,1.0135527714361816,12.482631280768814
0,0,64.88364865214498,50.84956488705902,-14.405600406354544
0,0,41.27531500369789,31.328966321325726,-7.706252705850744
0,0,16.07859556085857,12.389734511047292,-4.451485285613202
0,0,24.57154267778299,17.080374406044765,-4.472810140717655
1,360,83.84012740530113,3.258606656501234,33.60436318513605
0,0,23.826093933820726,17.608376429648448,-2.3360280175297845
0,0,14.740239107796722,11.338098628766918,-1.0732735167136127
0,0,29.577269756802202,20.879578983111386,-7.175217183844154
1,240,58.34921124128053,1.0086520581000944,13.212480899964575
0,0,40.7489391846736,32.47813816296041,-34.98143350626246
0,0,25.503320056374402,17.088227381791597,-4.471094826328155
0,0,20.102951753040298,15.306775466162588,-5.629011143547061
0,0,27.62491695536546,21.191439613249738,-9.999844540607171
1,360,45.91535614290976,1.5578923552865753,33.150321131588385
0,0,36.4451948311016,26.632768480630144,-5.593676499800182
0,0,25.924302316652735,16.334779865003878,-6.590690498545484
0,0,24.33476934146478,16.253264736956538,-5.091830466106217
1,120,96.82086050255829,1.2237670983484241,3.4718266628742356
0,0,122.27803043150458,93.8809359191493,-31.485643597377546
0,0,93.78141969172393,71.43023346483737,-17.099972117510795
0,0,44.728910142959094,35.003003707097825,-10.238344018283584
0,0,47.693604035856445,38.661752163410895,-25.089157134616478
1,360,40.09925613755469,1.2975116688551025,34.21528156440333
0,0,23.393463376231928,14.702862752531102,-1.209749258674563
1,120,413.25988038487634,5.6166006925931695,7.363258831759339
0,0,49.69451898588156,31.943746967305803,-5.8642590179753995
1,360,59.03735425994852,1.863284565098835,29.642411610597065
0,0,139.44662056079608,109.58943462848143,-43.31593795563552
0,0,19.07912230774555,15.077820507139771,-6.764286976178283
0,0,55.85382092282001,45.01866417870075,-11.46352397452386
0,0,23.14185206523052,17.243176427106974,-4.148507473106136
1,360,38.819631112843346,1.2320765441601944,33.63740380405619
0,0,27.242743968481058,17.222498614936857,-6.478191687577606
1,120,638.4088189925308,7.511900328106957,10.435678340270059
0,0,234.67964312132935,131.52580802826446,-42.547475027445955
1,240,90.31630862216716,2.5195978232336778,17.022885280867882
0,0,91.57945027666297,68.86471954318874,-19.458346214162034
0,0,71.24204528692658,57.03526963311558,-13.564176247536714
0,0,37.85736703691932,30.03433832109653,-8.751341304730971
0,0,17.014505731803823,12.843998304006309,-3.77616767581965
1,360,37.50684079717859,1.1465785739104348,32.34217490460381
0,0,20.762832575598154,13.708208845594903,-5.553483186411199
1,120,488.0888658711214,4.594855850846098,6.216038249168193
0,0,196.56086961430663,133.55511614486454,-73.93204078188782
1,240,143.94570185973294,2.4731150115976686,5.25935911888287
0,0,90.24863966266533,29.063226435102123,-20.17193365373305
0,0,112.1784933787788,83.5048923312766,-17.154179382926642
0,0,20.71980226517379,15.766030843813214,-5.1044288674232945
0,0,15.889075410425919,15.964879911423395,-50.90905812922029
1,360,37.85398800117805,1.151833086768306,33.338780891673935
0,0,27.982932962032137,18.802264022490288,-18.335369019168162
1,120,395.97171871879937,3.499771837546628,4.760593989674902
0,0,220.60819111391885,146.03970767135107,-74.2278003266211
1,120,155.73408759429216,1.6618910995340819,-0.3309503977339858
0,0,230.9530851361924,133.81860644555977,-60.4870697531409
0,0,22.872334438603488,17.35503413474877,-2.599345429856257
0,0,28.116445319288758,22.58449185794419,-5.459399024823838
0,0,18.20392815115879,13.41442950191777,-3.4223049786802875
1,360,39.1676534098857,1.172423197513909,31.209834258003156
0,0,24.3307119247722,15.184441488758786,-6.7612477055366895
1,120,696.407338535302,6.917511496077297,9.62328546115613
0,0,245.6526627516021,155.9877344949988,-74.28463709457556
1,120,195.45776703453788,1.6934847452324449,-0.3582288925884143
0,0,225.96489300978482,138.8754945336182,-74.13886536084635
1,120,296.1525467784228,4.009530555993204,2.892141993679914
0,0,22.800532686747815,16.40250227102727,-8.80733466207181
0,0,16.42846915767865,12.952121128493305,-1.3429692340030073
1,360,38.2751798425633,1.2473936507837218,33.9026863338386
0,0,24.788578621436244,15.910800888452084,-9.58492997403171
1,120,559.8385239527114,5.221205688356323,7.576299213581848
0,0,222.39691070848806,148.11079688747535,-74.25601034621765
1,120,154.78545732090197,1.3790278535461107,-0.5530503040991022
0,0,175.33552462750788,118.99324769692898,-74.06906296805658
1,120,253.63176111671712,2.2532286968626845,5.297237590522911
0,120,233.43345179846273,77.9951577616336,-74.10716717319676
0,0,28.451598600994426,19.080073958185665,-1.4414582563284455
1,360,43.247796783551976,1.415566503561013,32.97385191869161
0,0,29.891689216369702,18.514561084338105,-11.174256186979491
1,120,665.4829328993321,6.689022869126996,9.193399364132475
0,0,284.57487462412496,170.09863306050565,-74.35334477746899
1,120,182.87459091278475,1.5182729726015263,-0.2520292822790964
0,0,193.78201533345563,131.51322974203057,-74.26057878242725
1,120,216.43474737906158,1.7547033333668407,2.4377918496836486
0,120,127.82931183926127,79.06501652062681,-74.44700098867287
1,120,332.7656160761607,4.670133611316266,5.070358118820053
1,360,63.90940536137326,2.4276361875543366,29.306767883769496
0,0,43.3746668904641,28.630918288723407,-44.611154364934585
1,120,349.9720337568191,3.1590859681222785,4.507493522765515
0,0,220.840833496314,146.60143635200595,-74.29023463485011
1,120,126.90197794782253,1.1775415794457775,-0.7908711501116983
0,0,91.0928029464138,69.4492266436274,-72.39445385812299
1,120,113.2877363172939,1.0359971157133236,2.6637637035784536
0,120,59.86328766425719,39.83998311479696,-74.39831411081366
1,120,184.80322244209447,2.823523235526307,5.685839567434144
0,120,180.24642912466487,26.469715682803866,-72.70781332994407
0,0,49.299815254920745,23.354995012405237,-1.4173522604177151
1,120,541.9875671542072,5.811345756193572,8.585603523195616
0,0,249.6874888069756,155.23815429403902,-74.21506284224256
1,120,174.3761873333576,1.462917436024615,-0.6901339001883713
0,0,186.26762814273303,127.18423670913081,-74.28786804353362
1,120,172.98523061853777,1.3794852041474408,5.604153964710733
0,120,123.57247688502225,48.12837213153439,-74.2754606700042
0,120,93.09783965820819,4.636628497220968,-20.29509489225314
0,120,122.77516417082238,62.887959742783586,-74.38108509899513
1,120,307.0883271551727,3.689159717746003,6.000466529605859
1,120,319.85797898601595,4.460622656872916,3.3173817536679167
0,0,252.6231244632427,156.64173775396625,-74.256479670234
1,240,69.35952160113749,1.0844164029797634,6.911831383640333
0,0,65.3743405300714,50.73185196463361,-69.60311223953904
1,240,88.16771988272278,0.9397882127534344,6.996464662547666
0,120,63.94938755359359,33.575943033707155,-74.28692926539516
0,120,51.26869738734208,3.1706748836675764,-16.884954128079038
0,120,58.09394880678503,21.439772008300885,-73.56937057507025
0,240,31.744003807871316,8.756842125310772,-65.58601871977729
1,360,77.50511560981705,3.914872893992814,30.156040022257756
0,0,280.8775697492791,162.77911866290114,-70.51980544502284
1,240,79.56837910071766,1.4307493283849586,8.695775002261215
0,0,42.24724922543206,30.81553048291158,-41.276062768685684
1,240,67.16492061657215,0.9444648295780881,8.079602431829997
0,120,24.090022730930112,22.398533843093873,-73.96836136711252
0,0,35.28803503319571,9.78764099444159,-8.540536660353055
0,120,24.718100539729488,28.302899463601133,-74.1874368348931
1,360,32.420432345721395,1.5993277562238069,31.22576336687267
0,360,30.975138971288565,32.36912916664982,-74.09182867944187
1,360,67.37139109863398,4.104557338848577,33.32282680249777
1,120,270.59129960715643,3.7717815039291755,3.083091457660899
0,0,217.76953635722901,131.12223213652888,-74.14698135839014
1,120,164.2807463043704,1.3786675380550357,4.221993598139846
0,0,168.04558777170323,67.96549605698941,-74.26916114408125
0,120,39.39278028732421,3.645075487238264,-28.915819531760093
0,240,22.990221972810605,12.031715458879265,-72.56062532992338
0,360,20.986689097379852,16.934922474024937,-72.69690161974847
1,360,36.872383633633746,1.4859125558141406,37.35653847125394
0,240,55.262364654807335,28.89942976013298,-74.12206769842437
1,120,416.9061210068663,9.247987008887035,8.177508580333765
0,0,173.34619546814733,112.09362940473984,-35.26755793855422
0,120,50.99506535266884,5.335863501720547,-52.00557909778675
0,240,32.721343016046895,3.9761451948470423,-54.33306712696584
0,360,23.190693655294776,9.691332855030469,-70.2067847686106
0,360,24.87344610072018,2.400085612747518,20.78076440366931
0,360,22.512544346251108,46.343083894958376,-74.33710817989004
1,360,34.834005141532764,1.4908907563526095,34.9878225276524
0,120,65.15725127192603,62.138334458360625,-74.45091086203271
1,120,546.2209584393644,5.605648580965627,11.217170580066295
0,0,46.178126728638844,28.22395268409819,-7.738906130017909
0,120,180.75143870136873,16.591363942679564,-61.413764188685455
0,360,33.73386243529146,3.542982223740235,-21.956585047708828
0,360,24.275439503901122,13.54107881206512,-71.54991626837821
0,360,23.127264117131002,2.8841331969074506,13.787719074576401
0,360,23.480104941201567,45.13916945812834,-74.31618549796461
1,360,38.58947796570048,1.3653697655363035,34.7624585278859
0,120,103.79131486047585,78.53824443025367,-74.47329429828922
1,120,481.1265079622814,4.125020300139363,9.30810893223827
0,0,20.322434648038282,15.086108820078165,-3.2327960457157303
0,0,28.873819963606607,18.362803102902628,-1.8555234924780422
0,360,40.69392598254002,10.77855720050654,-57.30222949712058
0,360,28.76545917761016,3.6097346308756326,-2.246032299463039
0,360,23.408702128821332,10.684215827177688,-67.7203902433741
0,360,21.576979800289184,23.26932093487734,-73.08055307234838
1,360,36.644414542236596,1.4625089551929686,35.36401761893083
0,120,91.84886127430578,66.70626421080819,-74.4567395514598
1,120,405.39204384950085,3.6264905339615656,9.558136821430537
0,0,16.330328208290297,14.158537697531155,-5.689330257321615
0,0,39.406241277366384,29.120476797938185,-7.352947902226418
0,0,195.04598795865604,105.03415642289545,-17.39379048424867
0,360,38.328748038117645,13.455317385327263,-66.40969020734066
1,360,30.666155751485437,2.601930089051588,19.698842342643616
0,360,24.82751106969125,43.5162324079825,-74.30695761656368
1,360,38.30084433600618,1.4226597525099465,33.27135071727493
0,120,109.26610284107127,78.38979022135611,-74.46851357013122
1,120,641.7575279799364,5.778119243812292,11.75019203645104
0,0,21.483854090020618,16.268194407568156,-6.397713466341955
0,0,37.107452744635225,28.198900367139068,-9.202185879028306
0,0,167.59499574556594,124.20353226853871,-24.701050600453662
0,0,102.92639937028159,61.878597355977114,-11.881573569583047
1,360,55.65938480852875,2.9192491642758966,27.30835167907857
0,360,27.866797452341572,46.28990795010937,-74.30603838681623
1,360,39.732360510305696,1.4684521355620073,33.16371057594917
0,120,112.8367839587272,78.23979753927671,-74.46447020825775
1,120,604.8059521027822,5.726564190351287,11.6948356769296
0,0,20.72520909004596,15.383172212278058,-5.266492770155807
0,0,42.07222326313005,30.29405006403199,-9.8338004423495
0,0,194.89260400328882,140.75062847692672,-29.539531991413135
0,0,240.5883742990779,128.4291714620435,-23.87250378971043
0,0,61.48526158867818,37.04731052836254,-8.289925897339117
0,360,41.795910796405245,13.069342359398139,-64.20152165368916
1,360,38.606762891728415,2.272103874933758,19.951892848939707
0,120,105.17659450110142,69.91667453185711,-74.43660579835942
1,120,451.4082599808965,4.044860141490035,10.13585637316892
0,0,23.576126179920887,17.388998888840014,-6.4729832936425
0,0,64.30589604703512,49.07281996676014,-13.076772994466992
0,0,169.55489530528226,130.55486802297352,-28.96619648349064
0,0,124.48733886216897,95.03911881799186,-20.946906033495402
0,0,37.41949695165773,24.79260239846917,-6.721000268149979
0,0,93.23972974444898,51.27658981509352,-9.0424118377381
1,360,77.00018692406674,2.953380515852261,31.41846977908756
0,120,104.20464557192115,71.62344991726351,-74.42914166321856
1,120,469.9876471697955,4.703771510299282,9.563382685825616
0,0,16.31478243776358,12.817018668995221,-5.816992114421936
0,0,16.20166746981561,11.805037919177359,-4.632492587550175
0,0,78.69892636340184,58.88038362536318,-14.310009099599718
0,0,103.73562511582172,78.64610661596902,-18.152026058560047
0,0,33.7033628689435,24.632933678099636,-7.938840177621586
0,0,39.003227839359596,26.98155387599072,-6.986212020396906
0,0,41.396125642817196,24.741593277570402,-5.967910637007108
0,120,272.67708019803473,96.33526838510419,-74.01100294571118
1,120,511.12563874926633,5.226573085979482,8.28853771659412
0,0,26.43250892445238,17.8065788313333,-5.395661772423594
0,0,61.54497749670194,45.266710575532194,-11.015389763497318
0,0,104.5280696653628,80.18238197897115,-18.459425385342968
0,0,100.62580182168024,75.13986424480896,-17.031359541930676
0,0,19.229564773892964,13.207309027667895,-3.8216568142170075
0,0,22.29082224258454,13.338342704611826,-3.9104284972582235
0,0,152.49814059612808,72.72306376197132,-74.23285223584884
1,120,667.180760477009,9.040945430697768,10.247992969690458
1,120,351.9159757375179,4.93519021014328,9.107758546190539
0,0,27.217094182484274,19.481328051566237,-9.01203994824435
0,0,90.04230154761838,70.85896399628197,-16.83233311213504
0,0,166.70188608119975,131.5757717763602,-29.456493288746543
0,0,135.20275757401646,103.83719047483171,-23.32691723908414
0,0,42.00527129162554,27.46501202909072,-5.930202864129129
0,0,84.97424798889283,16.95102713239631,-68.07934111672286
0,120,443.87501784427485,55.53136983212675,-71.66079656364482
1,120,598.2173103993196,7.595405468397281,9.43708225543736
0,0,87.54421976652173,50.30628097828743,-13.2097639836512
0,0,101.69368742176476,61.70895955480661,-10.821671648863372
0,0,126.83922127531778,80.2487335659415,-15.551238902858287
0,0,193.56800728526804,127.72991567688511,-26.27025933978475
0,0,64.09994767930979,45.86292528782162,-11.098107885561994
0,0,39.89474542268556,26.440267728182363,-13.187531510738708
1,120,242.67621393241006,2.7321184510604453,3.089536376774859
0,0,332.3694268931439,162.14585379700745,-74.45271692519245
1,120,480.55712389400185,4.238784192959747,7.9571406418959185
0,0,112.89224573796679,76.47866276811219,-20.40971702928568
0,0,94.05240438609934,46.44331006909356,-8.913729951449852
0,0,252.35433117833605,139.81053683133302,-24.390770211637886
0,0,206.45623054656204,130.1228670076879,-26.09086326762627
0,0,28.81251932826567,20.32739531693171,-5.491257242562867
0,0,24.56846514468676,16.02215281599106,-9.964293400869394
0,120,170.18162370590204,4.857721322918492,-10.27678871020754
0,0,328.6624151038726,153.04107933999143,-74.42677567364123
1,120,577.5815869266327,5.114039126389629,10.133849621868578
0,0,99.5558645328649,70.27610244225026,-21.41620689101765
0,0,21.62386162316074,15.451169345655352,-4.250443777748345
0,0,111.01836267676089,62.3319848391201,-11.205560674587922
0,0,212.588441367786,129.41754749672856,-21.44283173451491
0,0,58.60942273138838,43.0777957283245,-9.949671594714204
0,0,64.85551330775746,42.287186758132734,-12.97387078463457
1,120,236.14932879511747,3.982791483524056,-0.04291913536846437
0,0,317.88909317673307,149.21508250605766,-74.44211450892375
1,120,561.2172587798228,4.812865038103386,10.775102420169631
0,0,52.18362554799625,37.75964615328297,-42.43248651258264
0,0,16.069861176306482,11.470516508917031,-4.028785190133931
0,0,21.329264124073266,15.177531039164563,-4.75349719293007
0,0,84.23554444739774,49.062794531630175,-9.85578727558
0,0,37.18949087897585,22.77891147529459,-2.5252538403523914
0,0,28.048028118466632,17.273972659049917,-1.2457042467030703
0,0,79.31505069538419,23.587129764442153,-20.059259980618677
0,0,355.5000921071853,118.7130652439825,-74.24208177609826
1,120,685.005420361888,6.433162944579022,11.997980024814282
0,0,66.66046992282006,47.76529246062173,-13.70613516680585
0,0,20.09143582274472,13.888074957479791,-3.5791813043998815
0,0,22.58924183922701,15.300235546281572,-5.75847158272569
0,0,121.56052031983826,81.31868812729402,-15.345392849349047
0,0,198.4267297636655,110.69509529269143,-18.561640636742702
0,0,67.45002445920268,36.95194491510402,-37.53131079702528
1,120,373.3179277370743,3.7294516541262697,7.1568299044284345
0,0,384.6381313399618,172.5393615914388,-74.44086607906753
1,120,614.8929069353702,6.3860190262208745,8.79206575760206
0,0,77.48889329676977,55.26489275199426,-15.05176599829543
0,0,18.912347222705115,13.250315833847973,-4.359566083934936
0,0,50.85463865731489,35.73307685707255,-8.906910327736242
0,0,87.73021012989061,62.100543245329945,-13.432946369970857
0,0,61.23322008487837,47.6599887614432,-73.55854590563061
1,360,82.99947184744728,3.287095178671428,32.94595724293998
1,120,765.5216281801835,12.851184889812657,10.170587326171912
0,0,465.2817644712596,177.4240421209241,-74.39473592583532
1,120,730.469313062479,7.631250343789951,9.812469650134318
0,0,51.5713325057227,36.16528356565905,-11.905388128582942
0,0,64.64057869046562,45.136086876331774,-11.310032480354423
0,0,104.2791314326899,82.11503115046204,-18.648251523259283
0,0,79.46097062185613,62.46256345485732,-14.467355887761094
0,240,24.55454087009246,29.35580402271323,-74.13351095571785
1,360,41.76668710100638,1.5657182105125724,34.727810842571714
0,0,30.0017873194366,22.736527384450014,-1.9697501079887303
0,0,374.6912208091291,121.86012766379702,-74.05233487969178
1,120,524.0705445078262,5.040693967189774,8.092025971000567
0,0,96.80131430669263,67.52074769248287,-19.065984701100987
0,0,34.068136947092704,25.240137484545006,-8.15733875644564
0,0,109.5042972843688,85.11241647243959,-19.086464389164007
0,0,67.31132588876537,54.819141280431424,-13.947715548968262
0,360,24.937061320390956,25.461300048724674,-73.84591135175006
1,360,35.34082373410681,1.2690588964623712,34.95479856227003
0,0,21.217638285042828,13.98920420973728,-1.6398601784579938
1,120,352.0000434994202,4.91843782920291,7.03326065423316
1,120,670.5740624409871,12.237305913096657,14.842337660441032
0,0,55.98232723311067,35.02420702338591,-7.873137807765403
0,0,28.090512414954567,20.535007482702152,-6.319779072999452
0,0,86.83635038577337,66.207922879418,-14.609302316876914
0,0,56.87147691761468,45.393752957124356,-11.584553560210395
0,360,24.31944050576802,20.727860449706213,-73.82924298193082
1,360,33.83995827458864,1.192622702316597,34.25373458309616
0,0,21.266455975507174,14.452982022290547,-5.115224523277618
1,120,585.0475572047972,6.2139016345741585,11.230709906266938
0,0,69.8970346337203,42.24743441445269,-11.709463420195512
0,0,58.3588115267217,39.95035025043657,-9.532596231614107
0,0,133.95309529387046,103.45515320764181,-20.0680114147127
0,0,149.0643490330393,115.45459031572531,-24.20914256541927
0,0,76.33546919017304,55.285197216734716,-13.337621519820225
0,240,24.786315513167747,28.730127267220055,-74.1846238181747
1,360,36.49717829933878,1.1577113716053498,34.53354732457606
0,0,27.2702138009326,17.201539031121715,-4.423182598186415
1,120,802.9606676508453,8.897176379827846,13.815172431577338
0,0,70.058654758903,48.077185494499254,-9.906301618997091
0,0,34.910432385186596,21.357579219447263,-3.1513768995964995
0,0,42.85596100458048,30.047978886432162,-6.736142497360234
0,0,136.2124384561639,105.44265768298605,-19.849133967904564
0,0,131.98525371326062,100.36858152458113,-23.612596189240755
0,240,27.022522024316594,31.04852745618227,-74.16092680973237
1,360,39.06156492431157,1.2761820836485884,34.40677226836158
0,0,72.67110164086604,52.59255356428397,-67.20909124530789
1,120,716.8430407410415,7.2410416988943345,12.561402514383857
0,0,91.02078058286664,63.24272715016803,-15.298150926102224
0,0,18.661430838531885,13.795491839215893,-3.347530594128173
0,0,38.102613700621355,22.989161023662458,-5.112472526162421
0,0,137.29611249963577,97.11984462437599,-16.464968559255
0,0,91.64012584554469,71.05247349121893,-14.984152634981044
0,240,25.905447370753723,29.76189049980597,-74.20178698021354
1,360,40.20659843290878,1.1287955251247486,30.880610469982912
0,0,30.240406440240243,19.457983270775966,-15.22864738625183
1,120,769.2960294874807,7.743475763428501,13.07187508063862
0,0,106.95351137017613,77.52915817965932,-27.572449418021726
0,0,15.108546649871224,10.423461529155642,-1.4911607397796303
0,0,19.926848470311523,10.43463377488086,-0.4298557585034928
0,0,43.72677418066048,25.976006677257878,-5.495462260847816
0,0,115.62463184286777,82.46937026494605,-18.312695227504975
0,240,28.54695800463929,31.79404451002078,-74.12667854911295
1,360,38.47749179424062,1.2208472396768586,32.56166853230914
0,0,23.997913672873143,15.126000640722497,-4.2977648052995505
1,120,717.9692193037396,7.029817925063792,13.060167643591825
0,0,61.344614281632744,44.653406412972046,-46.011079892913266
0,0,16.967493380348138,11.377870696462114,-0.6032190866076235
0,120,21.888376879683324,6.458159611638251,-58.25316627941629
0,360,30.554143841994897,24.144369822791795,-73.48603327967581
1,360,74.29211958129058,3.4086789390703522,36.839429470200955
0,360,35.1347871217049,48.40181460673189,-73.94525276198682
1,360,42.861866044189256,1.4695043765488953,32.76413391765266
0,0,29.72455379889984,19.14715533371663,-17.842266092799335
1,120,706.1560809373957,6.897605033785434,12.349103214991771
0,0,82.31117807745677,59.68187179876934,-17.318845400934485
0,0,17.659013596326623,12.469743569651977,-1.1828704487264332
0,240,21.787991206334105,8.648989097173887,-70.0535951198131
0,360,25.837002593470164,4.384315725469296,-31.13479935395757
0,360,34.71295918327587,4.948309145721061,-25.20823825638484
0,360,58.23894584101426,9.809669901649599,-23.568697463699692
1,360,64.29965273616605,2.7247381472481433,32.132540171253666
0,0,31.907859464861083,18.94796391355774,-9.835553227198972
1,120,689.8189321509769,7.258145942176429,13.072091576629532
0,0,78.08736133971018,56.2311778897094,-17.220768553668655
0,0,15.27451925988388,10.65852318415525,-1.2411578308940108
0,0,11.582481489172224,7.778032942403408,-23.879040303282075
0,360,20.330078843148275,28.59263397531394,-74.03576805742117
1,360,32.249090598667195,1.5949944605378876,34.58929504223491
0,360,35.37871379211955,32.282278692503944,-74.21054205726894
1,240,165.93733420318554,2.927038741402597,9.03156861092863
0,0,50.009552481323695,25.83987434239723,-4.466190359457201
1,120,750.6077483676642,10.0175152334563,14.791411141964332
0,0,138.49726962254704,98.0328749211815,-27.715207707103446
0,0,33.55165556243157,25.471976376354647,-4.425222656562269
0,240,15.871461405291516,6.041946966052444,-37.221296864813695
0,360,21.530097977417626,41.824720592587056,-74.28705406934905
1,360,39.923693353470064,1.3365159088176077,34.89032439082381
0,120,83.83223686046898,66.78905999098217,-74.46248529846251
1,120,635.0115754329981,6.536832368216406,11.568560226847978
0,0,39.41505103757973,25.944003053816004,-7.010118173854494
1,120,699.2744080778551,11.814593500089249,14.96233472678631
0,0,20.97254604952483,14.533289758838956,-1.903802098450555
0,0,12.41736069757066,9.639575630414159,-1.2442803692244127
0,0,9.657968963985645,8.712965349176681,-1.2409496616719764
0,360,20.277005185469008,37.15991493086365,-74.20710937932417
1,360,37.80476585594599,1.280652390796901,35.15967871058906
0,120,61.92323094920094,58.80499280402045,-74.4666155872494
1,120,412.4174672872137,3.6004858288422623,9.282179373942583
0,0,20.323949514986488,15.017149436533114,-2.9000833415343124
0,0,42.683001438455385,25.828842982494525,-4.825407168987098
0,0,53.38428261774015,36.14307996003112,-6.312409882539697
0,0,16.4030473370964,11.905667731194042,-1.0625236580881392
0,0,11.31041763593929,9.452270747100625,-0.20925467053696423
0,240,20.10288556953285,30.20969890437748,-74.23116655304705
1,360,43.72224796412349,1.2655452040489166,32.319143061878734
0,120,115.79744433453187,82.3129137413298,-74.47020246491907
1,120,712.1955466035189,6.684634980184852,12.017897655977833
0,0,20.9183270494806,15.154375045376456,-3.9358917564965736
0,0,35.3183912019442,25.19288437967441,-5.8690677270042215
0,0,70.90928931893507,41.90747692473073,-8.428408390600396
0,0,45.15187423159927,32.43832382951847,-4.446530858128966
0,0,13.347511064937365,11.37039036371583,-0.9218595513800096
0,360,21.347661300712442,37.19915445014975,-74.16458564402102
1,360,43.35350287552754,1.414939825811751,33.16062967146317
0,0,146.81961036472222,102.10990774910043,-74.46464111844168
1,120,692.6231714837949,6.265523608800857,11.74403022747903
0,0,30.453370259754816,21.47411151868001,-5.889934609820216
0,0,19.18060368582915,13.575099920485368,-3.396417054229005
0,0,26.050451758706007,18.163166483544604,-5.049118305130705
0,0,34.80007874024373,21.03502676423846,-4.723670706798032
1,360,58.07616750445125,2.9952695691379816,27.224509443214956
0,360,28.37321710544018,46.58765322969022,-74.29191843111833
1,360,39.76829080112574,1.589632346133073,33.41865125878127
0,120,135.01726726381497,85.97174109370347,-74.45606448144129
1,120,630.510979267113,5.9958730755162755,12.055975970071032
0,0,16.907056807465523,12.29312346711777,-2.6031923970793116
0,0,15.945798353168517,7.604348900410357,-7.764960589846822
0,0,17.0420031407168,8.542589306296216,-14.839887200731845
0,0,22.49807221928962,15.396075944761952,-2.8759273850103
0,0,89.49472126818075,51.052739149420326,-9.928738097747171
0,360,40.399707200189596,26.48308011192737,-72.16596862108372
1,360,41.809331340970644,1.8885173920180498,32.61583416388058
0,120,90.94124271436286,66.80727934554945,-74.44927551389827
1,120,569.8101724078826,5.3845110240194565,11.47621635995678
0,0,20.275760567842877,15.077854319737174,-5.505487690580637
0,0,22.08655236214528,14.759153682915855,-2.849723043341527
0,0,13.893293359089379,9.534454378375786,-2.730983319097291
0,0,15.865863383620058,10.428413665816946,-2.372982217824031
0,0,24.564727614946833,15.698936788558223,-3.9119106621190554
0,0,103.11748586372379,57.90513251390337,-10.880679296539164
1,360,94.49609862001617,3.4783004859812108,30.08074937803501
0,120,193.33493838693602,104.0411255206346,-74.41773542101487
1,120,646.7590597599558,6.826013198646742,10.404128212979643
0,0,15.1158691195978,11.367390904554544,-2.5298418900058692
0,0,11.717518824746241,8.342667393147604,-1.6688706412396925
0,0,12.78850309988076,9.02211040508611,-3.178846910135192
0,0,15.611909911827368,10.733741420365405,-3.990915045262767
0,0,24.56256562037027,16.434731311785164,-5.329139215832626
0,0,53.65260526437163,35.03517921124316,-8.026046428113162
0,0,43.7818388588554,25.5377841440501,-5.747396980113848
0,120,323.1578886672649,114.52645705874647,-74.0732262549178
1,120,502.3008181111163,4.8445199691345415,8.5442361353944
0,0,24.68638025535531,17.145600315293244,-5.054193470763721
0,0,13.50524198984225,9.835432283154182,-2.6451676390088608
0,0,13.540386351511366,9.885303751036165,-3.4746886817111715
0,0,14.628559954274175,10.262399448001458,-2.678599616066407
0,0,89.9062797323711,67.71434735434624,-15.578821324776875
0,0,168.34286937970379,123.90158577373055,-27.142621608380246
0,0,127.15312229741029,79.00739421921932,-50.15194250532342
1,120,246.15920190270026,3.96088444255252,4.731242129369079
1,120,488.28612213820213,6.862709024407385,12.448799618804983
0,0,27.409147690507492,18.101565566509365,-4.33864924050566
0,0,21.788743124515918,15.271961170561596,-3.7529526441791887
0,0,13.064309998145907,9.413739883501762,-3.5972254125651943
0,0,14.397183331458946,10.126955340383782,-3.98992415976592
0,0,75.78016750153341,53.7537626905941,-11.764340990506284
0,0,109.11215264902923,71.5771604714189,-15.237519558494625
0,120,58.57363583816781,14.74801243207159,-72.1528992369018
1,240,71.31845046941127,2.1552422550908865,-8.332775450001165
0,240,115.58020800192551,12.288806725515995,-66.46984903081426
0,0,18.647394419661083,15.188837126421168,-0.9853095302538577
0,0,11.577958030281378,9.838378205702911,0.5907063426375032
0,0,13.71790246828103,9.199173593532118,-0.45271273908205956
0,0,18.731210316548935,11.968229489538814,-2.9665725910497542
0,0,87.60298336741059,51.783632254882065,-9.097568354806384
0,0,157.81620603109178,75.4035123376254,-18.237362949437824
0,0,205.23151209500006,94.05707137445405,-74.19026123586585
1,240,83.39043253337589,1.3078120954998873,9.94817100258932
0,360,36.70711238495694,21.32929216400326,-73.836156476953
1,360,65.78297956621108,4.773494142787793,29.939444110123034
0,0,19.77119405295275,14.721324430713102,-0.7264552660476511
0,0,12.402918904716753,9.82710029561081,1.0854413157070297
0,0,20.48610462352105,13.478786145641346,-3.3027991916989947
0,0,80.59338514170034,51.86544183429845,-10.79346471927871
0,0,136.38457440530746,84.25339616455236,-16.100726544705367
0,0,169.20029877983362,112.19619428352873,-73.8898331710642
1,240,84.9540252505066,1.2682702880708592,7.263920479008036
0,240,27.08080211791493,46.142499114014846,-74.43520088379583
1,360,39.81245358489972,1.5825137377360874,33.5911402761529
0,0,26.750209982930738,21.39102269599521,-1.8156632498442917
0,0,24.44616721508068,16.148323114341867,-1.839727611910618
0,0,17.27971591515459,11.648321461218565,-0.9130914637482306
0,0,68.63706978758188,42.02770888566265,-7.400572856841762
0,0,153.22476197065276,69.39234258392987,-15.400170498433248
0,0,225.56424747059998,127.70153563679825,-74.21472225787946
1,120,188.14703384994914,1.7698422194248902,4.979354861718704
0,240,26.97529825332323,46.45886668161536,-74.45845039346368
1,360,35.56045002670427,1.2507096627774639,32.86431327406096
0,0,13.977622178159935,12.960563006978235,-1.9980111615711138
0,0,25.545379675356227,18.070652399333735,-0.227223837782347
0,0,37.99741501553621,23.18991909416768,-3.72838867598
0,0,89.69344092614838,59.538636000737625,-10.767476873600849
0,0,203.41853992181345,96.26878154774423,-20.056299814281452
0,0,234.09700764411457,130.0455826808906,-74.22962239278978
1,120,110.76952739621068,1.3929451714693402,4.935822514008407
0,240,26.423831531253928,43.45073740681302,-74.45816738090105
1,360,33.29486355354176,1.1512199692794607,33.5165324269784
0,0,10.433128587498798,10.45262841656123,-3.2978114571392183
0,0,14.219663537827756,10.657308748365194,-0.639224035249427
0,0,47.90461911876289,21.557768111229535,-4.509514537945478
0,0,89.34510241901489,54.9076626604323,-9.852065209890156
0,0,116.06416386953855,58.97786534367583,-10.062116281684354
0,0,189.21517683034037,114.53646558757774,-74.2502645504253
1,240,88.74642111810604,1.1272713166324446,4.953150520049931
0,240,26.247689641479145,43.12844136380119,-74.46466705014672
1,360,34.379559764517516,1.1060648304133505,33.25220747561731
0,0,13.50164050397874,11.831953451139205,-4.45929579482366
0,0,16.834690657365798,11.695716860769897,-3.061189665845504
0,0,54.38935271553552,38.05036404803691,-8.838268608465043
0,0,78.0634029100148,44.866279255355096,-9.913575051614714
1,120,173.95000966774475,2.85001663834245,1.458971840943505
0,120,152.0110152738807,86.78646126355997,-74.43841148746509
1,120,258.35114525077194,2.4054362801792535,6.336551575184103
0,240,39.68941844455793,47.318932362305645,-74.46490768075681
1,360,39.231638154139716,1.1090895609690485,31.05896153264682
0,0,29.197723887477245,27.528447279535065,-71.64943885089103
0,0,20.767763246902867,14.426777259303275,-5.891883073738384
0,0,20.576750290691162,15.110841326220184,-6.202117665325318
0,0,65.36003753874004,46.83977686222517,-10.636321936954914
0,0,50.33574157463198,29.487315302595476,-7.329462250597331
0,120,128.78285439964853,46.64285793038341,-73.79390521564562
1,120,153.43451956691774,2.201067306043042,2.3491617217134007
0,240,31.8433746674397,41.10895580674668,-74.44339201741818
1,360,41.408902736615765,1.0200224245132206,24.814817469949602
0,0,12.871303263772395,10.961327673622517,-4.100870028337468
0,0,15.357174187745287,10.654990472155756,-2.8320036791625824
0,0,42.950327655613656,27.056119106413533,-7.402446379840015
0,0,41.45952208922725,29.465292030820365,-7.415573530981035
0,0,25.740372834168493,15.158222637189265,-4.246580156987534
1,120,237.31418794105625,3.5400644783560073,3.7029777670130812
1,240,165.04587177278245,3.720380368229265,-0.6968785829820519
0,240,31.435500418497167,43.73838680835265,-74.39852327209213
1,360,37.940942099377295,1.2305574427789565,31.53282962290035
0,0,18.11046784649147,15.048020337961988,-5.302964017854947
0,0,40.71300889385357,31.435109700006425,-9.715772656844607
0,0,123.51564731329543,98.25451649715772,-23.173217575692675
0,0,16.030947112359097,11.555718618939515,-4.223689869333427
0,0,22.918530526800673,14.291215512023802,-4.649887207742765
1,120,132.15733083261978,1.5485514491467378,3.7671771550862303
0,0,32.6467174345402,21.462899824924488,-3.0768273378041755
0,360,36.330675302051176,42.15734074867258,-73.83965235377252
1,360,41.24977552354685,1.3969119879094496,31.307157532685252
0,0,13.207433671428271,11.53979147670451,-3.991531226159978
0,0,23.41974374398021,17.32860395444548,-6.014586339970023
0,0,102.68810197486137,75.26760823779723,-16.575706258604512
0,0,22.41162001268851,15.650751019542598,-5.023871541883267
0,0,22.75141900893072,16.98686144135229,-51.19043213986539
1,120,245.5428128366881,2.03093341067002,4.284086313686075
0,0,19.15931281916998,13.763279704756702,-1.7336612299033902
0,0,30.759391767599745,19.069186301821922,-3.0917322541013164
1,360,62.14840930270079,2.34505455383058,30.449516991471512
0,0,21.504635711358606,16.805740036788816,-4.684768042585617
0,0,38.46779958726133,28.10958439109923,-7.869032710707032
0,0,100.3648181906522,75.59397306336321,-17.164175668968383
0,0,18.7000158233728,13.395404280445721,-5.153098831533228
0,0,41.850710740570385,26.410337944047868,-8.748693392226798
1,120,198.68253637366666,1.6460016442565986,2.605451341104242
0,0,19.74756654079459,14.488130217290893,-4.302302894339732
0,0,17.365873972833718,11.949939692060278,-1.3114274334814553
0,0,31.911091426141354,19.4370391844013,-3.347339078443909
0,0,29.102748715861722,19.458239682972938,-3.050989373966175
0,0,45.58287961639412,32.89778912704463,-7.923856157020083
0,0,85.72658533292174,63.06869934676805,-14.246384258579369
0,0,39.903113959515935,29.20386148085026,-8.868519759810013
0,0,44.35272308663701,28.761057340694386,-10.554744582226945
1,120,146.44402631369022,1.2900368834880782,1.6014262029610649
0,0,14.580601730191242,11.18462958901703,-3.2289574052615535
0,0,14.410409002363537,10.067996032520648,-1.986195476528863
0,0,18.162986298080497,12.797828611110834,-3.013127555863889
0,0,28.200264893038135,18.3532003252402,-2.8923644267815547
0,0,94.71151122930624,63.14255169492895,-11.1428018175312
0,0,43.88005150704349,31.875014409934998,-8.140581134072448
0,0,47.37939415739585,34.971718601350766,-9.116703269695122
0,0,22.163821607088284,13.459822913931204,-4.123910197831421
1,120,176.95252008142435,1.4825499634453305,2.0582577240839015
0,0,15.26890561155094,11.621596125117112,-3.6995697288825795
0,0,12.237755204239546,8.695660343597506,-1.7909660533429985
0,0,15.74574767132893,11.144973047696293,-3.9024098188257454
0,0,47.46053881438596,32.52148591283097,-7.798105293377972
0,0,69.1799436842678,39.50191067738021,-7.908339223210177
0,0,108.98135933087018,75.73537734570226,-13.430860514366145
0,0,22.87204396654303,16.80174733257882,-4.112269374935664
0,0,19.48317813599461,12.436349403141907,-5.282238690109935
1,120,215.16503884988254,1.7645248362687231,3.304092230533712
0,0,14.531036717621987,11.37260508884572,-3.8289177566813066
0,0,13.386812118560231,9.77857780947938,-3.4181915548530384
0,0,22.214246086038955,15.880523116335985,-5.267025683364196
0,0,15.877552126407295,11.670189054159797,-4.75737746722865
0,0,27.18405574325347,19.504655926057808,-5.652675820707088
0,0,32.39658422187175,20.05402610236192,-4.093883869246241
0,0,23.99226417514034,16.70239183282676,-1.932329608637147
0,0,37.889127766770265,24.137443875757096,-8.218657082485919
1,120,156.07890366808493,1.407577220780902,2.514872749215826
0,0,18.470123733398196,13.809328235844816,-5.816413403984697
0,0,18.869647829817982,12.88709105053812,-3.8658386499000272
0,0,37.850392030606834,27.67340188460143,-7.852058592342942
0,0,22.89979691733198,16.66462175266946,-6.8095388016625265
0,0,45.20551596438412,32.83582472458731,-8.074533203307709
0,0,15.86243471024821,12.090008376801917,-3.5286877779049917
0,0,27.803799945406958,18.298070294032943,-2.015605624216846
0,0,51.44939674697682,26.504776528594252,-3.9452427179500376
1,120,334.5025066306768,3.2059255731038,9.163489610311629
0,0,17.325439526645845,12.876913458719837,-4.047961738867073
0,0,12.169768196215822,8.966897955672687,-2.6614964327846593
0,0,16.689309391107226,11.424164368881401,-3.778282675115449
0,0,13.141843057903312,9.335043880762893,-3.665105232483768
0,0,17.64520698130112,12.067062302889354,-3.99623585057779
0,0,13.853328631961292,9.985314369862909,-3.521601697587201
0,0,16.127565841076194,11.747033817190857,-3.326946821454129
0,0,51.951920765289934,29.641472569588334,-6.2469281720588725
1,120,230.88063625670839,3.1562608551663525,6.43860445459066
0,0,17.189430580413905,11.961199286995454,-1.5823555125652433
0,0,20.433861936546382,14.454729006489698,-3.6205403654322197
0,0,12.330683283201157,8.996500180269841,-2.716627969546309
0,0,18.025374240223762,12.471896305019962,-5.047203148288062
0,0,83.52215977436222,57.48327527783861,-12.710411817237123
0,0,71.84860977894455,52.645453372920855,-12.316093513489015
0,0,27.49216754687523,18.739717761585993,-7.03588119677255
0,0,119.47460736194508,71.7916506830444,-19.79562615107473
1,120,353.8736544728733,4.858267959909839,5.744335118823756
0,0,17.87789532446531,16.82837052645895,2.4441701546465566
0,0,13.32607128538644,10.94022086412285,0.0271672783036081
0,0,13.100344160304017,9.54228622124924,-2.253959383437831
0,0,16.338545993798153,10.596112878069679,-2.72231515269209
0,0,23.232411326154796,15.599719356912225,-4.599951574762912
0,0,13.98120344128506,9.628009608815018,-3.25782631297227
0,0,15.760979070195283,10.67850642922038,-3.5293455926466066
0,0,41.7677276528179,25.990949027593523,-9.027169687301281
1,120,262.6837823822056,2.5219259614506924,5.285005567036592
0,0,33.37851950695328,22.74726147526722,-3.6139622180161695
0,0,41.250709446374145,24.302004151884255,-7.099893232545881
0,0,19.73129642854749,12.411735241090799,-0.9858091363867345
0,0,34.54940870579266,20.762721237628636,-5.041357756533529
0,0,50.620205643357195,34.02120985804054,-7.570039257109556
0,0,18.972588921926917,12.439865913271811,-3.8083756178516808
0,0,29.876419210457343,18.48529346356942,-5.802507699953296
0,0,76.4678067901725,50.50788295486951,-17.033736834446223
1,120,210.55085707777437,1.8156551189748542,3.492735179534634
0,0,18.841117222816543,13.805386250530924,-2.132188715320879
0,0,37.24093752543041,22.604721653198716,-4.385162571475391
0,0,33.39132233878253,22.328709420598596,-3.908563301028863
0,0,57.483446396074044,41.26717340314434,-8.500905403863541
0,0,31.667216231788057,21.533120136581026,-6.122821845270778
0,0,20.699575849926042,13.41119758114934,-4.261376825289219
0,0,44.56912109481571,29.41688084448872,-8.294164222699578
0,0,98.78201754891609,64.06458177807656,-17.672558216233995
1,120,200.72790090266471,1.7070585659096618,3.4855075441458467
0,0,16.35009317741669,12.097399247050907,-2.368918754610064
0,0,27.010765259591146,17.682585218940304,-2.304869248376775
0,0,27.84644418537122,19.416340239357805,-3.9445599229017887
0,0,65.68658696447775,42.990708565996805,-7.994079962378692
0,0,56.38140642928595,39.60660293208903,-7.596759858448948
0,0,18.962573151133448,12.771932388074864,-3.532826182038903
0,0,22.368648532048542,13.184544696466372,-4.004970631134043
0,0,102.91774403825228,67.68248461672688,-22.58107606025225
1,120,294.86011524502067,2.3727148434716803,6.13637605128288
0,0,15.179229716607987,11.452072441462844,-2.814292641752516
0,0,18.265160764561518,12.055464581980148,-2.539475961601269
0,0,64.51201355039056,45.69638415702993,-9.031291437897409
0,0,31.23841696390807,20.457988021251175,-3.3065212573888374
0,0,58.34967084897113,39.18756623019097,-6.758645590261352
0,0,16.916714084260327,12.352932316490653,-2.237464054284416
0,0,16.593370881772213,11.128544351933146,-2.281704177349596
0,0,117.10500247624688,78.3170424180437,-26.530437560243058
1,120,315.63920690228133,2.630902025700277,7.02532524348949
0,0,15.909494860903719,12.07498008611454,-3.5775825647747155
0,0,24.75332119627524,17.508022049414777,-5.002467582474438
0,0,29.360408464071376,21.028298057355276,-6.408459161582982
0,0,22.617090388415605,15.7482862744678,-4.9633442588866785
0,0,61.54859185158079,34.03526744541081,-7.765172922453289
0,0,25.19641794019429,16.986152785665052,-1.5649858726793013
0,0,32.57188962564964,22.628538401494406,-5.3382362108352055
0,0,102.75436637326074,62.89447430321655,-15.89021333723828
1,120,430.75197549856307,3.7460571615966716,9.38613908342289
0,0,14.747140576878712,11.737070371822794,-3.2829648282242516
0,0,24.489629556734204,17.33832789391527,-4.1783672663137
0,0,16.997084761899472,11.422209578094044,-3.615427729339231
0,0,14.545640292382984,10.17558983074411,-2.945639094082722
0,0,24.643465766068978,16.122977754871922,-3.651599213358665
0,0,32.727145103532976,19.913210722760965,-3.975169125308639
0,0,42.73903313123133,27.386983825150555,-6.1256904171503095
0,0,45.708624603679674,28.982028300155434,-10.893827264602393
1,120,186.82137819580922,1.5707358590813447,3.098795743770623
0,0,17.600759240758958,12.652881050335598,-3.531185808569319
0,0,23.6189634551152,15.543325579877038,-2.864095046430279
0,0,19.589402665445164,11.149559585648179,-4.583889237591308
0,0,29.93169163132842,19.80789152614196,-5.0323981532174855
0,0,21.129612381709116,15.032553892366598,-4.854517552995361
0,0,16.49731103600688,11.980802140339803,-3.4563031760217484
0,0,29.004061752536945,18.30865363702006,-2.899000861579779
0,0,178.4236764998224,90.32813923679831,-27.241098140552367
1,120,457.34589129022976,4.876539090016891,11.664634486197912
0,0,17.143201400462996,12.510646950501945,-3.1498197938157375
0,0,32.72241665961213,20.733098584587218,-4.831556487805784
0,0,42.090986287490935,29.34684931983435,-7.939081653919132
0,0,17.70270390339468,12.46524790305561,-4.711713466684799
0,0,23.60229991868495,16.665385353827478,-5.164019388920764
0,0,13.765408438396415,10.316072719803934,-3.189005568170117
0,0,18.122937922352722,12.755527642901543,-3.4183580902306545
1,360,88.31397072673195,2.9501741306391613,28.1969428202233
1,120,426.81564520971506,5.978062994263395,11.521372427598891
0,0,23.416741586545236,15.585930861462955,-2.9252551638618343
0,0,47.91851765532651,33.69855878275598,-7.716086619899301
0,0,54.540206990173715,38.749084467069764,-9.394896454627641
0,0,17.05343818005883,12.159703184340483,-4.743271920744107
0,0,15.124761609195453,10.687141321282155,-4.170115438352553
0,0,15.891535230785989,11.31314915845823,-3.8801856726821313
0,0,26.090503811295306,18.07363495219632,-4.2827100071625495
1,360,53.769419155013516,1.3639005025147795,26.547401578111973
0,240,50.30874605731713,39.53483287638486,-73.93540024281404
0,0,26.666787510226033,17.608303169020743,-1.3979841960003085
0,0,20.713860456949767,12.242391891289348,-0.4363672917684909
0,0,30.853600313587354,20.44401355651619,-5.46026917217192
0,0,54.9135003564758,34.6969997006013,-8.07420845932134
0,0,41.494540518389144,28.45553516371086,-7.260037815051305
0,0,25.06991368100388,17.51592574405771,-5.569866104184726
0,0,27.646003756210007,20.89864928804664,-9.028027344496024
1,360,43.45176332291544,1.2721855931321124,29.387862285902372
0,240,28.501249100594134,39.8537476596564,-74.37066551385098
1,360,67.13383642924177,3.4965360424180787,29.2158312408192
0,0,55.846397339401506,27.871794482146672,-10.650444136977235
0,0,53.22024311767414,33.24002333165839,-7.35881411090314
0,0,24.574655141063705,16.233980285571068,-3.87757106725347
0,0,43.26445296625918,22.196093595867854,-8.192544335274846
0,0,46.35463078927381,24.30286073768513,-11.340017175095205
0,0,21.227598902913424,16.15753563827594,-5.815305943723516
1,360,41.02186893879562,1.1346309278395652,31.224805788451334
0,240,22.02884218208328,24.36921796008838,-74.22100285341378
0,360,23.55725101128349,9.900891358438917,-60.055869067480145
1,240,98.28729583075854,4.001608193978787,5.840975598457604
0,0,41.85447584677175,27.306898688201716,-4.882462189360282
0,0,61.28232089368012,41.63704095298564,-7.482649817702594
0,0,39.4626406562948,23.943582166263845,-5.771519629562334
0,0,13.801226584939945,10.003706309562764,-2.901332356866476
0,0,17.126217977080092,12.800874562593547,-5.678530438082859
1,360,47.25963142381111,0.9952406963869619,21.332554397112006
0,240,21.081702876041387,19.678516075329,-74.14056818508253
0,240,22.238347913333808,16.342018578564556,-73.2184418930096
1,240,66.15374692864566,1.2240276490664328,12.694439300796915
0,0,33.74235598541367,23.1278278944701,-3.8454047590658575
0,0,31.268717979733683,21.103214093476144,-3.25631916780479
0,0,33.42049455812004,23.501296485934816,-4.636023137555753
0,0,20.853094010738925,14.225886756124892,-4.432691768248603
0,0,19.74497435341963,14.906477987516872,-5.64939923715238
1,360,39.727628389523325,1.149780468387942,33.17442712749913
0,120,25.81811455581743,21.84866774869452,-74.21602721869003
0,120,27.198068262524362,18.772365233236748,-73.47495841685244
1,240,58.14321139749387,0.9881810839281532,11.180349608074152
0,0,15.096276043747691,12.92476532833611,-2.4802226742434925
0,0,27.79095482967018,18.267048644773983,-1.5357672406755825
0,0,45.5376726039471,30.707468239328264,-6.465147804125394
0,0,57.735855586026325,41.373370318437594,-8.634296077954048
0,0,29.67863347531701,21.393383942380513,-5.529597849875813
1,360,41.70031975048432,1.177981759587489,32.35946127680093
0,120,25.520805371355436,20.741206563672797,-74.20877304172545
0,120,25.846316083712402,17.54016796753739,-73.26219490009524
1,240,74.5470878668641,0.9162569343556107,3.5691249572496844
0,0,18.452596134509626,14.328686914237375,-6.146086837524521
0,0,64.31666925130268,39.42750042136216,-11.538456567684719
1,120,277.5779836318443,3.986596809590111,3.705808868432655
0,0,23.324088352982603,18.44514382186989,-2.8130019925759484
0,0,20.509724781956162,14.734278882093099,-1.9716985719068987
1,360,47.46408698575736,1.1111838287206925,24.491297518612896
0,120,24.87735828138253,20.796338003738274,-74.20399972146437
0,120,23.265714499415385,16.627250379389874,-73.10680490262092
1,240,60.27605213902767,0.8895153963845683,7.75376763874435
0,0,18.12827304842516,13.656212115080322,-4.92851754804154
0,0,46.12835673103958,31.06549574464564,-72.74645005797535
1,120,288.3047711995264,2.6874322858760227,4.48019837437333
0,0,190.7295143104853,109.2049177708153,-36.24994180437545
0,0,34.46322674851362,23.58662539319756,-8.14606014799621
1,360,43.625171466146554,1.5002969982926373,26.056213808585795
0,240,25.04542394481816,12.623244308711929,-73.62447075634283
0,120,25.850978344125807,19.59496232942991,-73.82740016389283
1,240,71.76932193702444,0.8815527058034563,4.419387981234777
0,0,15.143101794480996,11.550586148425396,-3.242971357288411
0,0,28.52994148950266,18.687567465524875,-20.245113462044444
1,120,331.9598539341769,2.9989642998333643,4.623452106203473
0,0,128.0108899688004,90.47165117104214,-24.008292573238677
0,0,36.80124371685253,22.460188296741666,-4.160647902134755
1,360,49.320997654164934,3.726096810477698,7.199487941406218
0,240,35.12906224831084,6.298867056414822,-66.69993951276687
0,120,62.16105770634599,42.323780441672056,-74.32680580377581
1,240,92.91887210035162,0.9590831425219549,2.8591596621419484
0,0,23.06928920303922,17.20239984349727,-7.150707339642679
0,120,35.78015721025526,26.411614369599828,-74.23679772566152
1,120,238.24786074176367,1.9319163891065454,4.4091210752044105
0,0,139.7668457847112,104.03360785314534,-39.311153481972234
0,0,17.260467545072427,12.490900393618634,-2.836375232825148
0,0,34.83320358572037,21.21787261126948,-4.2652487728189215
1,360,80.06554225492766,2.548479769063237,13.42284006220737
0,240,37.500417320094826,41.59529366605882,-74.42146984675227
1,240,72.17474739619148,0.9732121413935091,4.8449108513647445
0,0,21.049107498624316,15.342950718809048,-7.869465702688842
0,0,50.52371744322423,35.044815801503,-74.1648035386489
1,120,229.40411162048417,1.850197857152954,3.8284205402065936
0,0,188.90752647283998,132.73711051762703,-68.50834509666817
0,0,19.119825164824732,13.109937200296807,-5.023047191764036
0,0,15.784996329675069,11.585849869800201,-3.0236775720362203
0,0,32.46352148593015,19.697528617077023,-3.925974574759209
0,240,37.52051136832768,36.79606884107651,-74.07142523335642
1,360,58.51018423883488,1.125208924298144,12.68675369311967
0,0,15.245810325098489,12.130088984448415,-4.8975461311883635
0,0,28.27280569406029,18.934374067118213,-18.412782989455586
1,120,273.44416175677793,2.2893257578776502,3.5413801633379194
0,0,118.21433365943858,88.38549844277485,-26.34288125458111
0,0,12.763892946480105,9.716080858612964,-3.1815198029460277
0,0,12.292172754806115,9.29019006144968,-3.2251853789584146
0,0,15.559310569284797,11.29575187266531,-2.9668723547294746
0,0,31.224080880822996,18.8895089769392,-3.4656624642440903
1,240,78.86721631539046,1.9555006757950892,15.454896413177863
0,0,20.04525076513211,14.126025476270012,-3.675372138514149
0,0,53.29647548766716,35.02278125886209,-74.24902539060474
1,120,337.09078182497603,2.662023703893224,5.743460808091243
0,0,160.96373186330823,119.6511619463294,-50.73544499804972
0,0,17.96383460888372,12.439347453444967,-3.9721048743604115
0,0,12.64977695298202,8.880918155909937,-2.3701594431733355
0,0,16.497186022715038,11.048827631410175,-3.025842531945301
0,0,38.763970783081405,25.849254520460093,-6.975324770084882
0,0,111.63018508075926,63.08695251393273,-11.730334466395945
0,0,23.90919468114201,16.563023350623006,-2.9793125474378144
0,120,41.6776923446609,25.319709797099904,-74.05946636692113
1,120,256.8695171307514,2.2412963721250128,5.010122272734307
0,0,189.24495940869102,133.3908094632179,-65.6616851094458
0,0,19.303688463801528,12.826791918502893,-4.451418671462164
0,0,19.14072812259304,13.435169303849792,-4.582540301032566
0,0,16.97487467985911,11.753019351360289,-4.671062181007358
0,0,83.51050412332872,57.31275271370273,-12.553281525066652
0,0,141.68647635700827,90.21054465846382,-21.85465290645105
1,120,169.8351015683618,3.677211543353299,5.548381266745238
0,120,183.3606131765747,77.29208678840158,-74.15613446150334
1,120,339.52042250565063,3.0531408862367657,4.485144475088688
0,0,143.58404576015673,98.91850574322486,-35.37790427976632
0,0,31.006903378001038,21.592152705071864,-5.457887716271927
0,0,12.90683277668623,9.394737908190427,-3.714316436570968
0,0,14.83440077379989,10.311800357236253,-3.7868342667563155
0,0,18.40413326118242,12.132468545990648,-3.9295051247647876
0,0,26.014865254438536,16.277716880311758,-5.42749917324042
1,120,136.25779621993345,1.4417115661809945,1.4978245445426381
0,0,43.020607186798074,26.453325026212795,-5.837721605551394
1,120,442.1825143620858,7.274811326121399,8.033363884233339
0,0,230.5518071768253,143.30264553677867,-60.54887415431462
0,0,14.434692834303867,10.997171844586072,-4.292460653522298
0,0,14.435204837271192,10.42013873703169,-3.5261564401651526
0,0,18.82604760585728,12.582767811904171,-4.459004357912832
0,0,35.13955968796405,23.990175925485083,-7.461437373978043
0,0,85.49269281760819,58.739959908348816,-15.851664560703306
1,240,89.22535439287624,1.0693921627597833,2.1883052004686476
0,0,15.213103722620295,12.85371379032675,-2.7835668645813314
0,0,31.667050773019444,19.950806104498348,-2.918094142624099
0,0,169.24197968207838,111.86722025252982,-19.77898094008144
0,0,19.99798103336969,14.380665329595029,-3.268842628201938
0,0,13.96588104009597,9.525200997553183,-1.8709363416769236
0,0,19.495580189917654,11.80017524501335,-3.0266502285267762
0,0,20.619144504071738,14.063146724824588,-5.023292831446028
0,0,65.02265607895038,45.35685496020841,-14.357055343777837
1,240,84.33370194266296,0.9757528410952386,2.503248579857825
0,0,13.456624688331003,10.864052353039849,-2.5434977909708323
0,0,14.399289253897257,10.548968255282418,-1.7504896298120656
0,0,29.14033175593714,18.18253264870713,-3.579764178221552
0,0,31.182903708607117,20.068289383033054,-3.5008180824600146
0,0,20.901498054281735,14.950383645244578,-3.3272798922093756
0,0,28.980469170563268,20.168702935312183,-5.805484519828283
0,0,20.458167829655864,14.04748867451058,-5.54108879093171
0,0,78.21366153308598,52.641424038397005,-14.372189246219207
1,240,87.90452278105681,0.9979620821560633,2.5732767061477375
0,0,15.291237949236999,13.119393456703826,-13.22268712895464
0,0,12.930056753292048,9.351817042362082,-1.6464466526429362
0,0,16.48044527219277,11.512386366509434,-2.2494962353175794
0,0,28.51727286311907,18.020229363456615,-3.3447327997841256
0,0,24.653402484339665,17.351489447454362,-2.2881990570768522
0,0,18.100979705326807,13.16029261097912,-2.2862672466964398
0,0,29.45313891172603,19.367266889660353,-5.961478208046472
0,0,65.74913037901406,44.10454342562898,-13.401096479000714
1,120,96.19544841836438,1.0190420352958136,1.7897360812067546
0,0,15.760010217183506,12.634667331201218,-6.1938366936730915
0,0,12.709055314484331,9.304678759436836,-2.8896832072018412
0,0,21.22615573476495,14.676779151351191,-4.489929977537173
0,0,23.03687031497534,16.634407379173492,-4.782724151702666
0,0,29.458573313059638,19.238411307532463,-1.9493828313055985
0,0,23.216617367475155,16.266747510170955,-1.7902832582947497
0,0,20.00674115595245,14.427283039406095,-3.430764975863468
0,0,87.45697519626204,57.678858612082955,-15.73849544484051
1,120,129.64840231002506,1.2179458722694978,2.077617461732416
0,0,14.366894265433286,11.054344720219753,-3.109010299529558
0,0,11.423061046396707,8.382184457504053,-1.3314866197159887
0,0,12.040490664220354,8.596705664010495,-1.4251960767036849
0,0,13.76771015371092,10.280320124625012,-3.2463686789918995
0,0,14.287793024235567,10.651865624612435,-1.5372577323053065
0,0,32.415111927095055,19.52347545422899,-2.7803360782554734
0,0,79.8587555627747,54.51779214151071,-10.031823496494965
0,0,67.39539365066767,45.00896559867901,-14.504064448373349
1,120,91.44475213156461,1.097606573951552,3.3093797287731945
0,0,12.25614043107877,10.347179604985518,-3.650042107577889
0,0,13.606470583696025,9.605880672673026,-2.142205818284822
0,0,12.182075570954602,8.65614116595372,-2.178752006903892
0,0,12.314683420276127,8.862887588344824,-2.8266079329276437
0,0,12.872358523030003,9.277253220797496,-2.711057361164862
0,0,15.306620099425867,10.36088638665773,-0.3567467277275824
0,0,42.452811522697274,22.681665036305535,-4.0852739902232
0,0,66.287702347716,39.12265449632669,-14.76491713711102
1,240,79.93765365737318,1.1580261633650255,5.723035244025951
0,0,14.741655618699138,11.477257191095127,-4.205737355625814
0,0,16.890071545651857,10.896587820461706,-1.9337201790402787
0,0,20.22572767464459,13.695851750102358,-4.490462890745562
0,0,18.533433773562418,12.72947362774436,-4.565911743577047
0,0,29.607513781274182,18.978286769137043,-5.054880429196416
0,0,15.264288392691212,10.957504032399536,-3.3478636648834055
0,0,20.966146472040972,13.630256719998899,-8.905573881330824
1,120,361.05603577535544,4.49353147172443,6.046913246424538
1,120,170.00192812946358,2.5139662646933085,4.604641935301103
0,0,38.699394064121904,25.541297836463556,-6.2453793930469885
0,0,19.82988227818034,13.465169530895542,-3.214185717266517
0,0,20.26933157546682,12.863891382145033,-3.5448583630720663
0,0,20.922165692912458,13.917080530618605,-4.368284210953433
0,0,14.818886256596132,10.181692300146226,-3.5632688490681375
0,0,22.779800703040408,14.368504065395776,-4.038469222342627
0,0,21.979081376637833,13.182697683333236,-4.2248805972834305
1,120,309.90597967883303,2.99747231897296,5.399581906840297
0,0,103.50042363780534,59.1263815423353,-16.079601532054056
0,0,27.2797295185587,18.96610578092264,-3.088218357633494
0,0,14.150146036194347,10.331414481446402,-0.9204523274391079
0,0,14.434338936382108,9.569879414017368,-1.485490210171605
0,0,30.352212445485392,15.258031789289815,-3.8341802746141553
0,0,16.204301941098105,10.80176391319075,-2.7490107737248337
0,0,59.205563320983615,33.71314046538599,-7.4300163116052715
0,0,25.298215528369024,15.352678884853516,-5.54125116292488
1,120,448.9394092489218,3.9265547941809698,7.734732645082204
0,0,39.422448882967565,27.224274788731204,-6.458215769031895
0,0,107.7566261718621,60.1902385652895,-9.918300492954728
0,0,25.047948110254914,16.836381294326998,-1.8106089011334774
0,0,18.847827495099246,12.476196140323035,-1.1763672422302989
0,0,13.621652344931793,9.292672469642344,-1.273074336015199
0,0,13.967652368135527,9.290846589382587,-1.8056794539558751
0,0,22.24251195901061,14.225383793738523,-3.9422284276150776
0,0,20.628720889912998,12.614464304252968,-3.956741985774812
1,120,358.15207995798573,3.0069789420615276,4.88746896711595
0,0,78.16204575100129,57.39376769708015,-15.559524037894967
0,0,53.55494046855073,36.76555578963682,-8.999100149403148
1,360,90.34676038931529,3.099416243499126,28.98005045318247
0,0,18.135409836644737,14.694618114197688,-0.11170657309509124
0,0,16.736840180037905,11.054606063420513,-2.220619000837985
0,0,12.094007383713354,9.10651369249495,-1.526649428750801
0,0,12.507773803249329,8.644297599284231,-1.3574328315494455
0,0,18.924455127706175,11.557154949900026,-2.734122510965463
1,120,447.6699801612186,3.7175672305682523,7.0991836834646875
0,0,52.803338496826775,37.63896899315191,-11.585719307853743
0,0,32.64993101151285,22.951713572038713,-9.731951568780545
1,240,70.28037686256957,1.1990389068347203,8.925785339063367
0,0,32.72338367419314,23.387786187594955,-6.580261220521919
0,0,22.42186191046575,15.859748092948335,-1.6571132435796017
0,0,19.810356305053055,13.496902653558191,-2.036330951961858
0,0,20.88252361038317,13.298495967430696,-3.6443216173565958
0,0,20.599269229099605,13.604570416838472,-10.345667742391853
1,120,366.4644343442596,3.1186982293827032,4.629847064704137
0,0,143.86875250174256,105.41826752939274,-37.67879036406257
0,0,61.767883549779484,44.66106214856736,-17.300805456153626
1,360,54.045301428939915,1.0857247039490674,14.749752317252273
0,0,17.204476297773258,15.32700385255889,-17.032825053253745
1,360,77.98295317985287,3.1979986323001506,35.00613309242189
0,0,23.05143252504418,15.689907416193416,-1.959275032736329
0,0,18.179254571896834,12.326327437767446,-1.7565348640197271
0,0,23.44421141899678,14.352558608003845,-5.817291878101656
1,120,320.9313284023263,2.6387645112401272,4.498275789614155
0,0,79.64040146426483,57.67677913734268,-31.479606689938755
0,0,39.16835936729846,27.36328401208755,-9.046350399418856
1,240,68.35326755393113,0.9597045370528728,4.179135718708906
0,0,20.44423987820004,16.169901186917837,-10.552646236468917
1,360,43.002509674373165,1.5352759541986905,34.78483255586937
0,0,30.88237543188019,23.855999085840903,-5.285848344419875
0,0,22.76643714982864,16.598844979854963,-2.2005598146034515
0,0,21.424982021716794,13.081867109019473,-2.257414992523479
1,120,280.9166915559026,2.422408619110021,3.617878189048426
0,0,121.01288121061624,89.87821754488911,-55.987208908883964
0,0,58.88485275134723,43.08828045123586,-14.694984768663247
1,360,47.992793934988356,0.9855790108399918,17.129751032687693
0,0,16.936791586616323,13.4502722640231,-6.090734641387527
1,360,38.49656735183112,1.1854346195983851,32.370419304648436
0,0,18.30570183973361,15.283601157217555,-4.234631243643179
0,0,34.712017906725535,18.016735395058312,-3.7804559617934075
0,0,46.84455788000307,23.154181996429234,-1.696323998240615
1,120,630.9369657359266,7.800648639062181,12.195449348829158
0,0,146.17870398606294,101.55209005887849,-30.48436212958069
0,0,93.0561881708556,68.6704379939444,-27.18231115225192
1,240,55.9211111655848,1.0015137256879572,11.952457579341413
0,0,15.68610162367414,12.198714468594114,-3.7011851220455014
1,360,39.085615275545074,1.1209512666881858,30.560887525255993
0,0,22.724701094660993,18.847668705369525,-7.036497377669761
0,0,21.261639286909727,15.040811210424039,-3.0396732950567866
0,0,33.91586708076748,20.770100837011825,-4.533678821238368
1,120,335.8155285886176,5.081748800298944,6.3590838117763155
0,0,96.73315264774648,64.50287193647914,-24.90946546216272
0,0,63.567243981601386,46.68082665955045,-14.50358149577825
1,360,46.24364104728716,1.0659055028135234,21.613191488711124
0,0,20.576253914385315,16.8000355698353,-10.143044148439586
1,360,37.27199965159165,1.1655061438967549,34.26558357521394
0,0,22.721325735781257,18.823098217923395,-6.331836234339264
0,0,16.158775041698426,11.396576811546174,-2.4745771249421153
0,0,15.273551326087484,11.360311391973305,-2.7813602708278466
0,0,31.61362597506456,19.1673259569257,-3.4633975831084314
0,0,82.88510674658089,56.7009193991296,-10.686836280372006
0,0,52.57714165268456,36.57561915915876,-8.738180846514425
1,360,47.35356788204588,1.105944901356937,21.06303354196912
0,0,17.40925726196446,13.33020232178707,-7.26867267438098
1,360,42.88614436083731,1.00421318610093,23.812998925559924
0,0,19.653894816589595,15.934282328490195,-6.732545333203603
0,0,53.44851371171632,37.27097522475002,-7.771767723407109
0,0,25.684164652039364,17.049974063263083,-5.6193354381072425
0,0,21.978551908578265,15.327194048419283,-4.4681638036820175
0,0,51.98207102979303,30.74338848863598,-7.165208407649089
0,0,64.50432155608075,42.51300418988821,-17.653889600402607
1,360,49.13635669897565,1.3145023229427968,23.613364641635968
0,0,13.894313688162502,11.590449791905225,-2.4851771017277287
1,360,38.97905247483425,1.1899940370294364,32.99891549302366
0,0,37.53637334894553,29.96009994578195,-10.57741837389014
0,0,29.384883492810996,20.37554163791703,-4.900089959081527
0,0,25.99072482009767,15.674908711528767,-5.195240608840379
0,0,19.15052879698731,12.907196866268837,-3.1601200069216446
0,0,20.746373104982528,13.775508594150761,-4.527250555662178
1,240,110.04573720506006,2.81929014488165,18.698655844954615
1,240,90.26606063256968,2.355436606198783,12.350119080795267
0,0,28.23409569592753,22.399125563548424,-25.905276242804703
1,360,40.410925304701664,1.2908291901324314,34.06151945024526
0,0,33.53920203244718,26.10250805729159,-7.795811268551233
0,0,23.60556864858047,16.951069398143062,-4.355019668125863
0,0,24.658601566535687,17.14538194226835,-5.851398323438559
0,0,31.575213802715307,22.665340596051045,-6.826383855108958
0,0,20.15228236568735,13.638609840415647,-4.240476635397698
1,240,63.98128800418248,1.2189119087437363,11.780551435791466
0,0,30.091918225993243,22.053032496256055,-4.760291836337032
0,0,28.909709808949867,19.2327998252218,-1.2767464410917455
1,360,43.77965112624817,1.4421226005681738,33.70350169543423
0,0,27.503106209911415,22.161840025840462,-8.628175902826442
0,0,16.25422085158912,11.872622961523803,-3.914733436769751
0,0,37.78645508555264,25.92733626101281,-7.253584569168453
0,0,42.920258282064104,31.808513483992783,-8.883049971507504
0,0,19.079002809745994,12.843732029801762,-5.04552530435852
1,240,69.80644411947306,0.9648828835129482,3.976936789969585
0,0,20.220230766665065,15.002529714731022,-2.7201168857074833
0,0,55.347072190614945,29.519302019738646,-4.786400420163673
1,360,60.93280946772023,2.6180021675765026,32.978523236033894
0,0,16.879382909199354,14.49172139690673,-9.822680042508821
0,0,18.101047727265016,13.522171934683982,-4.00709395719872
0,0,30.41189526175543,21.81261084013897,-6.377242105047813
0,0,16.911086647696667,12.513963402763883,-5.300399373039568
0,0,15.827971487176558,11.040067350966366,-4.165027782566213
1,240,58.71987565159241,0.9863198061054887,10.979166545138312
0,0,43.43643816408021,33.33159911629133,-9.984165234804095
0,0,21.361440339276513,15.11956215863369,-3.06921667104686
0,0,30.09554912674895,18.875048456116545,-3.3899887886528006
0,0,24.514253498365576,16.90329783344562,-1.6925686254752463
0,0,24.43983565953503,16.067935072874626,-2.8575252257831067
0,0,54.61031370886647,34.626582148793254,-7.626336541514561
0,0,55.07853996287655,36.8368721929925,-9.02753606513204
0,0,17.685578920843074,12.624577088592893,-6.01824595489326
1,240,55.65524098559034,0.9029415511090646,10.080008734283496
0,0,15.377013613317555,12.397822766117718,-4.515834555526212
0,0,54.85482132340203,35.87495169805879,-7.27985968837271
0,0,33.72342750228416,23.533736855426476,-6.895579304510761
0,0,93.18643731350899,53.571805833103134,-10.394395993883947
0,0,23.432548414240216,15.976363514816367,-1.241307712733871
0,0,21.249027651879775,14.355290384102355,-2.5530735751840865
0,0,18.772163200211804,12.829172888903349,-4.139739385474357
0,0,47.76150463763434,34.08391813764072,-12.08021280462571
1,240,57.50194468640515,0.9164163994959668,9.939128131584468
0,0,13.848468740240929,11.95562302614042,-5.961486534815364
0,0,13.979203228615587,10.797707810360624,-4.21657048194011
0,0,67.13706471366051,51.13119564626092,-11.472400310151095
0,0,44.64776916283051,31.018744193303192,-7.186179375076094
1,360,84.56319693159288,3.5980477996836884,34.32495343733606
0,0,44.40851578341384,28.021975951228235,-7.326697763328809
0,0,33.669495297438864,23.70124446296059,-6.396202157790029
0,0,21.9964380014655,15.046277580337513,-5.133947263106734
1,240,55.46586790961867,0.9204768169544078,10.275113255936148
0,0,14.481805380236104,11.997863413446032,-3.2890766765829653
0,120,12.284963348571427,6.750495580063748,-20.350059893637166
0,0,39.010776436069946,32.44689250524366,-8.40147962003897
0,0,79.2791424657333,59.78160769024218,-14.83442484034586
1,360,47.008369414654545,1.6548746333584177,34.14437080061202
0,0,34.848532421417126,25.885028248512395,-5.3033428858390295
0,0,25.607930443615583,17.870477596133714,-2.814908822649727
0,0,21.671252691353477,14.907829082554764,-3.4644384292185606
1,240,52.89801032736651,1.043959101865323,15.37727427366842
0,0,18.716574569249595,14.892411946997253,-4.8318729050232605
0,0,14.034351555410202,10.593726976665435,-4.039493414915
0,0,59.64616163749658,45.19578301704665,-11.874341770809828
0,0,128.21782373541436,97.0472940612151,-27.710145031623746
1,360,43.44533249210862,1.377114800183673,33.68267644646264
0,0,29.20622662975327,24.005185901015533,-8.104663616503899
0,0,31.460216281666657,19.194924080697618,-2.21375774327997
0,0,27.402612069147214,16.27215893461365,-0.9104851850884614
1,240,64.38675758568782,1.0709827636959461,8.117356001936827
0,0,12.96923187440769,10.328069852019961,-2.1069336253045634
0,0,15.904626696244925,11.99928495139518,-4.591691420032873
0,0,58.90742868110931,46.359657703118714,-11.877893137737608
0,0,77.2109225654973,57.243684848074345,-13.71920819394915
1,360,42.79049448513199,1.3310845842524839,33.13426712118566
0,0,38.6026778985744,31.955074187435784,-12.523771456152097
0,0,24.750092911856495,17.316462414261377,-4.057745692302333
0,0,69.06461524568192,40.175649222365195,-8.79209251163499
1,240,78.04065049089954,1.8775265367893161,14.433543268993162
0,0,16.419920454633562,12.89505109951006,-3.6990534692119468
0,0,19.841221719122725,14.64670143710306,-5.232765192802987
0,0,103.90590792675678,80.84607818252746,-18.276232306574713
0,0,104.09739152124367,80.21219341901474,-21.435641569586096
1,360,38.773640928891545,1.2368030873982008,34.73378946262834
0,0,12.463468541091252,14.531840043725307,-33.69044709555498
0,0,50.66082760948284,35.98716443797331,-8.338808194055503
0,0,30.161291410811806,19.050263927000305,-7.201588060890543
1,120,182.50387502641152,2.7672826718231023,4.22494127432374
0,0,54.861435997285085,39.15654598979023,-8.480230036731811
0,0,23.904295263160257,19.30871474182428,-6.7603442511130964
0,0,140.38607338782046,115.67773091685305,-25.113700285893472
0,0,121.82040824613192,91.03691326812563,-23.15743834866302
1,360,39.546112766630095,1.2928280077393233,34.38099259190574
0,0,12.981272676685924,11.05865653081774,-2.7312914095458893
0,0,19.104915491341796,13.676977276460397,-4.624715385415243
0,0,66.96843649041159,45.16188870586666,-15.430371689164936
1,120,109.98537784626947,1.3619787318420737,3.235329773113733
0,0,46.85621720789811,31.9962269361916,-23.280907677631717
0,0,32.53604390264468,22.963640965772598,-8.25417907853263
0,0,162.61083345938948,129.9037275639195,-26.864919702811697
0,0,75.97370278475111,57.95816757292986,-15.370681246440896
1,360,39.17726472591145,1.245844875326117,33.637462091438366
0,0,15.264938277965713,12.990350496431992,-4.615689167948162
0,0,12.12139540599597,8.716363515215676,-1.7012867524937434
0,0,21.676170493642854,14.289992623084396,-5.8698254629724005
1,120,117.03296540525362,1.1438748869227866,-0.0014768066473180852
0,0,24.80369971445685,17.93927355212465,-4.400250676687904
0,0,31.121529536035688,19.45533602617096,-3.2731642212512213
0,0,33.885790353494876,21.676847626133306,-8.531776899490154
0,0,37.79512144816652,29.504525914673568,-11.502222632898693
1,360,39.84618143566642,1.2792157076218327,34.2581644241409
0,0,20.58139232836618,16.58539179266327,-5.608564762559553
0,0,60.33441863887184,45.942908986978246,-11.022625725654976
0,0,52.25889090340825,35.85614344075341,-12.711331925198479
1,120,91.91498595196721,0.985267829279518,1.1773272103097696
0,0,16.08066379546625,12.595805385919451,-4.7558120346790105
0,0,17.485451024911466,11.925505863861986,-1.5822888984141912
0,0,45.02653002221993,26.722538109018473,-6.512581243056488
0,0,129.99602750602276,84.62027975267284,-32.38765748995857
1,360,44.58153785618486,1.662991241700624,33.83257493985988
0,0,10.51831687295077,11.036357122830506,-3.6086414127011466
0,0,17.908858175365385,14.064290717703388,-4.066996732529219
0,0,38.81107505607521,25.802263463219372,-8.106641224113162
1,120,89.7962312669348,0.9756145088282595,1.570575524256654
0,0,19.638192779448076,14.658280842855339,-5.177775211112305
0,0,17.709522643092363,10.313645961511162,-2.859390422012467
0,0,23.21521648323422,16.657657766462684,-4.140322259296042
0,0,34.187598178032424,20.734260892622945,-4.472368821966967
1,360,57.07982995277719,2.277028538859672,31.677732054968942
0,0,12.830696924308237,11.586902286894368,-4.323977473737187
0,0,21.809660789730327,16.33575620375389,-4.483343503352231
0,0,29.990464424371076,18.837677082836958,-6.00384897149786
1,120,173.1561752645473,1.427436486322223,1.1899422651646177
0,0,26.927164459102492,20.063458408179113,-7.686239316845061
0,0,15.81149363225331,11.07432373871021,-2.540924819386589
0,0,30.70645966908918,20.513780215824237,-4.730656865889259
0,120,25.52331482934609,28.483523541211134,-73.59491313377161
1,360,81.59737424220744,3.1196805557801697,33.3634447810997
0,0,22.36071018801657,16.805486442308293,-2.371391804967743
0,0,31.99369947401832,24.23974952463256,-5.629606507522055
0,0,29.124157242089684,18.973985524975745,-5.753213228177287
1,240,77.61741431450652,0.9701803665466854,2.939571269226562
0,0,16.831603932115755,12.996994671821668,-4.228352859906835
0,0,13.079313431597724,9.663360679399782,-2.548677041214873
0,0,15.073712983000952,11.546386342056307,-4.6227752482659525
0,240,21.733889865858664,29.974247700078624,-74.18118661905463
1,360,43.88521749748578,1.6325033736017038,34.7454219587552
0,0,54.02918574487686,37.885116249095894,-8.96132159898967
0,0,25.080868889916925,17.100719727673756,-3.81742681562541
0,0,48.320508925829415,32.339345903770734,-10.490416129236152
1,120,106.83202051167474,1.1440457990362216,1.7880707274305365
0,0,38.83784628483705,29.439771972930505,-10.358066301255775
0,0,13.958649572692131,10.3383122513166,-2.725329443027036
0,0,23.14102109452592,18.378231509325943,-5.965762330635798
0,360,22.548516920978678,31.15895658158379,-74.06031761640702
1,360,35.85001390236433,1.2933551848764362,35.33922882797184
0,0,32.02692727161765,21.62013544713924,-15.970337670796496
1,120,277.61516405558274,3.7979027920666084,5.350895289192607
0,0,62.30772035884595,36.849019368609504,-8.97368685077808
1,120,92.33722937574854,1.1730832475923787,3.2174355467882805
0,0,15.568986230387225,11.730783341993186,-2.9967737817814424
0,0,16.63611439699764,11.620712066580847,-2.7781294845019744
0,0,16.258395927850497,13.091164164447054,-5.686694834970751
0,360,22.370748019979185,27.889523554051607,-74.05413873105353
1,360,35.37998598620712,1.2213266036879564,35.070973641698885
0,0,41.2403554043204,29.667139148733607,-37.98753030063535
1,120,228.13204989992929,2.2911690727579446,4.949994674644003
0,0,40.142834300346244,25.798462363727992,-6.695091526776494
1,120,181.74114687171362,2.6680298426141977,4.281396767337483
0,0,21.944792804488607,15.283372922185086,-3.421114250730298
0,0,50.46164099010157,38.62611650346466,-8.95290739903534
0,0,51.221383533241365,41.72497624796486,-11.114807220553004
0,360,24.427810483918275,24.13602656438262,-73.78626332350501
1,360,33.94205368854688,1.2423162137940207,34.30333714532077
0,0,36.38429865052839,26.64250369096574,-41.28305725454579
1,120,232.2171607135155,1.9968892321963354,4.635201177094686
0,0,23.273509445847893,16.51581955579029,-3.503657510648466
0,0,46.14324802021489,25.50131444003459,-4.447155365795041
0,0,55.53551869748236,36.36839583825845,-5.833670632490737
0,0,30.152045942507776,20.613540057886908,-4.6321678435638205
0,0,49.54076734436185,37.83900995482055,-9.212169674916723
0,360,23.17706904491475,33.71793058335141,-74.14560337571963
1,360,36.656882779667086,1.1972767774096489,34.26107046648039
0,0,37.608101563570706,25.391750353583294,-23.550811564143125
1,120,530.2274344236043,4.7551339023980015,10.695007230302494
0,0,21.114366275396662,15.387714371195852,-3.895823344640803
0,0,92.08891620953484,53.48179669881653,-7.956701096871512
0,0,35.351931532773136,22.088005992836486,-4.8699304021942424
0,0,24.22644164722206,17.77195191387625,-2.020468457243396
0,0,19.417086550086903,15.797983748358982,-5.179369787353039
0,240,22.72941483113575,29.96462801611749,-74.17560472399818
1,360,41.8089526242336,1.1962766641770903,30.65518818283425
0,0,76.57939953744922,56.692612771034284,-71.77518529093716
1,120,569.2558781793008,5.0340628237386795,10.67227515125714
0,0,60.32049804113907,44.06338785915671,-15.533382146992807
0,0,116.64449763143881,78.38369831839067,-15.965911993136196
0,0,24.704591750487488,15.15736041595549,-5.327756972198372
1,120,246.6138237690687,3.33969032171713,4.0985325959400285
0,0,33.96660776980928,26.358973790876366,-7.787113958454938
0,360,26.249494980487807,26.481693795433852,-73.70246148548104
1,360,37.49007063176413,1.325521531443311,32.165805612933596
0,0,63.49761893176837,49.34550165851607,-67.93407074555432
1,120,241.04308441012293,1.9720204190210364,5.322742483605666
0,0,15.338124368185463,12.627847048533402,-6.062286235505297
0,0,33.94530035727325,23.100636930725244,-5.127006901244357
0,0,13.888478508922693,11.071448259072735,-6.200839506302074
1,240,82.2735343691662,1.2087197880750078,4.843944946174531
0,0,28.287639991881964,21.471444550059854,-4.121287265633882
0,360,38.35264396116712,48.108067666793936,-73.82048738445236
1,360,45.9198455908315,1.5589357909095565,31.682211856626964
0,0,49.54766513658232,34.66502143660748,-59.24964840579931
1,120,517.2840582394389,4.450196049363344,10.973229558926107
0,0,16.034717733852748,11.826074285765769,-2.6496640942046383
0,0,29.33192565626976,19.47662810052723,-5.026835871604931
0,0,29.51185471341505,18.717143626244862,-6.576651566211979
1,120,114.10670574587468,1.200075562327493,0.47636315236248095
0,0,18.470393982720267,14.362243099443333,-4.436055782876565
0,0,33.82716279648245,20.75993592491757,-3.5061555413127934
1,360,77.70190123862264,3.074805955808137,30.202345184005452
0,0,149.16433025162078,105.10259312003899,-73.93037672916924
1,120,256.4391184281081,2.1364549545516054,3.884326466474178
0,0,21.294129873773343,15.613574068698076,-5.699763698729612
0,0,92.46437524727502,68.19275615956741,-14.698815082348546
0,0,17.27128854853982,11.47799191065953,-3.537530806456715
1,240,74.8650113754647,0.9515476881976113,1.763157034938331
0,0,13.904822158400288,11.240151282810867,-2.791918613769056
0,0,16.273248609979795,11.117505243310202,-2.210468669571938
1,240,124.86031969524146,2.712986684685122,9.284719038451314
0,0,55.69056459425878,29.00098871414913,-5.158044932248586
1,120,223.58372807145275,2.223823888524327,5.513533738977912
0,0,22.7697867706777,16.072198277863848,-5.4924313169751
0,0,62.44766170847863,42.45901956041798,-8.842302927987916
0,0,18.062690707838634,12.197130911949076,-4.426055333450378
1,240,72.80715287100551,0.891527774251877,1.0644495313578233
0,0,12.283101018209132,10.351880260453639,-3.1014912272299426
0,0,14.650863796283419,10.070905324755525,-2.7775133036047777
1,240,101.32130959398233,1.1920446301761016,5.684998563777157
0,120,75.35886535430242,35.241971421526586,-74.01288102241116
1,120,387.0133544700698,5.481465124926796,9.945223326405412
0,0,21.856783447031756,13.785911603285063,-0.9343080708572273
0,0,34.88774247271725,23.695377977311185,-5.847176651615854
0,0,18.462543883364887,11.80506609634186,-3.844888499395225
1,120,106.16210369558503,1.0466442975887666,-0.6137024886289169
0,0,28.57644827249869,20.64549718900735,-7.08762790198405
0,0,30.502577697540787,20.20043324025838,-7.249138074585957
1,240,109.83636935611672,1.0846844382570928,4.188161936176002
0,120,76.89290345849705,36.99292860087282,-74.29538236697286
1,240,109.473301341715,3.486648675394172,3.4489280484512506
0,0,33.574246199639745,21.738025885701006,-2.4860014518469598
0,0,47.12305807933512,27.379685939544423,-6.266800005993574
0,0,38.477079985749846,24.8690695874959,-10.144343124385031
1,120,157.3021072526987,1.374714369928982,0.6756726923000684
0,0,61.97825150505757,44.445940768457014,-11.935939043607632
0,0,16.370788392508846,10.897508509311823,-3.0640624011094815
1,120,148.33710994577845,1.3205599730426265,3.226686587015166
0,0,210.65617709928983,91.93076618677078,-74.38388401550138
1,120,556.9784551545013,13.771993492879082,0.5439348818324703
0,0,270.57997487366015,148.2209808715457,-49.07835345825547
0,0,33.83960897274379,23.41913328310392,-5.3214327912331925
0,0,19.53816008480523,12.827199078529954,-3.6360031752443973
1,120,92.65268938712755,1.0152411999653514,0.36260283590912934
0,0,13.93320017564845,10.44783900302493,-1.8876065329768466
0,0,15.051923901605177,9.66380024316602,-1.4261786354316541
1,120,133.58215879580575,1.1657276868526554,5.4153611338699505
0,0,222.64273096258796,64.45268277106739,-74.17600001783494
0,0,328.1201221513076,86.55132846122,-46.77178851758232
0,0,207.7222033844319,148.53626080059644,-30.5202754837648
0,0,247.581323695804,134.2066961676848,-22.23874177462875
0,0,31.4167557784439,16.95141034183354,-0.9757753798850217
1,120,129.40911216199316,1.3990811893079422,2.0694405746911997
0,0,19.3580618920298,13.864439951895143,-3.78088062700634
0,0,19.358646513012236,12.515848455069097,-3.634954002365376
1,120,127.18711120534525,1.1912107622141075,6.410934601598811
0,0,299.03049983108934,74.96372878950419,-74.10770194041228
0,0,377.3211180758887,83.85445823409388,-54.04594972748501
0,0,172.0570878175636,138.71825468482876,-31.370342828681196
0,0,97.89340836305622,79.18872554365834,-16.675177839657927
0,0,28.981176966406785,23.93993604117723,0.5646352292708343
1,240,105.06219998534283,2.542331335661526,6.686092679274182
0,0,18.56737120543603,13.250446857662908,-3.308669563760148
0,0,22.302564299863885,14.136738434213841,-4.439444777811161
1,120,154.39231257922765,1.2709154193885257,6.203589729690975
0,0,336.2185126117322,77.68033430264782,-74.08351914957449
0,0,508.2941023964884,58.067573867259945,-48.58237571493045
0,0,203.4336885912955,152.20912038089233,-42.78689044969928
0,0,116.5121673851624,89.71792329146761,-20.406457099268735
0,0,17.98839788229993,13.113012737802247,-3.221554907726272
0,0,31.70909936141669,19.63727034193033,-3.8904942125569164
0,0,23.620163950403036,16.323276537595756,-2.1189574795688486
0,0,20.430766019142528,13.298253643815976,-5.190669212724671
1,120,172.92971000951377,1.5859214135681015,6.168034426568752
0,120,411.13491915759016,76.95386501201297,-73.89302167301683
0,0,560.6147241280361,54.81834668439246,-46.30811655582368
0,0,191.08212533071057,142.7075550933529,-40.53151640241481
0,0,73.35546852274808,55.48065093602236,-12.990449381476807
0,0,14.924638309340752,10.71394978001889,-2.5275437017946842
0,0,25.245287106719985,17.54603586204502,-5.184224293610711
0,0,142.14626053695747,80.75041107360877,-13.670459125534855
0,0,35.01831150232329,21.017652724606254,-3.556582453656631
0,120,97.01934484138833,3.72896207589304,-33.03636274640819
0,120,589.1235199869097,33.04244505416727,-58.09635344530942
0,0,304.48760946147365,152.2825162589883,-64.64060674863417
0,0,177.53277295237106,138.0909521069438,-33.29146163784903
0,0,75.80103736754799,58.67969458891099,-14.061292676506227
0,0,16.75215982358085,12.159159365065586,-4.878094799082149
0,0,19.55008966202234,14.031967283444411,-5.5284487557702136
0,0,78.16004553833181,54.01399571107285,-10.916484402727818
0,0,97.81045836705745,45.05462105832232,-12.026313629658468
1,120,254.1901734302067,3.7381069746323075,6.033831892512353
0,0,355.2722443522185,170.68716386003527,-73.99019317932549
0,0,265.60126904998646,148.66155901570588,-40.02875650583614
0,0,201.62676117845564,152.97601263172237,-35.55339509731958
0,0,134.57539675321442,85.33999215926002,-19.23339022607071
0,0,18.81759450121184,13.606462513434812,-4.860987452415969
0,0,19.221448102077037,13.442808133146404,-5.6297105921330655
0,0,135.7065464326941,98.70651202837429,-20.067016365831407
0,0,171.87989250696197,115.43904779178575,-31.590823178498937
1,360,98.09477536132168,3.9442148320328756,33.68549089434444
0,0,286.8069354739046,178.91021848544088,-30.06838173658845
0,0,251.18747181972782,179.47098914250267,-34.11089480005192
0,0,206.65482519123782,150.26852524901176,-31.977963807471546
0,0,72.27056640752694,53.76339928085393,-14.236579488221892
0,0,33.88363203577984,23.669522611163746,-7.324441208962028
0,0,21.54272431989368,15.580378551197748,-6.889113568474599
0,0,87.11513738030433,66.63320645868626,-15.159955706367342
0,0,75.77276230242252,56.30905393696125,-12.855068609623729
1,360,45.33732041946248,1.6574771467147744,34.62905536364208
0,0,28.076836328513192,21.787631783807555,-1.3279310894037621
0,0,341.5289007598322,181.3958388748593,-31.277882387025656
0,0,252.783347381046,174.16708875955004,-33.521809208790856
0,0,143.71529500914485,109.0306927272638,-23.818650411972023
0,0,17.924883776321085,12.793599218719017,-4.89974439817297
0,0,36.471830015987024,25.589601949570092,-8.934251273357276
0,0,131.87044738901128,102.97836177166309,-23.133623789663126
0,0,123.4131952437693,95.21111223011476,-25.537332979487424
1,360,41.07793740018681,1.400468386337853,34.367011946954406
0,0,17.308693260831287,14.718450359933852,-3.517862978359588
1,360,77.39581722413179,3.2971103995792648,36.16658491076508
0,0,309.7110766031281,166.87198705727045,-31.214390774307397
0,0,135.20521371751502,100.7236363390435,-20.66097311688791
0,0,19.771631599474198,13.887325444904025,-4.575803945007777
0,0,24.879643450820176,16.60979180826416,-6.0378263519171185
0,0,101.80325789520285,74.66671893391685,-16.67506959166247
0,0,118.74343403285272,90.87079761251793,-23.957116251695545
1,360,40.58993698489653,1.3519505670492937,34.23553226632211
0,0,25.399421141838268,20.9815676388862,-14.476690195676788
1,360,44.81107329059156,1.6047316080535408,34.207579303188325
0,0,42.75604596950643,30.543217912010633,-7.024748306778548
0,0,24.75624613961819,16.97401124548095,-2.3971048672725317
0,0,17.96053462566524,13.39291482796193,-3.2875861849532555
0,0,63.374995599917355,47.025278407010546,-12.242172622747205
0,0,109.18762390868662,85.26103974432418,-19.564870568457728
0,0,95.65000071861111,73.02387189933359,-18.122507662876608
1,360,39.60576616800793,1.317297321554161,34.335420185819586
0,0,24.441170360268522,20.75682234824005,-15.37235909037043
1,360,41.14921703770597,1.3852738503799114,34.17293161787414
0,0,52.779916888914,43.17805853277354,-13.867033321895008
0,0,36.13094818402577,22.640082585791056,-3.046326383392767
0,0,25.911080322609667,19.928437662458084,-3.350619825383049
0,0,72.33643370488164,51.38856023139333,-12.412475863287547
0,0,174.7054576366236,124.63604047278538,-26.684640993151824
0,0,114.19309728426063,87.29187506324027,-22.730666463200897
1,360,41.72171908455847,1.3117181549290384,33.19447798696477
0,0,42.56561763427716,38.258880700787884,-52.84359136305555
1,360,36.23791911636585,1.1691296391981298,34.52207303705792
0,0,15.563086706070735,13.846345985709899,-6.708322762528539
0,0,45.43304015553677,32.03999734352969,-6.717407267377794
0,0,63.25252669625038,38.38381261275881,-10.092575602251344
0,0,232.17246478482042,145.52569983649752,-23.216791557247376
0,0,234.04269304567072,148.8392780276557,-31.298732616303887
0,0,133.8681597926483,100.98708155627553,-29.142320135478855
1,360,43.07706907237242,1.4254158314128416,34.06101984411238
0,0,41.96928952474416,38.14000124375208,-54.02588845955826
1,360,36.12129274566173,1.150187188146807,33.92526020427522
0,0,12.40791484031353,12.08357834786246,-8.315047759053343
0,0,20.874267217829303,15.651283567951694,-4.706534216440772
0,0,35.22552471041313,25.468118922534263,-6.976948490016696
0,0,37.10241912120782,22.129158741592303,-4.81247986029922
0,0,168.07751763718431,105.70245113969857,-20.412177589490042
0,0,103.47866397130177,76.68266543910985,-21.504050139328633
1,360,42.694859316872765,1.4247889775563014,33.310827928540135
0,0,23.16919504595946,19.156875046611745,-13.72180198245561
1,360,36.04367052201235,1.1301475887526704,34.30929078507074
0,0,13.426890828395585,11.473556824966845,-3.3582637992158766
0,0,19.04867421745894,13.30959495252821,-3.4682604161349815
0,0,17.969022660495167,12.715702038593792,-4.656315473318955
0,0,24.631192402299302,16.59485368450319,-5.218613849089579
0,0,202.46242355835884,110.29745914723298,-17.789041386111457
0,0,120.89415535198147,82.60079983105123,-29.860379049939006
1,360,49.18561561282297,1.7925665742742751,34.081278872800056
0,0,61.52861546291672,58.61450390111814,-69.8147261417676
1,360,36.17944598753746,1.179547177182878,33.73193761116312
0,0,13.068741535498635,12.971528150544362,-12.104377087918614
0,0,10.726323363914574,8.946337078735256,-3.350703093071857
0,0,10.876602209724137,9.04360324173946,-3.123890235520051
0,0,16.19676253654157,11.31090766502206,-0.9273968526859306
0,0,153.00491506636385,104.81482537440844,-18.483219127420668
0,0,161.60544715150297,83.72611124978526,-15.440089028449158
1,360,64.0816883849778,2.589250012810933,30.62463726780956
0,0,38.99419746745477,36.074274142032614,-58.50728053043695
1,360,38.59864438148173,1.269927633665437,34.69261359051137
0,0,21.709037958812758,18.703900358928713,-9.013588727256234
0,0,11.282461538551097,8.600210198845485,-2.758012010885281
0,0,12.463610100259956,8.924675883524003,-3.4484343794291306
0,0,21.593544061458264,14.934076111288789,-5.961478208046472
0,0,85.44704825863971,61.78095784554325,-14.001206712260334
0,0,93.8595456454022,69.40752444016378,-14.744832970569853
0,0,75.73615546908194,44.392468963380736,-9.08947057206953
0,0,29.28440222106213,20.713356254278583,-2.8107454382091817
1,360,42.82262290113541,1.573610105967872,35.669043816582644
0,0,21.613869751967183,18.250783376564947,-7.43689005931661
0,0,20.149695693604674,15.325610491774246,-3.765817502100461
0,0,13.098042444989511,9.349540327470287,-2.683628984470573
0,0,24.630764047931667,12.263228904438904,-3.278601601330564
0,0,125.24402225652017,70.48564474378911,-17.754035649735386
0,0,38.17749298557326,25.121598971199685,-5.888677267719174
0,0,21.856651080016864,13.48050917925067,-4.806992519606581
1,120,205.82467810362175,2.925393899424767,3.8697462941634058
1,360,56.94549581696979,2.4112694815530933,33.5877096473739
0,0,13.85561839747584,12.312615020662333,-3.4326967862438806
0,0,11.597151247440669,9.369816615046243,-2.6844450078209263
0,0,12.36126833657956,9.183066821873409,-3.543884131112975
0,0,18.37302701268288,13.709654334133878,-7.60432889136186
0,0,166.37849875637335,128.29368438424996,-28.38152824312099
0,0,134.7230153897108,103.90830963803589,-23.541285740543167
0,0,41.593749596050436,24.762681067484028,-7.373023741998708
1,120,236.26028176848888,2.482512272066511,1.6000356325579332
0,0,395.21528535103187,182.29717001296342,-71.3905523204554
0,0,25.109671584671197,19.337632965753134,-3.508994969501245
0,0,10.923788292886867,10.55821881838857,2.077609134963538
0,0,9.198193056974866,9.620215100684531,3.6379123949763112
0,0,20.523483597781844,14.9016061557744,-5.111968756645112
0,0,156.67532002229453,118.4522574093479,-26.10879496441168
0,0,63.80279108460108,49.12236105738833,-12.131476557242095
0,0,22.605282147628813,14.39451440594798,-5.340904940261595
1,120,172.71930528562044,1.7047589570717063,-0.8152352758577592
0,0,286.36121161242613,178.8205812897257,-74.26694456471039
1,360,89.89727142163542,3.626514484551393,29.599204006873123
0,0,18.29327037091837,15.49846189855625,-0.6469013161577948
0,0,12.823969186933292,10.310203416438076,0.6569957496998029
0,0,14.823571497394067,10.080173498589492,-1.2289008271010573
0,0,179.81738350706271,37.0503367558301,-39.46392054724901
0,0,79.89234736966499,59.70028275805524,-12.942924348088027
0,0,24.366927172360402,15.300610302569455,-4.934696010551306
1,120,209.82480929364755,1.8914478171263038,-0.2688909892632836
0,0,288.20852567225404,181.79243810066407,-74.36195036300182
1,360,51.00472814475592,1.599458251716909,29.57540610141099
0,240,50.58858463424419,51.66077981765142,-74.08926910875128
0,0,29.16265582068477,19.760521486038684,-3.3713618066658313
0,0,23.191401451138294,17.253883749617902,-5.409326000157449
0,0,140.23813118750988,100.9001606392184,-20.576081708145267
0,0,54.133461537719285,40.51169572165422,-10.350738744640424
0,0,20.582283967285935,12.569448466243866,-3.6522820084068996
1,120,322.61403672541337,2.7217626386766853,2.042969776418232
0,0,293.2975961714552,181.7164161108365,-74.39025976713869
1,360,42.919596446989644,1.3663742814508155,30.739505044524094
0,240,28.554179360673935,42.86682484454537,-74.36024259474662
1,240,92.55614971093324,3.81247707819094,9.579919648823449
0,0,52.65995560480692,36.13691479643799,-8.593299231368036
0,0,212.93802265411486,144.4847226711193,-27.613154827696896
0,0,150.95390287806376,108.43342700673844,-23.408786030722943
0,0,62.463089819436554,39.52457357078952,-11.73853633374381
1,120,230.61293132281304,2.0827108876233167,0.5423194886695342
0,0,270.5012606221379,179.00352998340716,-74.3404412943991
1,360,43.01042228037447,1.2816021373479114,26.763023258287603
0,240,25.067304947752056,47.54710540501352,-74.4396261386124
1,240,67.20385858011944,1.5550112402162009,13.186401459829028
0,0,101.64960920580585,65.2894938378938,-21.087640917739016
0,0,171.79936923956956,110.00636649619115,-20.25711233600208
0,0,20.175314226278495,14.501094530678467,-3.427375980928872
0,0,22.693583815576883,13.903724554644448,-4.346717879551434
1,120,303.46170626627895,2.5898019330206243,1.7938411782651258
0,0,278.94130505544393,180.60710368610694,-74.3538614274569
1,360,45.23454846298369,1.1647594490374402,24.385131215379104
0,240,27.852154351319182,41.87218220847497,-74.45479157543825
1,240,80.13505699891493,1.104930523434849,4.698959246417132
0,0,63.79923923636816,46.93142590748581,-13.658035586364278
0,0,134.30683878744534,75.90920227351783,-12.95541033802521
0,0,28.19928317101102,19.000897534792028,-3.1004920149642174
0,0,23.69926059552385,14.716756912347256,-4.908579099955787
1,120,278.56991262655015,2.412681861923778,1.8476321052369116
0,0,304.3963938807672,181.19462010771446,-74.40433706440928
1,360,43.17042090962475,1.273126622372855,26.548650593444123
0,240,24.213607562069857,46.526536959884425,-74.4485811882267
1,240,77.07876880857408,1.117909189565591,6.252717666089367
0,0,82.3456670385591,64.01378962134446,-19.343141203307823
0,0,43.02949783796497,31.529559555418608,-8.024480995563522
0,0,106.02367721290055,61.76297517915779,-12.207358402055405
0,0,41.96238437880065,21.554437570385346,-2.341173960698299
1,120,381.3244554891641,3.735517140999977,5.371362487102303
0,0,322.72116576279905,183.66031360639673,-74.3958951844537
1,360,49.819028547694785,1.1756390044663894,19.415116019789608
0,240,25.635918713542118,42.68521174846133,-74.44896002368435
1,120,114.11221368443877,1.1895698826500356,1.8118686328926685
0,0,132.98390401083375,101.3722859367555,-38.36843417971603
0,0,98.3662380476953,73.40239265639359,-17.17584979893966
0,0,135.78454001935748,76.6600335405815,-22.543759645511678
1,120,843.5573957989781,15.260001373088535,12.61716688558046
1,120,437.58008383941075,6.225678280477954,5.747724113758352
0,0,325.55208440284076,181.82696076261246,-74.34784693073594
1,360,45.25694790339257,1.3567226340186995,26.93170694228057
0,240,24.4359565706264,41.08797509005816,-74.44957688763681
1,240,54.68738808014866,0.9323136034936882,9.40300911717597
0,0,19.964565715832595,15.57825258413604,-5.907404170932722
0,0,51.32519971839319,36.19387775219613,-8.509332093971196
0,0,79.22718105866528,46.796431930071066,-11.907677990025242
1,120,644.6680139033741,6.763659246890176,11.267331035805938
0,120,401.9443831647406,121.185994638509,-74.06255901345232
0,0,314.69387109681736,185.80237546446978,-71.8611974307289
1,360,45.361595059249,1.894972604298281,30.673282251612832
0,240,15.902466540099125,28.682093654892743,-73.88841508329202
0,240,21.950422079483026,2.0748697110641214,9.927012682862483
0,0,13.570969566459006,11.435808582112035,-5.344701946871368
0,0,15.028629145415007,10.52202172843962,-2.3707006831506163
0,0,18.945942706456922,11.801134677464658,-3.257026943159687
1,120,475.63898333336414,4.860056153212075,9.304153717019759
0,0,173.60319338128252,55.286245407254206,-74.0280620881919
0,0,33.02684240955531,17.79219016228013,-4.402382329521458
1,360,58.9983390823092,2.699797130088807,30.59272076268836
0,240,28.532958354383734,43.94537625878759,-74.40018942276615
1,360,51.34397377333866,1.1472449638509177,19.585756494469635
0,0,66.41389223524605,53.068505320760515,-25.733461693712442
0,0,71.34985822055584,53.877719672673244,-13.527405236157854
0,0,95.9906325239887,62.23176430041782,-20.962572849145154
1,120,423.25241341350835,3.6556701010911823,7.163441358920011
0,0,118.47754546855064,83.5488092598701,-64.28354553139836
0,0,22.21078064405186,13.197566773041176,-4.735436431227001
1,120,213.46116651185886,3.74798905843787,3.113176073628253
0,240,36.58341173267917,36.357550447641465,-73.99689369121236
1,240,60.70238055596302,1.1840063895726676,12.568288752248506
0,0,25.50530004630549,19.204035166839482,-6.808606203547853
0,0,18.45194165315822,13.323593367853022,-4.592665651991965
0,0,70.93181377263579,45.205402701007785,-14.003363345400537
1,120,331.4462110866129,2.655339199936854,5.483557371006015
0,0,95.70956587531236,66.84775866007365,-68.9809355483215
0,0,20.798376795958088,12.7339791563483,-5.805517826903795
1,120,163.20932356349905,1.702984324029887,0.5230430187098278
0,0,166.9804745252084,100.32197649449408,-42.822191786370624
1,240,110.65097802692911,2.153320220257264,7.247691606458801
0,0,69.20242401563024,48.557634326430396,-14.79461039494096
0,0,87.406793390172,65.17893791525202,-14.706200926346071
0,0,91.52019397632981,57.06698021404663,-15.754691010314218
1,120,453.2845477095396,3.8880802849111107,7.947281747540714
0,0,62.2038269596021,44.29385170533864,-50.70946339744852
0,0,20.705642671441908,13.127388727131393,-5.098229587991327
1,120,188.63251193823342,1.7638832774544582,-1.0082497785212468
0,0,193.70744858173333,137.19748803316878,-74.03184120525916
1,360,86.56833659550996,3.209789719000754,29.3002979843489
0,0,31.444806555016356,20.433978259378645,-3.5426767496252154
0,0,29.14235954506805,20.555171061620097,-4.641726974239305
0,0,24.641654911768033,15.196395650798948,-6.561188756399801
1,120,340.3914857083143,2.7373435540028668,5.261540732329706
0,0,136.8278715381796,92.64445431558734,-73.51200173959487
0,0,25.160910488449606,15.783961382444343,-7.74759094996088
1,120,150.08367799982773,1.417825079403162,-2.0255394594919807
0,0,191.23927439227916,144.9528806238945,-74.07302852668332
1,360,47.52018486204075,1.530296873123831,28.568832971990204
0,0,30.62703946015419,22.946688174749703,-3.27218998929213
0,0,33.345817500551995,21.89044603050229,-2.8921978914039244
0,0,77.35430545751716,47.54384248936414,-17.974116314646835
1,120,438.36325534418637,3.7001678314879944,9.434883988452754
0,0,112.17747856499795,60.95462868391174,-74.22018406531595
0,0,18.97813546753703,11.645522059925247,-6.9537251316073565
1,120,141.24063483596098,1.3720703833086234,-1.5910736395837404
0,0,146.96499346941155,118.28920179380516,-73.83138810071092
1,360,42.1729251465704,1.3391169252621002,30.342975983638055
0,0,44.46601086707664,35.672980600621734,-10.425321613508288
0,0,36.586485588913874,22.9356962628773,-2.9834842586472377
0,0,59.462859059902314,29.700447374891944,-4.337416878711252
1,120,520.3137333060635,5.083360181893927,12.231179514097889
0,0,124.10232733818745,52.738640891363325,-74.27263015406056
0,0,24.037204615126818,14.932592583577735,-10.116452612017852
1,120,170.51936549812115,1.5422503307348792,-0.9223674842817644
0,0,170.6727935758267,134.0656863656488,-74.09646372980251
1,360,39.57571150190448,1.1858831648358084,30.137221524586508
0,0,28.267863992170998,23.653687044713372,-9.569030008853275
0,0,18.75701636916052,13.616881020009588,-2.785465367886218
0,0,33.77491827107701,20.40430629629935,-4.157350501657845
1,120,513.3003993890441,7.086411759966946,11.59350722641571
0,0,23.755443039622307,15.546460289427936,-1.8108004168177416
0,0,16.95084087450246,10.844674212582406,-2.2488550741137345
1,120,150.26557969318105,1.3963878926497042,-1.5598149492041529
0,0,192.55273757360294,146.92945235941178,-74.1915901686634
1,360,37.76735378993147,1.1562945004990721,30.429949084600963
0,0,14.401498128458261,12.649816783695956,-4.746119675701436
0,0,67.66785644337604,51.420383520982384,-11.80665762995995
0,0,60.22316783971693,37.32652368685014,-14.419780893759032
1,120,227.62687854131832,3.1456729333900038,3.269236375997494
0,0,24.832011548197567,16.49435982730523,-1.2361118089520744
0,0,22.89377421815441,13.749512342180807,-2.205705757771966
1,120,247.59950209918244,2.213676587157885,1.3759872622746343
0,0,172.24369589366864,134.11988795928568,-73.93981447116713
1,360,39.716891953871,1.1668265962682507,29.882805428193905
0,0,27.689896290661927,22.08573491337759,-8.486708262921297
0,0,118.9429773078019,81.95900855517912,-18.259116633139648
0,0,289.9139717070103,103.98028538704092,-74.16310429232121
1,120,166.47017026790886,1.749633733151017,3.2808771988932506
0,0,46.45975226026694,30.61361855751998,-21.872205735252372
0,0,34.5098383220631,18.623667291866237,-3.199164226205042
1,120,186.8116712813838,1.940392432403436,1.0432579045554604
0,0,190.03582290777643,142.93346832746766,-74.04451988183247
1,360,40.317095475451104,1.1569444244090488,28.940398379770755
0,0,23.23687871290739,18.37927406441253,-6.122680290199796
0,0,93.63730142739912,65.64510656021332,-16.22793459290166
0,120,325.6434470580082,67.60376888997287,-73.46506192193151
1,120,225.76309214185943,2.6297111882854924,2.6470602052030046
0,0,67.28034465355768,47.133103962412044,-13.206870431465028
0,0,147.05978295952008,74.20286645187765,-13.874773053569974
1,120,186.0475900416448,3.3090603350447503,4.075217643073003
0,0,165.74747578149262,123.86136005368685,-73.79668824298548
1,360,43.45006828975252,1.1964689733248195,26.63617326115319
0,0,22.611740554897068,17.80474590678242,-6.451779176686813
0,0,72.5097168348209,46.37241914092187,-8.811110851759395
0,0,249.89739347770157,124.97615011919567,-74.29604675205553
1,120,174.20386018741473,1.431917447960863,2.634669973107961
0,0,19.382316309077932,14.04331281873132,-4.44005263193948
0,0,32.88688635247653,21.671195286934115,-5.805867551196812
0,0,163.96853663857928,94.75422514314057,-16.224703806575803
0,0,211.8890287685446,134.31420895656032,-59.85783040064303
1,360,46.588780684894104,1.6752590508031528,32.877036576911266
0,0,12.367232205972734,10.84069489252555,-1.8200930908890314
0,0,23.85943019883504,17.02456671403123,-4.733704463299745
0,0,34.25174838105505,29.277048847928903,-74.12545220471013
1,240,61.940938714304224,0.9115192963590815,7.1894042242912235
0,0,14.104879274747544,11.465872207777917,-3.2766281571057476
0,0,21.50746689473268,16.050224316126616,-4.94750674447485
0,0,88.47540700883843,61.73866955705799,-13.970318563095958
1,360,88.05388424991595,3.790974379530014,34.75987722953276
1,360,57.615644275335555,2.408787073360428,32.94649015614837
0,0,18.222626830443,14.247818452115368,-2.5919762393965016
0,0,26.951279155412685,18.718122782711323,-6.610512371866889
0,120,131.3938378907247,32.92291752234791,-73.79176042212993
1,120,102.59248151404825,1.1600581771938467,1.806664402341994
0,0,23.414381041446337,17.198532527669308,-5.825810162666997
0,0,78.97497041923533,43.928300897099106,-14.778056778405372
0,0,154.0029035288625,116.32712439170793,-49.97022950972378
1,360,52.07438966895691,1.729911302964811,34.417422205760474
0,360,51.07880955075696,50.125580822333276,-73.94662973633764
0,0,83.91754740156665,56.29541618934206,-46.09655001209313
1,120,83.45897658592061,1.863553304805277,-0.959388298727049
0,120,58.54487542732107,44.46905731421482,-74.43611463283798
1,120,112.93920661336114,1.138887264644937,1.8520952533571773
0,0,44.301838999995745,33.814048526902134,-12.354950380472587
0,0,98.66814514749402,73.89593823438545,-16.765140250649146
0,0,152.3790249901717,117.97560122375879,-39.25038055929365
1,360,42.078396713630134,1.6110651302045773,34.678949362777516
0,360,26.106687517296574,21.156308324548096,-73.3748452842779
0,0,26.938742896043987,18.580678800843085,-3.163617249851697
1,120,158.8883200219298,2.9733723901740214,-0.0495222630911627
0,120,161.93006990180172,93.11987070593834,-74.44428561633018
1,120,160.44357361712233,1.3987287986443835,0.961239231076803
0,0,31.007355631968586,23.76963044120802,-10.530838428769357
0,0,122.5185707124549,96.18280738341439,-21.54335665183178
0,0,130.93478908308046,101.57051792446309,-28.48219887889328
1,360,41.39001102210151,1.375284076973766,35.61138094208114
0,360,21.249900906491906,26.14312262220541,-74.06734215669856
0,0,16.60198025303246,13.170787195898054,-5.3341602574679285
0,0,33.654758436447594,21.29612059709276,-4.263092139678719
0,120,84.3989662347276,46.00540875556111,-74.18082492503136
1,120,122.60710953797133,1.2973809972547226,0.10702931864206278
0,0,30.44187639062839,23.217549621678774,-10.016647960209198
0,0,128.31773141676535,103.79598418946335,-23.451444067700727
0,0,145.33607027670877,110.25718834372609,-34.56573622341217
1,360,41.74779538649213,1.3562585913407998,34.90585381478702
0,360,20.816869570996907,21.173485124028783,-73.8970341347714
0,0,12.4953515265879,10.840604725599142,-6.446624906749435
0,0,37.75029315245654,29.142184485470864,-8.273089170661564
0,0,164.35598959861326,95.58158558899288,-16.170471560853315
1,120,249.8886866696109,3.3529399288952906,5.434920713971607
0,0,55.99313352913196,37.6440155233143,-10.917521085453515
0,0,62.35104849505382,43.56232461367559,-10.555389906815236
0,0,170.607374855578,130.5467191869994,-50.07213458898269
1,360,39.519330507283684,1.7260989326076306,18.164043975713597
0,360,22.726940303329577,9.190735941621861,-70.01630732834056
0,0,13.86977615277696,11.524221480029572,-4.752206543753502
0,0,64.31051418511022,49.005341293209696,-12.776913556905889
0,0,121.8859152110572,92.19880991724962,-19.789210375651855
0,0,234.5948988169065,133.04518836343095,-22.492158658755613
0,0,87.11916722053549,57.86035899950898,-10.910335083909139
0,0,113.47758738526379,76.56163324670607,-15.431329267586257
0,0,157.4911420574101,120.17356657620466,-37.47616677011031
1,360,40.97144445984495,1.5825302918202324,33.05754427271536
0,360,22.04647457152531,14.830836389410068,-72.9903636267994
0,0,13.979104872569799,11.209324760416083,-5.310961879365223
0,0,59.420387632429716,46.10735373673095,-12.807123074406455
0,0,130.23262619141852,99.56786540548234,-21.850060693413134
0,0,110.97738037820582,74.71830005125503,-15.181014104867593
0,0,80.64959700069099,46.529233514527306,-9.935391186083152
0,0,122.51001097882525,84.75044134637542,-15.73755868334139
0,0,171.48155603681468,130.03688157249223,-40.881584174636615
1,360,40.72136640009937,1.776532534921439,26.990468950274362
0,360,22.371382278592208,11.657054268926984,-71.67490002843715
0,0,13.259049453512967,10.589006597182163,-3.9989087433886112
0,0,50.92035520334707,35.81776614270108,-9.228460998232563
0,0,82.6217405092848,58.77642115921497,-13.776679552766382
0,0,58.333713269953634,43.4505007186312,-10.912966342875563
0,0,24.835344623169767,18.02765404630301,-6.710904060881674
0,0,197.14306386813843,111.5981846858605,-18.363384433068568
0,0,180.7706907483124,125.58618573067353,-45.74165895899696
1,360,40.825325982850664,3.00507346131205,17.5265132431024
0,360,23.290307187723794,10.396199418070417,-68.29604631769914
0,0,15.743504785798821,12.97849495446759,-5.954733525252806
0,0,76.86889355274032,59.583048847426376,-14.705847038668622
0,0,121.19398134815717,89.0462247731926,-20.211814713288994
0,0,32.10285813896564,23.49757005592937,-7.827548748141481
0,0,24.3039388575796,17.74516388358378,-8.028003218800222
0,0,159.5101802578908,109.2972148908595,-20.14239027774297
0,0,193.80934176830772,107.97156946794601,-17.40670113939879
1,360,59.61943453107305,2.299669771073775,31.684834788824503
0,0,14.398974882236889,17.103437415190015,-64.04305491511326
0,0,20.661169192869075,15.565708110499553,-7.1771739745312
0,0,104.16125860592888,77.84344627251956,-18.041513181970316
0,0,130.88110690481884,100.66791317852346,-22.876859544446063
0,0,51.862275204454555,38.4545739259738,-11.107371415942197
0,0,32.33351133927587,23.799650392268923,-10.286909897782493
0,0,148.87771154204205,113.27095023371247,-24.378808808140207
0,0,187.546087602341,133.96120543967373,-25.96049104725516
0,0,142.80931632944197,82.09432093455274,-14.987025370245014
0,0,30.41483307411372,19.931294826938633,-2.9864236080622675
0,0,24.307106473783186,17.06553631121778,-4.0743992300645
0,0,81.7438456979081,54.57079338793981,-11.943399828525088
0,0,166.23708666213076,95.53111465193611,-17.885511166983235
0,0,38.35497509137382,25.79819186294877,-7.304819178093766
0,0,44.500963112731085,28.152613739010906,-7.2453702116672645
0,0,142.97184831628283,84.72606809908082,-17.40534387607117
0,0,263.1198581590431,81.6828723430552,-24.607520168996906
0,0,129.86548421444738,81.36477469755422,-74.23197119214306
1,360,90.45383059691653,3.0652373429576643,27.92789659090664
0,0,28.602752539846882,19.753239097873028,-2.7821679674093076
0,0,99.46993627903107,68.31416592597553,-13.072755328481868
0,0,130.4805054879723,82.6961119076972,-17.43005356272579
0,0,59.66314138401796,41.52394063238929,-9.308289731495506
0,0,19.753692192094853,13.398675649244455,-4.721247617053635
0,0,142.1712926102181,85.07699214122712,-14.452072103479871
0,0,163.2370176845036,79.74262097258155,-54.296689555416606
0,360,29.83043454179783,13.207721823127855,-72.18895935038745
1,360,48.35317048675393,1.5875775264117324,22.176272580756574
0,0,54.99687686841145,39.40546024328835,-23.295467033020287
0,0,44.97916101519634,29.270004556803293,-4.865617135913851
0,0,57.59048351192157,38.419527168765654,-6.689770721461485
0,0,23.902605745289627,15.64634833758909,-4.522354415560102
0,0,26.51707857795281,18.108736654875237,-6.478120910042122
0,0,123.19760614512604,82.70482992239425,-16.05989207011254
0,0,88.92230746600485,21.497790198869637,-34.27282963786678
0,240,30.84643411047558,28.131951424281265,-74.27030613985528
1,360,55.14105396252066,1.2113332200826092,20.993421754123275
0,0,104.56346313440022,82.15115427535417,-24.913845342594165
0,0,35.26234480172216,22.470027762585918,-3.8081424683230125
0,0,113.91863427888278,73.11837810907477,-12.215793418931938
0,0,25.492460445861,17.333595539137086,-4.047170695823368
0,0,26.13573288491148,17.660236500915193,-5.307539577355101
0,0,106.5534761900044,69.07794741784453,-12.83172034968117
0,0,151.09225582351772,39.44207083312637,-38.859734360622106
0,240,27.140113571170964,29.957090624613087,-74.24372940296416
1,360,42.30482152318688,1.2161930765301678,29.540791723172333
0,0,70.84402502687044,59.88120269589251,-20.23457177264099
0,0,15.370314371619427,11.842038058314628,-2.1465357381029833
0,0,27.96579878732672,17.93811265294715,-1.2421403896219658
0,0,53.58396561342725,35.2629465027822,-6.187957994843046
0,0,21.00304377744202,14.326191826320684,-2.477549781432657
0,0,119.93349438768225,76.03421871698227,-13.287107176403133
0,0,87.48890506174313,31.901554481179847,-33.7962553477269
0,120,48.29607618099733,28.27910384817882,-74.21543478209472
1,240,66.40192772784445,1.0028034473394172,10.711119528087394
0,0,82.44838384211504,64.03542968368232,-18.914433344080848
0,0,14.278929030314732,10.909063260045162,-3.313190999262588
0,0,16.592618963590397,12.019311871065291,-2.971052392707776
0,0,42.16251227473225,24.42319977184216,-4.908728981795647
0,0,38.00497831969266,25.038901811101468,-3.6925669162535826
0,0,161.8953014992235,103.55339007396313,-19.089961632094067
0,0,198.5801431339249,33.01234620704576,-23.661973928705578
0,240,32.37018435612391,32.608192683437885,-74.3364741745032
1,240,63.73060693914683,0.9919102435964123,11.22476459328584
0,0,60.207155107776565,45.504655458889516,-13.651598994019203
0,0,21.309021162948653,15.401612757586681,-4.80168004106045
0,0,19.73141776497781,14.165590441806117,-5.32451369571919
0,0,38.63874423327085,26.93471497543831,-6.82688346124182
0,0,39.87876578249892,23.293380006787746,-4.653942344187854
0,0,125.70255630355095,88.07911686227399,-31.76298328849976
1,360,49.48932437476882,1.7546235567698432,23.35410236575457
0,240,25.486171174222886,44.94319446129741,-74.43976440851283
1,360,54.867212346740494,1.1124736384257918,17.554549473924993
0,0,84.82059194577276,68.76093177546045,-26.123283542264765
0,0,12.220009751305634,9.646711497324402,-2.292820413805842
0,0,13.054023978030369,9.185313246313367,-1.5478577090909198
0,0,29.740502185763525,21.689775309207025,-5.575136948886453
0,0,22.66623899641718,15.829074431670977,-3.8524908393836483
0,0,217.65527420848534,105.59934525935124,-16.067165502730163
1,240,93.67473187772126,2.437092620068634,9.467641497230929
0,240,30.78894454210507,41.01779986186483,-74.421219539526
1,240,73.89398166166563,1.0303842245444372,6.392057816545403
0,0,56.44419619354442,43.891834010800046,-14.989989699966685
0,0,15.754627291911246,11.412206684695677,-3.427259406164538
0,0,11.785938783214508,8.617108748826713,-2.9729425692437843
0,0,12.441013028544113,9.121947734351162,-3.6394171504856274
0,0,23.258862667963978,16.200215589347792,-5.863792718918063
0,0,113.19776351578282,68.05338063307254,-18.242071737240074
1,120,256.43529449212235,3.8623330486324483,4.6619467587407115
0,240,40.502424003745524,39.83828966721036,-74.11215777008333
1,240,74.43025926877613,1.3298795702018091,13.264681414080087
0,0,101.47326692707796,74.75440626984846,-45.93942388330711
0,0,16.568636634295096,8.787955350354368,-16.961248147951956
0,0,20.0245776112091,14.318199373609566,-5.16247060990888
0,0,14.337442604619893,10.210960625344025,-3.6653383820124503
0,0,22.124918573725473,15.692634965717252,-6.079872371382152
0,0,77.19631071779787,48.691487128682795,-13.546535987662146
1,120,191.3100319154618,1.9634985878318292,2.800297732921564
0,0,116.4787814825175,68.0843247951291,-19.811859187008395
1,240,107.63951813229822,2.7369106823131983,16.06158479385354
0,0,70.7945418244701,50.4328133532021,-21.776331318355588
0,0,19.07924732103739,13.253212446358823,-3.747740086859636
0,0,43.06687681222576,28.00437649428001,-6.667867155919794
0,0,22.559635750229578,15.926357500973882,-5.781345216842013
0,0,37.407753055947616,26.856875558500317,-8.390446651271546
0,0,72.08489960797225,47.756489914431164,-20.198042237559683
1,120,236.18792113368144,1.999527847544711,2.968331928941822
0,0,66.06414181328705,46.72448717594698,-11.212501036450305
0,0,30.703347205808466,19.48609562780005,-3.349620613117324
0,0,180.68802019378953,94.51555328893909,-17.63154887949466
0,0,23.32325370541648,16.354995571676152,-3.131342693668614
0,0,15.840960000512803,10.260250234779035,-1.523476929807103
0,0,22.928987520977113,13.91772296996926,-4.621742728924701
0,0,126.78756872461784,92.75838586253651,-20.29438711689825
0,0,124.67047598099462,85.45777270688022,-28.650024905691495
1,120,149.18681793670626,1.413464663196409,1.2323754793826112
0,0,113.33880792387293,83.66599808703575,-24.504672083162212
0,0,16.664865615690566,12.528571853700175,-2.8850368701662035
0,0,31.344909904249928,19.400094695163922,-2.374297847307247
0,0,23.311640338290502,16.30561649974385,-1.9582924740083598
0,0,17.96478507758787,12.73951596917303,-1.7543615773417685
0,0,15.156464428477385,9.50328902557786,-0.6583339698315172
0,0,21.27830466177074,13.404766143351656,-4.5576765691536565
0,0,192.89049407326814,127.59795638008727,-67.63430706583536
1,120,299.17972157921054,2.4657662309881534,4.561401024501649
0,0,126.73660742388455,94.01427589700775,-30.38449086362099
0,0,27.69347571535629,20.96813840228434,-5.983181931135022
0,0,18.30424764100057,12.893136461182118,-2.344213231339893
1,360,83.72310761041386,3.2983885862040068,33.022788339405736
0,0,22.51740331875609,16.14806529328667,-1.7663104906861236
0,0,17.826253804349943,12.961918328590803,-2.63976356600503
0,0,65.2720134738371,48.90679447807885,-12.400289637030085
0,0,124.62150018548472,83.89139849675658,-23.45362984453201
1,120,156.0316192288764,1.4007690014616385,0.9039011005616686
0,0,109.52535834718267,82.60978271109461,-27.691518049636763
0,0,16.843766990039686,11.913092414040435,-3.1179615760767234
0,0,13.036325405080897,10.623388373308043,-1.5777424826051174
1,360,46.51337928560568,1.5397987413158887,34.51213087501391
0,360,48.83453049013048,45.41365448841243,-73.84156686008636
0,0,25.54246943945937,19.588602743401708,-4.388493279027813
0,0,139.64099416844144,108.99802975817256,-22.46406414055084
0,0,80.3362475078272,54.29167603181152,-25.048052040035017
1,120,204.6185645713751,1.7882653301129774,1.622126550399443
0,0,121.89019507787202,93.6180486097744,-33.24795010706094
0,0,17.587397525977952,13.465982442091438,-4.7392334378367735
0,0,15.61434767101829,11.928471510425869,-2.8888255500070983
1,360,40.37988156284805,1.3667055392409975,33.26219959827462
0,360,27.709117084282653,44.499967663674,-74.34564053214109
1,360,63.176099452596546,4.096681821370145,32.25329497356714
0,0,55.05222466494378,36.876509010298086,-6.892931392006574
0,0,89.68939637847113,57.11420514175272,-15.455676739794548
1,120,220.86760104821428,1.9932385283204876,3.6946343445942347
0,0,62.415158252599674,46.37256566217728,-15.411690583180224
0,0,15.571137194379215,11.293475862202627,-3.250057437606216
0,0,17.293972945716877,13.229680287424609,-4.769230622730873
1,360,39.63575465060394,1.2214438030815589,29.153222265602338
0,240,23.622423381810005,47.45588465265332,-74.43761133701791
1,360,41.847324351106074,1.4797007237922992,32.25020574231225
0,0,32.008800344300546,24.049959415409912,-4.064040729576433
0,0,52.62957002116623,26.88923703193137,-7.217754482673158
1,120,167.82044618681863,1.7536343621885295,3.6278370046301944
0,0,29.834425774982964,21.237864309483964,-7.370817148245223
0,0,12.668681536511615,9.795725727366452,-3.290259077764077
0,0,13.801761568291798,10.710249413890608,-2.3653548975289596
1,360,37.398524133520446,1.2434598544582636,30.72171073942522
0,240,22.08134592622621,46.45106724248109,-74.427937615691
1,360,36.208805726812734,1.2144924965988064,32.06375273352705
0,0,17.874179855894532,15.697120770306041,-5.524693383004859
0,0,34.39003146614006,21.337605836389706,-2.7470706365755433
1,120,274.86151833734556,3.849095416749201,5.973396203973451
0,0,94.89671474430881,61.95446155368349,-15.722903570110688
0,0,28.15830454931748,20.7357895037972,-6.035644738470282
0,0,18.63395916764958,14.34795586818237,-4.847123382228958
1,360,38.21869589581981,1.243111250101185,31.68627531984093
0,240,22.098594083638897,46.06666309347297,-74.44223973572139
1,360,36.24292332490106,1.1273709933518719,31.298122988449265
0,0,25.214822470556516,20.60668878033814,-8.056663957288904
0,0,25.52819402458946,15.411997451564057,-3.8548306614392374
1,120,360.02236704862037,4.849238235330475,6.219127480423083
0,0,76.64834804476168,49.67116205496949,-10.579487575957089
0,0,22.54107679168331,16.79679378705929,-4.4197269891007664
0,0,41.72773810687452,31.075997373855703,-10.108042575447953
1,360,43.4785382285388,1.2129844019224523,25.041047453679738
0,240,22.535721442872486,45.01615077562713,-74.4492358153771
1,360,35.35370378002808,1.1148266077690239,31.93980045196325
0,0,18.826573397055324,15.209188083483056,-6.292858629206918
0,0,126.91327326642661,84.81110678154919,-70.3617672748328
1,120,340.073157744946,3.1272197083573543,6.6926958069968805
0,0,82.72584716649709,49.03157986879437,-13.63158560501352
0,0,24.31502091821525,18.515395128407377,-5.813390786880859
0,0,20.016547345639008,18.24789662606167,-20.77496658286993
1,360,38.49799765096425,1.3947727247482407,33.105389886706064
0,240,22.147067987550678,45.99046922294192,-74.43019599153847
1,360,34.36441844875852,1.1505983986412645,33.207634281796885
0,0,18.064354487678592,14.49432637576498,-5.8879653289798455
0,0,158.98209469825747,100.70658351908662,-73.78138787021936
1,120,252.7594330736889,2.0691842636966413,4.09641759664423
0,0,57.362867399230794,38.95880146702854,-9.762427542885305
0,0,126.0633740786995,71.23184368500858,-12.00888153900592
0,0,35.88789292979249,26.213858575972342,-9.883960898089143
1,360,40.95736575706661,1.677702363180071,31.375437037510125
0,360,23.137653089369234,47.727664675145164,-74.41642078358811
1,360,35.47141114802048,1.148166885451982,32.26709242960308
0,0,17.904626107750374,14.596727826999754,-5.037419194852788
0,0,74.5217616446815,49.65641412706891,-19.33090501643707
1,120,460.44636800237527,4.1626128641602955,9.153838885178445
0,0,28.452574807729253,20.719397438347904,-5.481702275271829
0,0,19.715197290361296,13.904669898513504,-3.204235228453612
0,0,35.26246246129095,21.36212278722328,-4.9831911125147315
1,360,58.11829698380204,2.7298922789574744,28.672626146092895
0,240,26.02011948955743,47.222324136092574,-74.39524185836095
1,360,37.46357149075512,1.1937184418011857,31.844300739666124
0,0,18.110578152337215,14.097001587974272,-5.805759303201356
0,0,153.95175103132993,92.89183291362008,-74.13603042130676
1,120,346.7251297113112,2.793826265213515,6.075074378780357
0,0,107.1737038994484,78.79555829648997,-22.356902788435747
0,0,53.409233800047225,39.72458917301011,-9.274508030144958
0,0,38.26541042149199,26.968203535449465,-8.107336509314734
1,360,84.88409869802855,3.519389131687784,31.58983468266024
0,360,34.96894228263023,43.89610003350572,-73.98016768453978
1,360,40.9159753268823,1.4080346594358712,32.61138766929808
0,0,17.38171389228242,13.531600013926498,-4.620069048379605
0,0,170.79501245291,106.29801495948799,-73.51691895683068
1,120,473.1110674978555,4.224195818253164,7.389313291588252
0,0,151.71393957012555,112.3665872327079,-35.133530266644314
0,0,100.74015221510054,81.16573684294187,-19.08599392672223
0,0,46.39106481012274,33.75048366150108,-6.847900225897675
1,360,46.790640382603875,1.623510983765306,33.74117199785225
0,0,37.624518750278796,27.073081759444,-4.766366214235788
1,360,65.20469749304165,2.556148536597133,32.938696300475684
0,0,43.437228689308036,29.613537728700614,-9.405771214786341
0,0,202.22858987282967,98.54042454993109,-74.28153241326123
1,120,609.9666184495936,5.48442020505399,10.169038547160028
0,0,119.26648964592015,86.77579338907935,-44.11475195639663
0,0,94.42773841054768,74.83666104846398,-18.530656729736194
0,0,74.91570794216821,56.66708425999507,-16.202629542272057
1,360,45.01308741648538,1.3911542485042927,32.229913406549045
0,0,54.387209105266585,43.35766823246146,-12.793463010057039
0,0,79.70029753850329,47.3253905684096,-8.78541027960793
0,0,33.80267489872749,20.561520785640724,-3.5520776716919613
0,0,118.44888065610354,57.57055122716847,-74.24847136773619
1,120,348.3394484100376,2.9332717062978153,5.910137740783867
0,0,95.2007397163458,71.61805680797775,-23.016994901330243
0,0,90.2647590235899,72.79408712281617,-17.409015981147732
0,0,102.61830778939822,76.67672005739985,-19.610189008093016
1,360,42.99986233407533,1.4062017348849876,34.1070085886426
0,0,39.83759228714457,33.55820550865287,-10.753383817269615
0,0,19.41989015699954,14.500412643297507,-3.4062842753530873
0,0,32.44200081542568,19.632512627704088,-3.326780286076513
0,0,312.02405782134485,121.26933142024143,-74.13492767737951
1,120,275.6575441500118,2.5639178613868467,3.3990423760846937
0,0,56.725582729173404,40.346095708156916,-11.736000832619524
0,0,50.922285555647576,39.0286921058604,-9.154577577950718
0,0,29.654013210547163,21.52337365537963,-4.899586189564218
1,360,41.220459906609875,1.1450261882536286,31.04614663533883
0,0,31.9258687326094,25.32016063173194,-7.883050826118335
0,0,16.384365203689054,10.700629025500362,-0.8671360262935366
0,0,17.482344076923038,9.07611475857149,-3.8803522080597617
0,0,37.262671453903316,21.457003753252355,-2.6884252033460854
1,120,585.0096119938615,9.843740320107727,9.939877540783755
0,0,185.4004035835012,123.97444065026805,-34.35674681465033
0,0,123.12723836926503,98.47296841811225,-22.42208057185242
0,0,72.0539404339337,54.55475494590502,-14.145018337605514
1,360,39.20098415960773,1.2321328984891993,34.6962607152813
0,0,18.204840012816934,15.65741632780565,-4.881762740774263
0,0,11.155789062945928,9.261698017133924,-0.5629341787609548
0,0,48.67504294463214,33.94297314308306,-8.097856482943627
0,0,17.049787056564735,12.422903260241341,-3.0381078625071467
0,0,44.790769661251794,25.538370229071752,-5.300299451813004
0,0,83.94898456760342,58.021447848969444,-12.704691327015816
0,0,155.251448043105,122.61565888189969,-24.50234058787551
0,0,81.11777177863972,60.710642616485096,-15.426574682555163
1,360,44.080142634359845,1.3751506757105747,33.63670435547019
0,0,59.38247551324783,49.629713445986404,-15.556555544788857
0,0,15.4740257662178,11.77556883168248,-4.203963753854154
0,0,15.257199403671459,11.24778518110369,-4.690588454033488
0,0,16.144063918737828,11.77428465741028,-5.014320737976661
0,0,118.56506948028623,79.44857535469986,-13.95792000423203
0,0,38.79733462455715,23.489385998499632,-4.749400422640576
0,0,97.92573532958198,67.88977838053846,-13.586217204764942
0,0,90.24067558060267,65.76905790685957,-16.578316700648735
1,360,43.897270249563974,1.3382608677830605,32.983094632149616
0,0,24.45896085475611,19.592946253309762,-6.337960572851301
0,0,13.095765548490299,9.352127695600723,-2.187270291469247
0,0,14.446435810798596,9.59552063371459,-2.4476067205362853
0,0,34.55963773455456,23.30290952382247,-5.867098446163851
0,0,28.173754721444556,17.78130673249106,-4.260727337316482
0,0,26.587887577196796,13.100768350967712,-0.6942056901712164
0,0,53.128884139368225,27.792808254613426,-6.993560393934459
0,0,67.5900466997889,45.801386360548285,-13.683049200083055
1,360,45.41324393308742,1.5827483126305701,34.12956580554146
0,0,19.835631051174314,16.32841323468455,-5.228139672689537
0,0,12.38663868110046,8.973109611587251,-1.059992320348286
0,0,11.971742545861,9.03878705989688,-2.6276730975897067
0,0,19.615861360977394,14.363060237213904,-6.664290808685365
0,0,118.18905155959428,87.20188847068528,-18.82219772518509
0,0,17.212863218911252,12.683959053923566,-4.393214556983395
0,0,44.6055183470494,30.264145639345546,-6.37959025387228
0,0,33.014797011200166,20.836694747596898,-2.5577365657574944
1,360,62.93308832070157,2.484848863432876,32.81628447115489
0,0,30.938215927856845,24.78925495132628,-10.007088829533714
0,0,37.75601434898908,28.196169999898782,-6.7279531201656795
0,0,17.023219893617522,12.394828942389333,-5.015411544700086
0,0,18.51690444257782,13.24769113097457,-6.16881475318543
0,0,101.13993736868858,71.60113360297758,-14.995843418490082
0,0,15.624885556148277,10.971465112981383,-4.059727463296042
0,0,21.156264112471398,13.49913005841211,-4.1060326250437384
0,0,122.91474518802562,79.03057275473904,-13.822551722532268
0,0,165.35080125275454,93.29672749665437,-15.530192994511353
0,0,60.3671463833038,38.7263962142124,-7.769357123816036
0,0,15.711321216872527,11.697121492420344,-1.910896505537238
0,0,17.738779430244946,11.805893096120007,-2.8960365318581154
0,0,25.77433784250354,15.770179931286197,-4.76311877437216
0,0,102.94156274720973,66.25047603324958,-12.577633160659381
0,0,16.8354480908399,11.372013368391169,-3.302915766463329
0,0,17.845763231600362,11.79402487443158,-3.825786891582027
0,0,83.63070072657338,55.677806556045944,-11.116160320496178
0,0,89.77767782368082,60.66825289020762,-11.219483032157093
0,0,34.71468363133099,21.83910864563707,-2.1324385183873176
0,0,30.256595661533797,20.272813331574028,-2.8179564200601988
0,0,16.867115060721964,11.08514729202471,-0.28848387644046625
0,0,23.031215301950244,15.611081798497835,-5.260493333176981
0,0,140.48817247864022,92.53624273303215,-18.647010834695998
0,0,17.911843786923495,11.949080288542953,-3.104222407422938
0,0,26.455338557659665,14.456243529081705,-4.543287912527148
0,0,285.55544947044234,52.386420699649904,-35.0086620405036
0,0,98.51504798732573,69.68404949715784,-14.128776974902962
0,0,21.46872012798467,14.690824058997434,-3.1915702129854964
0,0,131.47283158372284,68.09201152560537,-11.183769520426132
0,0,24.177403345066228,16.300930637287095,-2.1546543377620395
0,0,30.337663104431886,20.117266930371198,-4.674442849173076
0,0,69.8309467246741,47.286528623127836,-9.265394381604608
0,0,13.905482155043984,9.805947698218827,-2.052676399275427
0,0,19.739049091072467,12.717942123171735,-3.6948484509269974
0,0,140.69891547379382,79.59820736907362,-14.826705925593096
0,0,118.4765453622159,82.89710525752602,-17.427018455468634
0,0,21.773548494264816,14.448489173410632,-4.102493748269282
0,0,169.87247318889953,76.03654615077016,-8.765251172146819
0,0,209.13973645435274,111.63435289421584,-17.691847176347018
0,0,33.87938893758025,22.567844789156148,-3.0108793282660002
0,0,124.53316726421369,73.3747677643154,-11.65750438237756
0,0,19.449860255287923,12.538780440399409,-2.7828008018442745
0,0,26.110483876820897,15.326474121866246,-3.729171392254827
0,0,65.81558597421272,40.038792734376834,-8.885831112313781
0,0,86.28537268628686,60.23027831604747,-12.511618536970161
0,0,19.28934870385493,12.66697526801972,-3.713425472300699
0,0,47.90483237673133,31.236409971368104,-8.224265161327338
0,0,152.2617625224238,98.50549613681386,-17.924705268106493
0,0,61.5825439909005,36.391427852522746,-8.432043025216984
0,0,137.94794651074668,84.96527531940785,-14.205379085224479
0,0,32.423351773772055,23.020351735908434,-6.177911748188009
0,0,46.88403634219451,32.75677368957571,-10.095206861217775
0,0,159.7908424517994,114.44015603930839,-24.088217064343752
0,0,117.87752579004678,82.39643085691503,-18.21578829126694
0,0,16.744684764101,12.21534885765813,-4.258046117736782
0,0,80.60126833280944,52.13923370633578,-12.077298435517335
0,0,141.9538724345355,108.4860732208948,-23.061334945622008
0,0,49.49913791817843,35.19103837897197,-9.716742725419252
1,360,85.23743038311268,3.8114443851119253,34.208445287151946
0,0,53.06690328464521,34.32689546257818,-6.038942138947192
0,0,48.443577157924935,33.279431913931504,-7.168439193974947
0,0,60.02388194507449,38.44033882246716,-9.190241129068397
0,0,81.17018176281377,52.238941420644124,-10.854683124092425
0,0,31.100575102206033,21.070980826143575,-7.142322283379428
0,0,100.04301927000449,60.25016575875329,-13.53184756735591
0,0,145.9970229044011,116.03240252187818,-25.939453465677104
0,0,57.640345431058954,43.58226559299397,-12.44654067478006
1,360,45.317259462983344,1.695263957063496,34.99247719145693
0,0,28.357298133468696,22.12231450833466,-1.1122094880015538
0,0,48.34429821989467,32.194839315619966,-6.319054644106799
0,0,172.57937864343387,110.75465054758381,-19.782457366089297
0,0,118.21851792785377,85.03576331412715,-18.28426347516052
0,0,20.396185136502083,13.997313597681083,-5.09292959959852
0,0,164.1237443172628,82.52559497899422,-16.616003656604512
0,0,136.3965462664321,108.51184969098163,-24.45463652895579
0,0,88.17880929708147,66.9082888448578,-16.620525092106945
1,360,41.47954995395266,1.3708726777099913,33.931413686478336
0,0,23.43841300837222,19.257671808328105,-4.289671185947128
0,0,29.158396176608324,19.15197503770477,-2.4302287538814653
0,0,56.63046599838918,38.820961595999044,-7.467644980178889
0,0,59.55435408208465,41.20040479413935,-7.965465021118845
0,0,18.981630324416322,13.330377020206985,-4.77781552144728
0,0,120.4424529136637,76.87191454677406,-16.440616923662276
0,0,160.47795962610195,127.08198741458436,-28.556477820696976
0,0,85.66387278275529,65.13871783064124,-17.08027098233815
1,360,40.0467946773193,1.27908433159234,34.0003593328137
0,0,17.978610076920997,16.291761787958,-10.80754528545662
0,0,32.87991869988709,23.76643515075344,-3.7256741493247745
0,120,42.22531674643682,12.76784951693846,-18.084233669714713
0,0,68.87619815370671,40.53223405686005,-9.531742737803796
0,0,26.015280739790835,18.493011188926637,-4.8691851563793875
0,0,160.13524671710138,99.78149339587405,-20.30037822710819
0,0,179.02028405083126,143.10818928911442,-32.24324633725396
0,0,99.41484218594394,75.77714717436069,-19.78051722894
1,360,38.72695581811156,1.2598611655396617,34.799471015562304
0,0,12.949801499680053,11.829118828390259,-5.108384082641805
0,0,14.499625289615892,10.59126429248792,-2.5102656563664425
0,0,29.57574202083866,20.853265738040783,-5.362363023668152
0,0,30.046507147731592,19.087332395761493,-3.611872199027019
0,0,43.846158197508174,28.32262066103639,-5.4007119577499765
0,0,83.75405943072936,51.935867839255856,-12.340836507219151
0,0,149.74490668638168,118.18175663012445,-25.630401275271282
0,0,112.39064093503487,85.38973612547264,-22.378469119837753
1,360,39.19890305598471,1.3070777281500425,34.849431628848805
0,0,13.740909510056886,12.080831074323472,-3.7882914513105135
0,0,17.96477772386482,13.626000559300804,-4.3073988768949505
0,0,17.11540616576651,12.59758759157423,-4.39378077726731
0,0,16.197122868970997,11.331898243718156,-1.7217289700968053
0,0,32.8516840802384,19.573868904083383,-2.6021015903559004
0,0,145.56905093036417,82.60223686644086,-20.936093724103316
0,0,94.82058900330001,72.94937147638913,-15.340684061546796
0,0,98.31128367534612,74.72640943919883,-21.863075433174266
1,360,39.24266873871402,1.299502297473561,34.456907743794574
0,0,13.06615486341596,11.746323752645395,-4.2517011198494
0,0,20.54440310142701,15.45305298910234,-5.529847652942237
0,0,57.29726851276741,42.71219983662177,-10.068282254040781
0,0,13.961418249420282,10.47819426234341,-2.678599616066407
0,0,12.879628597479853,10.617919890107231,-0.7807041653079096
0,0,26.24344286641804,18.29398178746364,-0.6961791343960329
0,0,146.734218932671,94.28283808731342,-18.516430445102863
0,0,37.08823011258374,28.15377463818841,-9.105345556941316
1,360,39.732540676520415,1.2758558449158337,34.245990688036756
0,0,14.970807740291884,12.885148235045676,-4.679030898826554
0,0,33.009395701620285,24.296599771732687,-6.330749591000284
0,0,22.110861932116286,16.005725529086135,-5.600779233655743
0,0,13.983361759000099,9.898774548955672,-3.884757068797853
0,0,19.19655023426207,12.498894255187977,-3.7495803027823627
0,0,69.32736377024186,44.92511881026909,-9.180099124571242
0,0,154.3966218609347,83.84412848558729,-15.225150143321777
0,0,102.62191111369249,70.10602507731352,-20.14201557314332
1,360,45.23768850272584,1.6111353970085551,34.71398007946024
0,0,17.349368541449035,15.360135971439087,-6.824910017017004
0,0,12.81067273644435,10.277547491637971,-3.02654198053132
0,0,45.78169487276139,34.93379777336337,-8.756204137757535
0,0,14.786674191993018,11.270603048917769,-4.8390589065676295
0,0,15.47591567304153,11.8500727767725,-4.2914447877188024
0,0,126.09314194960403,96.77715394969728,-20.21583237927412
0,0,88.97407032255053,67.1287188027604,-14.27183919104884
0,0,36.64019350520616,22.36760658733599,-4.351980397484269
1,360,67.11323865098001,2.6910150123425085,30.795818982466855
0,0,34.98492927653992,27.173136052875723,-8.770784310068308
0,0,25.027578297407697,18.23942657041224,-4.975572118988538
0,0,33.17411542106837,23.73144756559076,-6.759965383129
0,0,16.59381026672442,11.09659215181649,-3.7455501466439074
0,0,44.68776238563541,28.35813515917527,-8.343512818473314
0,0,188.23897009551442,122.77076853705275,-26.71844767480902
0,0,154.683770038573,115.22274860619922,-24.8679440291372
0,0,20.105941041459932,14.054200475095064,-3.3262973334814063
0,0,37.88422651035775,20.773642706589783,-3.059832402517884
0,0,28.924875024308776,18.672398289014986,-1.784912492366459
0,0,19.42547530965566,9.910741390719858,0.3923210740457108
0,0,18.290036571207338,12.115987722473168,-2.9240727626807086
0,0,27.9410792472957,17.563742392218355,-5.2767929832617
0,0,91.86273039597721,64.17526168024214,-14.587939991312496
0,0,144.4742286427492,103.03779304703164,-22.316005863076313
0,0,107.72532137284021,76.87839529460962,-16.599545797911055
0,0,19.232704813635117,12.905764057453887,-3.153366997359086
0,0,16.630665288217937,11.688863469933791,-1.5135514213008605
0,0,31.033126754395685,17.922581399873405,0.7082220318562236
0,0,22.790143714509583,16.718943099255494,-1.7312964275411673
0,0,13.934632313212346,10.535673564641053,1.0834678714822132
0,0,18.649543545222308,11.521669333354764,-1.3360330355250625
0,0,88.23811707347599,55.28789658909405,-11.47448200237136
0,0,197.28210806355906,122.38032320397531,-28.33571852412171
0,0,177.508123272709,103.93647553167253,-24.237640931914775
0,0,22.41643853971672,14.669000845090293,-3.3850093808619164
0,0,15.32644022147513,10.155581226230927,-1.8688130156122469
0,0,19.52825645828827,13.045684812081888,-3.069116749820296
0,0,55.16938785743052,31.98433899048802,-8.053703790951687
0,0,26.218032076420364,17.938211273022908,-2.267698552091616
0,0,16.64404722573733,11.659397200155363,-1.9604241268419145
0,0,28.493443123577052,18.51483722055023,-6.348856149932203
0,0,184.07046806254647,114.97806938052581,-23.145139711025664
0,0,161.64995188339876,113.35781479644059,-25.319138327727536
0,0,18.62374300790301,11.35024580438392,-1.1890405844673069
0,0,19.993695651262573,11.754794512723942,-1.6443649604226636
0,0,21.209082228274692,9.272425063660004,-3.789615407562607
0,0,17.332688459141924,11.988442378494641,-1.0317978809169404
0,0,41.48767214106088,22.5220244931005,-3.3020164754241677
0,0,29.510854607080315,20.704979183272005,-3.8628576666406076
0,0,75.21425439053328,55.91350290167597,-13.115912971592522
0,0,205.91811450868917,147.68496103578286,-30.979967249998282
0,0,161.55308864339028,115.92573504793774,-25.84045651044991
0,0,16.45080425301085,11.453726441019139,-2.8762021683833723
0,0,14.458058370078389,9.857651386222582,-2.3398333509084352
0,0,28.13894771182034,19.005820085430603,-4.5275919531863025
0,0,15.771345981264366,10.784317317359951,-2.7914939485561234
0,0,18.137104869807654,12.941861822897966,-4.244248661700823
1,360,89.53701988316169,2.80681505751275,25.200521731290223
0,0,145.24736966928526,95.44755245288766,-16.660464439045057
0,0,229.88176534744375,154.9899923708331,-28.3333245780684
0,0,140.86490371046796,105.2655247560579,-22.694403384723785
0,0,19.74622448633805,14.00096817591705,-5.052702979134011
0,0,18.360255434176597,12.450181573196156,-3.979057726376112
0,0,13.946151001154064,9.543128718467862,-2.6657181046073646
0,0,16.84966099906389,12.106252512137575,-3.886114332125473
0,0,17.500671393193244,13.163272346125254,-4.681787059326183
1,360,45.36494835695959,1.5273259433416047,32.94853021452424
0,0,35.914513407231816,25.653769806291503,-4.130563286167401
0,0,168.06542811649086,100.42477806146479,-19.474250342724908
0,0,155.67284578873563,111.79951616166335,-21.848595182090065
0,0,22.71427167694599,15.544015920407348,-4.707916460075026
0,0,20.08510242876831,13.151857776785315,-4.105641266906332
0,0,43.36300020884601,30.43966965018061,-7.260579055028572
0,0,14.695330840348584,10.859546824435908,-4.064357146793924
0,0,18.48272617627434,14.536958425657174,-8.672628358498102
1,360,40.04272439161138,1.1907975264859514,30.96750030325701
0,0,16.8822398306041,14.275764563868888,-3.011570450083127
0,0,42.582332646768755,25.921388061586345,-4.910719079558234
0,0,145.98400681460342,98.55984425170618,-17.313358060241853
0,0,19.016812373916064,14.107372193369395,-3.184067794223637
0,0,13.832184839763112,9.948870729724563,-2.4602217753911333
0,0,15.512235711183191,11.259593526317552,-4.32283670640048
0,0,51.42401537187134,34.786166337669286,-8.726839787298388
0,0,56.024063288278306,42.07067342609597,-11.350046768212465
1,360,40.3556326610922,1.2960709352126372,34.010501337310856
0,0,26.03510821556315,22.007658808257773,-9.651648209691388
0,0,53.40349054234554,39.38955705164317,-8.104609492506185
0,0,31.457513788445954,19.951616197977792,-4.198443106085989
0,0,23.35282486422943,16.565904465693382,-1.7851289883573713
0,0,14.699170402995824,10.540737001102142,-0.27533590837724375
0,0,20.79504004412436,8.629143215785705,-6.5804902066661555
0,0,15.624322996334985,10.745570898452643,-4.932660115559884
0,0,36.592964218920514,28.204070876825266,-9.38782286446316
1,360,37.95908741100203,1.1310280370897325,32.98870687437545
0,0,14.20680371464488,12.190116206846193,-3.8792947084118623
0,0,13.580843778083771,9.905582151899461,-2.4532106359932584
0,0,16.300946407845874,11.650604515972375,-3.1308014536913475
0,0,34.91452105520214,20.536336036008443,-4.411991420810239
0,0,60.19894099913023,39.42155503965214,-8.385875255155824
0,0,44.83109380159392,31.238447180361632,-6.968222036229321
0,0,34.15298052677673,23.501379608570097,-7.281508388611172
0,0,52.73998249589349,39.7222504683564,-11.142714386457953
1,360,39.83208434858046,1.2207555758385866,34.01081775452833
0,0,22.807026024200553,20.091039625652325,-18.29371435784055
0,0,77.4100540319557,56.350434920749535,-12.024540027886793
0,0,31.699072560038648,23.909121494077358,-7.064275478657052
0,0,19.814996504297316,14.726738672872246,-3.719703856037029
0,0,26.86769306237013,18.158026968739357,2.0748862815394205
0,0,33.1620957607439,21.939613773700827,-2.7194091103525864
0,0,54.89785898754944,35.91439409292931,-7.60167681547324
0,0,20.05837716077553,15.233857191004944,-7.131805574282623
1,360,41.24378959298453,1.1291863071749417,29.19095085540252
0,0,21.058106617206185,16.63930175264757,-4.927872223453264
0,0,25.771159195715377,18.37982351912033,-5.237307445227614
0,0,70.3044161832185,49.00221362794992,-11.332460632335618
0,0,24.064893220839082,17.301925815094567,-6.931138771017416
0,0,156.48268189328886,102.07980326654602,-32.523725220244344
1,240,146.58751215783275,2.831190594201978,9.857459182398813
0,0,25.829514664974973,18.552346661935882,-2.9151464664401914
0,0,17.82876510077136,13.099335542152762,-2.138442118750575
1,360,41.796546893449026,1.1536941004300532,28.726941659504206
0,0,16.85319813985072,14.055057060895937,-6.914118855424491
0,0,38.65575339468443,28.553369096579786,-8.063691750224535
0,0,118.52373420302477,85.4436672183303,-18.32640941585212
0,0,172.89708889406603,78.1970753224581,-39.39327624006191
0,120,130.28489645485465,43.26923420167054,-74.09556339791725
1,120,150.6152198092943,1.526479043441028,3.3046001634354525
0,0,48.88604332009248,31.596939608893297,-14.294333957181081
0,0,32.726328840274476,22.994520320350823,-5.883493854090702
1,360,41.54097560258544,1.4769987978774322,35.07062391740588
0,0,14.524724465599341,13.42534956202069,-14.843463547966273
0,0,30.456155482359826,22.725252292074362,-7.432164617976596
0,0,167.201012679464,108.86670162985959,-41.222796428153394
1,120,507.309056486557,4.685051306632971,7.716505348001505
0,0,193.90874939649134,118.18872202518945,-74.47154018798729
1,120,114.98876276449741,1.2036757234145143,0.9238020781874496
0,0,40.60695717689468,33.74999901427164,-71.92208380563348
1,360,101.38263229049242,2.6478412564627543,18.861785574103905
1,360,57.456347926636504,2.4275833553708943,32.63113876508402
0,0,15.553828368751368,12.079091134415446,-0.04976373938872314
0,0,52.17911036204383,34.34667864977535,-6.652995546698179
0,0,137.76164729100972,79.59169280864066,-74.25346206220208
1,120,498.8500982775675,3.952050197051892,8.841318595533664
0,0,231.4762731162747,132.30182968039333,-74.47530119595855
1,120,137.77928151888253,1.2166197844651017,0.5956274630462275
0,0,24.56626638149495,16.945566397915734,-19.800822054856525
1,240,80.95317339562195,1.1703262000994539,4.458432200518175
0,0,32.171825030585715,22.777199712551063,-6.606057550515516
0,0,27.07386204178693,16.04072156739817,-1.3479569685627695
1,120,106.52355389091584,1.4424322852167835,5.475072393516186
0,120,106.97328553145633,32.749177126025856,-74.14103952573822
0,120,382.64438994677147,13.392190674834216,-9.223115212610907
0,0,276.2634909292936,151.57325194499862,-74.4366181746702
1,120,149.21565923850656,1.271419174257646,1.4611284740837078
0,0,27.219245146476265,19.411062656446497,-17.216126380017457
1,360,49.098032771303,1.0283940361941741,16.44537389835152
0,0,15.552806201247483,12.710755537365387,-1.3955944133314375
0,0,28.32606319481579,17.915051052660125,-0.9799221107877969
0,120,147.45307477565538,19.331102907879693,-69.79451655327016
1,120,421.9182127331849,8.213616684155532,-6.787502007818745
0,120,333.4003894497967,55.42339493775339,-73.16326416870182
0,0,231.42804740051585,100.37494956375868,-74.09737564110075
1,120,149.45972930652067,1.3050866592633887,2.789298071229666
0,0,26.48954807728611,19.575852576464353,-18.48289022004986
1,360,44.18238144591755,1.0714615993852095,24.709025871315447
0,0,30.157680732794482,25.06305809422941,-8.061726632768597
0,0,13.178020617660888,11.166076335050398,-1.1085124026183593
0,0,33.47121318599269,20.016546246998995,-2.9516926550592615
0,120,135.76615571173363,33.45490520587046,-73.20266708957591
1,120,274.25277714330497,3.705356304116563,1.269546175667756
0,0,235.81227825286504,131.7731359074011,-74.45995254582247
1,120,160.26183370567608,1.3506253597812883,1.2311597711259736
0,0,20.730746443502262,14.528912436333503,-11.53654141084207
1,240,54.94577217007869,0.9046717170631536,10.028940660735827
0,0,14.061648575370082,12.982897636421097,-12.535137495674775
0,0,10.022832206026823,8.949554910921435,-0.6034189290607799
0,0,17.634428261741263,12.758534146353952,-2.7560052595849385
0,0,69.6620831822876,41.288461250925934,-8.730349520381765
1,120,197.55684315668975,3.2531980497749906,0.4415988922839631
0,0,167.10263457250727,98.72539072859092,-74.4487986274844
1,120,138.62397427069055,1.2545959981914632,0.29963580963038794
0,0,20.8461502577494,14.393673317587583,-9.397232113298784
1,240,54.376682250721174,0.8713523961462942,8.910047745878117
0,0,12.70516059891422,10.743445635820047,-3.5228923467637685
0,0,10.821896025527874,8.75902303784326,-2.766605236370566
0,0,17.505451313175442,12.868177128865854,-4.130338463407611
0,0,38.708902428024956,25.070702558958924,-7.447664898248732
1,240,112.48944555792843,2.839252080966127,17.33050110364171
0,120,101.15576993441422,58.92661671687879,-74.21456756212633
1,120,127.74386157742565,1.389385427002652,-0.1070768895972094
0,0,18.242171187877904,12.449803999191824,-7.077723210399995
1,240,60.01275208523902,0.8908561891466892,6.478531311375448
0,0,14.642642333914038,11.940524292541788,-4.820856589793593
0,0,13.31774962854051,10.02234832159758,-3.938423094236427
0,0,86.0247714488574,64.6489818052901,-14.30977595007105
0,0,31.28084426904237,21.081922019119872,-6.534884493504464
1,240,69.74048122371872,1.1981580182294627,8.761698031492756
0,0,31.352101845392376,21.126165802821607,-2.5872549614409195
1,120,198.40787481776647,2.611076396649081,2.7808464008153635
0,0,32.8846986198693,22.302058049553963,-25.19554409722563
1,360,47.16738632187772,1.0070903387575465,18.408826000510786
0,0,11.555477698918946,10.182164972080756,-3.1452234173933817
0,0,17.135935922090056,12.643457197667756,-3.6681195228187278
0,0,20.359390783223727,14.842806048890704,-5.728416110449416
0,0,80.34336591173916,54.86577448768297,-14.243669731924136
1,240,75.53755347068311,1.0268526572422514,4.538643965149646
0,0,16.08925294398811,12.552953554144137,-1.2704763841242936
0,0,27.881617042717153,17.830787242215575,-0.8237119265786959
0,0,30.85748307935751,19.42208133662518,-4.72520283227216
1,240,52.58847741676542,1.174455827718204,17.07913260465959
0,0,11.280968732772042,9.822052356590197,-2.192915840770624
0,0,12.884822164383587,9.705237581283312,-3.1393363917944583
0,0,15.784055053124728,11.406734679349304,-4.3049091729995155
0,0,21.386474250967893,14.376896633842827,-6.065733517822068
1,240,71.47137114022638,0.9418413594556326,3.8131992066919764
0,0,15.15192534292506,11.809009490513978,-2.8496064685771927
0,0,15.54769904058958,11.24289432977518,-2.113611693947192
0,0,47.12594073877053,27.346121301189115,-5.8080366744903245
1,240,86.0992205410109,1.9507089728641707,11.875218471200483
0,0,21.66416186390296,15.797701976713958,-3.864164969354931
0,0,14.550708845994878,10.7170851939989,-3.157313885808719
0,0,43.08509933794251,31.56316082408777,-8.2875319512858
0,0,50.172937500038294,34.81512682734489,-9.91577331859932
1,240,57.37330968596114,0.9247716332000533,10.108536244470088
0,0,15.172286882833843,12.118510987554362,-3.6615080683271515
0,0,16.7602801722583,12.241315523605355,-3.8976885408701776
0,0,40.37281831185897,29.11872417830613,-7.412167882508683
0,0,32.46842641920419,20.19738728877567,-4.780729890555648
0,240,43.18861402044931,4.974757993395834,18.387975771232547
0,0,20.22945233536918,16.01266274698664,-2.5037957569458342
0,0,32.8100583309165,23.807404747939994,-7.342198043600945
0,0,110.76177657211647,83.22399981378464,-44.588813644026644
1,240,61.644017438733094,0.9736583972363165,10.615553201639202
0,0,14.034784505854745,12.594027406839347,-8.880131439014676
0,0,30.543600441572625,22.80181669231862,-6.628560643416648
0,0,38.2771690246482,28.168074549173397,-8.804432783116766
0,0,41.00442958458365,29.736756469069793,-7.866197445903026
0,0,36.79157357104239,22.33123550339624,-5.3850035082558065
0,0,43.1403809509674,29.590021067206877,-5.535310013328228
0,0,18.428371132353693,13.597690962125201,-3.1306515718514873
0,0,24.55648225297754,17.086088735005863,-6.807015790691565
1,360,47.9218415381449,0.9795711990998758,17.864113760617002
0,0,12.099883927645315,9.92316329369076,-2.2171467382145664
0,0,13.32973343946511,9.078740870303118,-1.3441183281085927
0,0,22.017480679971747,14.370155247235619,-3.260216095641141
0,0,14.329950999263177,9.77425684130293,-2.083485444135434
0,0,20.00051071409873,13.947672478118905,-3.3405277814991763
0,0,39.270730545871054,23.16401441798236,-4.859292954948671
0,0,37.95917565567862,26.521302435574935,-5.5710943025946875
0,0,52.58948855368473,35.914611057095975,-8.173155453935252
1,360,47.162731415187366,1.2254364192379157,24.53049994650503
0,0,13.873928248653804,11.599097363691024,-3.8454963535235436
0,0,24.73717242045846,17.550389233960647,-5.026273814705448
0,0,42.589840798002335,28.614257131353114,-7.325532015685454
0,0,14.598830690415662,10.287346805022807,-3.469459470853863
0,0,19.47248214581906,14.137303386362115,-5.290070016242595
0,0,34.67887467694127,24.973471617410347,-6.7445775142367665
0,0,32.87342903929588,20.407388878095915,-3.6049693076246
0,0,31.883750283843177,21.19973074390458,-17.045473415184105
1,240,69.149837542103,1.1658750886444587,9.570352191379087
0,0,16.609471858389174,12.876717627426546,-4.218793729231351
0,0,13.919677598175733,10.012431368550946,-3.071822949706643
0,0,49.3187510917733,33.75983566239944,-7.644105866306788
0,0,15.558582550702894,10.628344736544022,-3.559713318755911
0,0,13.923823259544909,9.493634120161099,-2.7552475236167595
0,0,15.916186748878797,10.431646291014488,-2.3781531412991797
0,0,20.000860015943584,13.631089355209944,-3.342892583861399
0,0,32.30464797630644,19.510901394569775,-3.405459925233856
1,240,109.68324278105622,2.4883049687663785,12.065468486595464
0,0,47.23171669111507,31.34412281811159,-8.1284573585816
0,0,116.72644752110284,68.01919046166526,-17.419940701919714
0,0,18.106506028198535,12.929951335462784,-4.317091235872539
0,0,24.46345397953938,16.94265287910618,-4.8056768901233795
0,0,14.017285402642992,9.428034863482964,-2.422068520378005
0,0,12.815497697980227,8.972910962577508,-2.612052079168791
0,0,15.969392773572954,10.787740842846999,-3.109701421346685
0,0,46.290943870803304,27.432647737943213,-9.889735512308178
1,120,381.62269308116106,4.747809248485591,6.111628894168305
0,0,35.27673236086858,22.84496720203766,-3.96317857811988
0,0,27.320064689485406,17.18074569257714,-2.823019095539891
0,0,20.68662042834352,13.69212250238046,-3.269700285396695
0,0,14.99294336588637,9.50335242419799,-1.655739326714226
0,0,13.061835470339739,8.922835210252881,-1.7595491543546729
0,0,13.218429325818091,8.930150002157715,-2.147101958386898
0,0,16.91663319330678,10.657567978278617,-2.7345388494095175
0,0,33.52388055047347,20.653864398006352,-8.040709868112756
1,120,301.04880265926505,2.884687406511758,4.983060273870777
0,0,133.15068644959726,77.97560280946891,-22.99334687770797
0,0,117.89581449927097,76.06654919553236,-13.126704464062406
0,0,84.25548774430808,61.237414706858246,-11.667821249021216
0,0,17.65022773571319,11.964102943797432,-2.771268226943974
0,0,14.052257871035824,9.40080092956224,-1.692268861795526
0,0,12.852025478798035,8.65252674017717,-1.4173938942621191
0,0,17.717565777677795,11.123868351483965,-2.7646317921457495
0,0,19.953608668488787,12.17623050017939,-3.8167690008838093
1,120,332.01168297423004,2.843277893344413,3.397651805681548
0,0,122.62712637211216,87.01126995282625,-68.65020409471073
1,240,110.12990791908506,2.7688051192426246,15.944210659705803
0,0,26.118017766085146,17.609304867218803,-2.211068196931379
0,0,17.502028155095886,11.928165788191016,-1.2719335686784916
0,0,20.76995649480239,12.185097853848308,-1.8279119268683672
0,0,16.27621216036876,10.727917904891864,-2.856292863988699
0,0,15.602732465461548,7.921437803422136,-4.769930071316892
0,0,33.529928987681714,22.197372839136264,-8.97270429205011
1,120,200.59406314316314,1.6771129321201355,1.3946142442616178
0,0,55.45481894073675,39.25947717171765,-50.231619275054285
1,240,85.33302878275666,1.1813776362318678,4.421269831001908
0,0,36.8132192548387,24.779711345709305,-7.371857994355352
0,0,31.488322211161986,21.068860494514766,-3.494897749785565
0,0,21.154635262815926,14.864458790952606,-3.4802592900926186
0,0,42.93891100057925,28.359814518179615,-6.854840587760066
0,0,54.63182334878636,34.39148597676713,-9.512208138008774
0,0,28.854965017707595,17.690083162414407,-6.854965489293278
1,120,547.2978964725229,4.859319672574893,7.171010391832908
0,0,141.4320522469404,106.10984785494067,-73.53175355096249
1,240,86.43683731993815,1.0466421843014289,1.9426238846323116
0,0,22.6706953525852,18.391784725451615,-22.999783470053046
1,360,78.50156714419838,3.156855041122798,34.888525808745484
0,0,23.063279372876984,15.806576374674002,-1.5995253099980289
0,0,17.85678094715933,12.661718817981788,-2.2251654166470587
0,0,19.32893563346135,12.276521481792932,-2.9635916077903346
0,0,21.023841944656873,12.788073676760089,-4.673893282426917
1,120,324.58098115181116,2.65518809989221,2.693423654332875
0,0,136.5536070833241,100.76633037869759,-73.63614976528025
1,120,123.02027846750951,1.140732956973486,0.012778621677099977
0,0,27.893925336671312,20.734167907980087,-12.702930215397473
1,360,44.57002560275081,1.5153656175467087,33.416353070570096
0,0,36.80305273272272,27.19650619311405,-7.423554738953555
0,0,23.37625198743449,16.262371596523728,-1.8916616694219357
0,0,25.20907921285483,17.63908672123966,-3.5166472701029505
0,0,21.003161437010814,12.804743287279733,-3.914850011534085
1,120,223.78804391266107,1.8995903132383969,0.465221935599601
0,0,112.22526305737385,84.87104524587878,-73.24803496940143
1,240,89.93365028956148,0.9728798269596585,0.2768204628962252
0,0,37.09796644190132,29.480885273656018,-33.708462060029206
1,360,38.48833485887716,1.2383772223038576,33.539414387863616
0,0,23.24871636858638,18.054182846682057,-12.60692673358303
1,360,86.43891106983813,2.905809889559179,27.053819007921646
0,0,25.38210312405661,16.439225569523302,-2.4423525293723287
0,0,28.447239681656814,17.214011652988724,-4.161630460862725
1,120,309.7654941536947,2.6419575123000882,4.337910547733387
0,0,51.66493436955872,34.35799459903953,-40.130540846946275
1,120,148.38015864051042,1.3485977486344205,0.08243204336734777
0,0,98.40131530664159,82.97140280488605,-72.74944170990742
1,360,38.25201929181878,1.1638971397500264,31.119755272247602
0,0,24.216984759380356,18.75286945311751,-14.67353917541002
1,360,75.31831692540727,1.8719155828004892,21.6742516849161
0,0,334.96608533171957,186.7929042345228,-72.84808178502459
0,0,41.65484065028446,20.603833024715815,-1.0415984878899849
1,120,387.2145817475973,3.73911994369617,6.960284851759354
0,0,94.35721620650263,65.75117104283342,-68.21697115701994
1,120,168.7929613526737,1.4214708522752217,0.49956153046518637
0,0,87.14742757821486,71.40595601990208,-69.84755234638905
1,360,41.56086374657291,1.1558789753763004,28.791265949110567
0,0,56.77048088525235,50.19005581014776,-70.67844834680285
1,360,65.9287156496068,1.609540569497717,26.18785169782683
0,0,374.7063988935034,186.8018758437004,-74.31043612426375
0,120,734.3909653201202,61.9396121879907,-33.25832526108676
1,120,279.1622991405286,3.9026359036639597,3.251158960756669
0,0,114.27215716076618,77.29107804591239,-73.03458449421154
1,120,130.41852831011082,1.2864739690903835,-0.48942546307876
0,0,32.81776870953394,24.909985648069895,-26.687126533662827
1,360,39.59710348225558,1.1945391897709585,30.78410321865117
0,0,25.239049311143216,23.857162802734855,-38.196257416177446
1,360,48.14303417375191,1.6236189375268057,33.657088285691074
0,0,204.62940395915012,162.78747037445967,-61.898505998251565
0,0,232.64451497481627,150.38163965819035,-32.80400426078158
0,0,225.04739839978635,112.19502211348542,-21.09118395789792
0,0,131.06247913011262,75.7830700143391,-32.35916745023195
1,120,185.62517748223334,2.0169799027011326,3.0749978383084766
0,0,32.84387810322132,23.78174943966052,-14.32884008742429
1,360,38.1985944938639,1.1804783444160447,32.74434951479121
0,0,23.389472143046792,18.902223922420927,-11.516677903676246
1,360,51.17008763810932,1.56294293591636,31.464500157462183
0,0,231.65527744274652,177.042128833258,-71.01753415171663
0,0,184.69018101137698,139.77680312999072,-33.229697829673604
0,0,182.4442069175876,119.31690187926982,-22.817989288456815
0,0,243.07572699824527,125.7082153947007,-22.261573774900675
1,120,223.86389021219398,3.2663208597128905,3.4122736118367243
0,0,40.67695726660322,30.217515249810454,-31.154046680226195
1,360,40.69924640116636,1.3301450519236055,32.64962419200002
0,0,31.769065296024134,27.48418377181818,-34.033064491320445
1,360,50.317563171253525,1.5453558064776045,32.31596223616616
0,0,218.58900583897716,164.62117261508376,-70.55554940150252
0,0,189.5277100599457,124.60205881239544,-34.095727590535034
0,0,121.91524921230179,81.64627020636651,-18.208473224804905
0,0,136.01162298712717,64.10718001537134,-74.19016225790605
1,120,399.9288747513237,4.820926524867534,6.507341931703991
0,0,61.74035856440507,41.135493060275074,-8.897938234266874
1,360,50.27740448968001,1.7460284649529296,32.79245325861723
0,0,88.11125064342538,80.65561745678967,-72.74935284767075
1,360,50.70227319259002,1.598182882808617,30.678677997847785
0,0,231.02762247302252,173.52871819144852,-72.51513619152603
0,0,138.07682786091286,109.81099730839702,-29.873647756151016
0,0,76.96791143360232,56.12658425507633,-17.74311925573229
0,120,97.89662194002887,7.364015297932341,-63.80413077222393
1,120,234.9974563240842,5.511073689385962,-17.718263850622257
0,0,57.83073699767297,36.419210536722154,-9.582398636291856
1,360,57.17975969529734,2.397209957002765,31.2986808819643
0,0,16.44870476508021,13.186046539334352,-2.0356648104513795
1,360,49.19398782651487,1.5641873099436991,31.32379441690965
0,0,166.5710192258102,136.21526589121106,-58.16622856722113
0,0,146.28403871502448,119.17424653082686,-30.232564802001193
0,0,58.65925523563356,44.059040122673984,-12.165766191494392
0,120,73.85174923019214,16.99386205787292,-73.25938162316531
1,120,195.69045353927132,2.411982363815005,1.292361522401933
0,0,79.93147653001157,61.67239686614824,-65.49770813156286
1,360,84.04170766153501,2.921479386846265,30.259183708387724
0,0,39.63266241006161,26.16698586282253,-3.1100095117952833
1,360,61.71673105224691,2.147689718360563,33.07247416931915
0,0,236.23395543997154,176.95839757122255,-70.50168431424538
0,0,164.081019186345,128.43450258156736,-33.34014825549672
0,0,50.34232683362284,36.24946284461009,-9.285645083523406
0,120,68.4005005170783,28.890627213942416,-74.15771459600428
1,120,367.4008574373876,3.1366062262822303,7.923750298682776
0,0,71.70204272484423,57.18560607660191,-63.40215600448967
1,360,56.15773558901125,1.887669963795639,31.535402594484594
0,0,182.84947059484753,122.1264018683451,-57.38022217784524
1,360,97.8675306116449,4.053042437846988,30.33193468810174
0,0,234.8420133262631,171.19130968731295,-65.21335417850445
0,0,174.26396951962167,136.05678624718354,-34.1722422697833
0,0,53.25745663316631,39.599840412608444,-10.327694411762039
0,120,41.31520159751857,20.472138593264305,-74.05952055597174
1,120,128.3298356449049,1.3076953363744803,2.696596153276573
0,0,58.39623830018232,47.838350212743656,-53.61196269678743
1,360,46.5015655295266,1.5349260290370257,33.21598603098461
0,0,143.1862975878534,113.95351386661962,-37.507562852176434
0,0,172.3778130946461,95.1664457889455,-17.65103768206084
0,0,309.097364292306,180.887139617798,-32.86129243068343
0,0,173.38802344485308,126.68925409574932,-24.85084084585546
0,0,46.79485406591126,30.064400537904188,-7.4664167817689275
0,120,58.011399588692456,37.22753449023661,-74.30994211267873
1,120,206.088514979193,1.6545727854836851,3.7567603672160033
0,0,37.33080002109574,28.55696168505385,-25.919398442827017
1,360,46.96497877180076,1.5358638002931226,32.71047621898296
0,0,165.55991172139116,139.42529863825564,-53.37701874942324
0,0,218.99929946280298,155.309510145425,-31.69385445324901
0,0,282.18026708005834,142.99983118530383,-25.088582587563685
0,0,107.81323513189743,67.50466416698488,-10.77769798240238
0,0,62.23791881965975,40.50413297070176,-9.48460489916799
0,0,102.88374042287123,48.61062993742659,-74.27072667421021
1,120,235.8576213091885,1.966136146536536,3.7817073667837207
0,0,78.81732865822242,63.75169690800854,-64.62530631081518
1,360,49.16539287443675,1.5104120720271794,31.24447361654846
0,0,185.31517393335707,153.7631022740678,-65.18312800746611
0,0,196.975251908148,152.72649820462036,-34.91316232820646
0,0,235.68310275377686,163.31006660905356,-32.33980771258343
0,0,319.82512255143064,129.616354298592,-23.924596055830477
0,0,63.28741275839738,39.01566016727802,-7.929418438632638
0,120,72.67858037720741,39.84054102265411,-74.23787763602722
1,120,233.48738400330802,2.0232325916115026,4.264993032641755
0,0,57.1268312736483,44.82585065972699,-46.86497130643829
1,360,44.46230091379815,1.383277322167635,33.178782027623924
0,0,132.95712175148736,114.55470184844373,-59.5457368579034
0,0,181.7558249029205,116.96247436777479,-27.78481533156485
0,0,155.46747101140818,124.6557757588029,-27.615348931297063
0,0,114.05670778286087,88.88471890169751,-18.562760587157207
0,0,30.92608228482511,21.942614641720336,-1.258818907690781
0,120,234.74820923504322,91.70197888187676,-74.10854030942755
1,120,323.8354901239414,3.153665033886565,4.404408124017721
0,0,60.48794599183854,47.85997900421573,-60.41333413300669
1,360,44.79154180217199,1.4362350700990276,32.268116622175455
0,0,119.55007126787942,103.24169428023711,-34.840611190945594
0,0,152.78827438532448,128.21316531896778,-30.278316233618305
0,0,144.05815499260643,117.77642248332393,-27.3938194086003
0,0,63.33079972438964,49.63348355059683,-12.33365883244366
0,0,15.517668274086036,11.534985861298619,-2.1553121525036545
0,0,29.77200002001545,18.66874652849547,-2.9263043367408414
1,120,400.418515046854,6.267269184141783,5.652482531296528
0,0,202.32721800637006,140.12822872566517,-73.94834576630885
1,360,58.25724558082303,1.8669836984761712,28.12906300030471
0,0,182.71716240974027,144.84683304757309,-55.531849144160866
0,0,195.1608236977976,153.24709949596746,-37.34975392834215
0,0,162.76326143076028,132.49683820048182,-30.587206052030943
0,0,104.97657323415403,84.38213199373111,-20.03370512692264
0,0,14.937243509863038,11.491223202680763,-3.7347003667918557
0,0,14.649130156074492,11.02568079520053,-1.118654407115514
0,0,36.45780278927003,21.878401701535722,-4.185336771867171
0,0,114.71023315027317,76.44370054239755,-23.211678921154395
1,360,59.12879412920798,2.182060575835198,34.20917804281349
0,0,152.31487111028756,127.45789333077853,-54.107303442293045
0,0,144.09576193228176,114.20821289199009,-27.510227637557833
0,0,169.68690934146753,138.6320438323171,-32.166161274337334
0,0,56.89868936975949,44.58295504856659,-11.801840594162243
0,0,13.050560374474037,9.868910981157757,-3.5983411995952537
0,0,12.264832531723322,8.918331090507166,-1.6448978736310522
0,0,17.102489351230002,11.324355921209964,-1.0730820010293485
0,0,30.91040782414502,18.982583786723666,-2.710216357507875
1,360,92.4472410725696,4.051700500387559,30.96718388603952
0,0,212.1173324543405,163.1341058521687,-54.92829995535336
0,0,203.61278116244392,160.20100954871992,-37.03135910325176
0,0,172.93294564765557,129.41206985594928,-30.044246596986632
0,0,34.416449716195515,24.480723453173894,-7.602138951146131
0,0,12.389086551660574,9.127796609272757,-2.7315245590745576
0,0,14.566190271444913,10.043605174498222,-3.2066749717357794
0,0,22.121352018046448,15.154862510322348,-4.691004792477543
0,0,19.046633559312696,13.320586864400612,-3.776009467210912
0,0,30.61319607651344,18.52782266681118,-2.6767427466059246
0,0,287.4601225700566,169.65048089452722,-29.89779538590615
0,0,186.63366706124674,137.0970420771505,-26.750409977159052
0,0,58.97328862474096,39.866993744689,-9.600072203241965
0,0,32.247002141321126,20.50555389264775,-4.860421232132055
0,0,15.798657708670344,9.849188374864275,-1.365035171537869
0,0,14.146516054654018,8.992696263062012,-0.6935811825051417
0,0,15.935190607669561,10.365427841146412,-1.2336137782877472
0,0,14.157765412489047,8.999095297120515,0.12342472656891346
0,0,14.165012506554364,10.80257471109931,-0.15332376396274583
0,0,29.259991537399195,18.48754059243849,-1.7384741023166583
0,0,55.74502626716365,36.29802618763005,-6.6788293471517335
0,0,35.88521249774094,24.42378303914736,-5.276251743284433
0,0,20.95012822480832,14.014469264288394,-4.070419034539341
0,0,21.470341623917093,13.73691010535709,-3.997035220390373
0,0,22.238798328870594,15.15333671686454,-4.984211141702673
0,0,15.32327812056383,10.493486713947997,-3.5618949322027618
0,0,17.326366095750085,11.280276269491457,-2.6063066086408497
0,0,16.80994905616563,9.38818671744361,0.20207105865074482
0,0,50.07064353555772,32.995194767013125,-7.467361870036939
0,0,168.81486073991522,93.47294748345264,-15.629697882640286
0,0,25.14261626393312,17.1053097877712,-2.3785528262054783
0,0,25.50812203752575,17.457246798981377,-3.2542791094289214
0,0,18.405445900746763,12.565772755134523,-3.6071009604581548
0,0,14.551162019177806,9.591051735424504,-2.098573549347961
0,0,17.751532624443602,11.50232641435295,-2.800561799867623
0,0,15.901354289487882,9.806296390629544,-1.8141311243701779
0,0,21.873116065924776,14.378419609584185,-4.4531006787761385
0,0,65.55972053442716,49.718973067697235,-12.497675362478788
0,0,144.82195679086956,98.5059131588485,-26.658444978251936
1,360,97.78078609455257,4.165137890314271,34.40704705173465
0,0,91.38642240033569,60.04664209955215,-11.070962619009663
0,0,29.80945253150674,20.173780460355523,-4.729582712703603
0,0,26.579072301691163,18.274154925661495,-5.329992709642937
0,0,15.373065583255334,10.774957567741353,-3.6473275809226635
0,0,12.94867270319195,8.880101722568478,-1.9046264485697861
0,0,16.90200479973049,11.194792387823949,-3.482790627832472
0,0,59.14697253258643,44.87240215320148,-11.44171200343986
0,0,131.27466345498394,100.14491119276074,-29.324072683230682
1,360,50.80347880605927,1.8519055694290802,35.16245985139534
0,360,51.33520078174057,58.035271565874346,-73.93527410527606
0,0,37.38605957295148,24.517911674884218,-3.381487157625216
0,0,46.88200671463284,28.96994593201679,-4.658238956930489
0,0,24.163491939487265,11.790549221190203,-4.907534090461212
0,0,13.070314313015855,9.439245852809373,-1.656547023295687
0,0,17.845106911818192,13.09012865365159,-5.868613918100209
0,0,128.84114000853916,97.22150783390079,-20.81466445351049
0,0,137.79613625211206,106.26691864074309,-30.725176449006035
1,360,42.556241637389,1.5441688434229393,33.59293885823121
0,360,26.98158936339211,23.09979443350662,-73.46478869982761
0,0,33.62910129672776,22.702134337458332,-4.978041005961785
0,0,22.915537561519514,16.035514427398116,-1.3884084117870685
0,0,21.410394073617276,13.750560532700298,-1.3796986115374494
0,0,13.525581468581887,9.61049186564385,-1.529871888307781
0,0,18.43538658414295,12.133901354805596,-3.9841620357002085
0,0,131.51251227329814,101.14524561606063,-22.1724065703376
0,0,130.38287746076665,100.20845633414665,-32.91903024610485
1,360,44.23098955527499,1.2631790266598242,30.68433187391804
0,240,19.320276624570518,24.44777307700474,-74.10741180455908
0,0,12.749551348102747,10.349411236414111,-4.394346997551224
0,0,30.166234951131855,18.846152773919293,-2.4756262978211367
0,0,20.234397714119996,15.357377427034299,-1.5680251433208952
0,0,12.058998146705274,10.060914406652072,-0.33100868511616
0,0,17.876628645670028,13.164172606531107,-5.1210907319543395
0,0,111.340073352732,85.32048229055853,-18.923213921865944
0,0,142.65852088458817,110.52463471831747,-31.73659575791561
1,360,40.532927246955,1.420864691023863,33.237152677480324
0,360,21.39634110886961,19.53218642463492,-73.69667229941646
0,0,13.881378489318367,11.151294594552416,-4.538483366882758
0,0,21.69634727126002,16.432429237445316,-4.374787417449554
0,0,36.75315772183161,22.34274023966259,-4.96964345954521
0,0,29.173987907904106,19.213838002369883,-2.4015929956994313
0,0,27.12049016121328,8.16736034647921,1.9086839746730107
0,0,26.07885551398484,20.056157704856528,-6.469981493460864
0,0,115.08760415600622,89.17545088503371,-24.377805432490035
1,360,38.79639334800681,1.4109849846665552,32.05742438917743
0,360,20.421726455083885,16.262516708920913,-73.29142537172346
0,0,11.472528622135558,9.160291219806085,-3.498769697315268
0,0,27.446366721291955,19.006775291307235,-5.439119179213961
0,0,52.896745487001986,38.13513786515896,-9.745636613436602
0,0,83.75426533497475,49.94050193501543,-11.142564504618093
0,0,43.788306458277475,30.04542039989534,-7.1771573209934445
0,0,146.39203549172998,113.55847002029539,-22.178122897174468
0,0,116.86494754101781,87.31570730897644,-25.592631051626697
1,360,44.36143724845071,1.2469762765345294,31.21422246520349
0,240,19.205407793675235,24.003946105777427,-74.11998916126888
0,0,11.23044314012944,8.851272961136917,-4.231750181610323
0,0,23.999055338376586,17.84206374344945,-6.859212141422631
0,0,88.78714603635437,65.64786792233457,-14.79000569174972
0,0,37.414533188599286,26.547912949731042,-7.531532114418994
0,0,34.11299465769488,20.525744239871972,-3.997043547159251
0,0,107.44995385952728,76.53875902456299,-13.713837428020852
0,0,121.72993539145348,92.36635697281403,-23.885360320862816
1,360,42.11968419169175,1.552378612515282,34.98802237010554
0,360,21.15255048233138,21.592983931424687,-73.77614922669417
0,0,15.861429088621186,12.409409216161123,-6.174560223713385
0,0,54.282598718025405,42.4858780336217,-11.537661361256575
0,0,94.49511322112753,70.67282001214593,-15.53402747158109
0,0,53.042040347014726,33.009587662640975,-7.8498228548983775
0,240,39.15305626963237,25.023455089521228,-73.8863162821638
1,360,79.84782057660004,3.36390753796331,31.977287565465886
0,0,156.45097263949927,113.9278501051908,-36.153342958586016
1,360,37.482382314315835,2.763625275870685,16.187668728250898
0,360,22.202226425714485,8.603980303455911,-67.99165295448229
0,0,12.09076439184851,10.181707093157591,-3.9294135303071016
0,0,30.78232986822201,22.24961330212379,-5.8381920679931625
0,0,57.86454941625474,43.52388814357781,-10.459927664978068
0,240,30.437131400830676,2.8419891402829824,-19.161267917407216
0,240,24.688915451376637,32.853046607531205,-74.31145917841069
1,360,40.2934311946777,1.5456669880380784,31.470079092612508
0,0,25.909738268153127,25.58626295557655,-23.260115735735653
1,360,59.92458094587508,2.576291863178094,33.44760343418079
0,0,17.268856304641186,19.740407217158616,-69.88753957224823
0,0,19.34779057936036,14.53770793823294,-6.537586530006379
0,0,21.502120738075668,15.444139143111993,-5.612990440219846
0,0,88.709748101258,64.12248585112907,-13.29421407364314
0,120,25.147539581514785,5.446901958304433,-42.62792618668276
0,240,25.71683356668693,26.405767607965572,-74.21086081639018
1,360,40.32681342046107,1.162554585915124,29.68945785477517
0,0,21.437150594933012,17.35401975682668,-3.505014773976086
0,0,37.54957695868097,22.92167389696266,-3.4896269050838384
0,0,26.739087476818312,17.9199228844026,-2.1204812782740845
0,0,19.026853882740205,12.767567745293436,-1.5538696362230553
0,0,37.51987894814542,25.177429204944822,-5.937363885366864
0,0,39.41228971457463,25.79922596488601,-5.4229819011224265
0,0,43.469335044142305,8.168850214052277,-38.889256919689984
0,360,24.839659420169085,31.144256554862867,-74.19394592867505
1,360,34.894136534908824,1.243632351537202,34.47555137931931
0,0,30.71744613132519,26.41287388885309,-8.628463176352838
0,0,14.771957553740133,11.41422064752849,-2.397437938027764
0,0,36.326527802251235,22.196823384428466,-5.218959409998149
0,0,22.29866498821687,15.40654094365816,-1.0981372485925363
0,0,20.788142251903896,14.511946965586581,-2.4001441379141255
0,0,26.820511575284304,17.851353754585904,-4.7295743859347255
0,0,51.28266578427468,6.768180977363706,-23.00211496533975
0,240,24.46250718769675,34.91777341991084,-74.37981082688158
1,360,35.728181095741135,1.0719742476718759,32.11942551026597
0,0,12.40638618513461,11.033491505200608,-3.1910289730082155
0,0,19.224062350621146,14.653807717990576,-3.685664024851164
0,0,27.46343287405917,18.904268175705578,-4.371623245274748
1,360,84.74859164339475,3.2707865880719713,32.73051042491085
0,0,102.04168030391492,68.1824095047621,-11.456283848981755
0,0,109.84047273357835,73.23724629524477,-13.185949424651305
0,0,40.877541093363895,17.568580411363424,-17.577612234067452
0,360,24.558484304077776,32.60108922026682,-74.18462066310992
1,360,36.43235890751864,1.1000619496770225,32.325812803752484
0,0,15.609258894668011,13.133610245053532,-3.9378402204147562
0,0,25.695094122921738,19.641846313445523,-5.939745341266857
0,0,36.81408331729702,27.095386802864137,-6.32099478125609
1,360,48.74843310066651,1.7235707365226491,34.34547892262793
0,0,67.9349730794274,47.21707754806222,-13.430252660237826
0,0,53.730422361681825,35.882486271846744,-8.950821543430635
1,360,44.211009489749394,1.761935530958227,29.456957814077583
0,240,24.086415729774313,46.108452646146546,-74.41111004520657
1,360,36.0646396632881,1.1880994749312035,32.10863401779608
0,0,24.141798456491134,20.290693151309053,-7.234657823501763
0,0,19.648502699163526,15.190299521258844,-5.250309694835423
0,0,68.93730759224835,51.67660974866889,-12.899008969009202
1,360,43.715633290240426,1.39098500941,32.9618363911962
0,0,47.37130138517984,38.04027944086149,-10.119737522341438
0,0,33.55128052255604,21.434125304534597,-3.006807538283155
1,360,59.29220120909173,2.748343390702786,28.941372611729832
0,240,26.949731196710758,44.47831351275387,-74.39682853067653
1,360,38.90576894778409,1.1731111605959639,29.72360593395649
0,0,18.218580444334993,15.393320218073614,-6.373395137824744
0,0,16.74865025925546,12.816945408367515,-4.363920984059746
0,0,26.70684507810762,19.22166561866866,-5.228668422513493
1,360,45.93725553015128,1.2549502379814421,28.437128468598118
0,0,68.67889041056459,54.59913397999636,-15.775091594072869
0,0,24.234979319682573,17.27803580617117,-4.071218404351924
0,0,42.28918383112204,25.001440270895472,-5.1130637267529835
0,360,34.97179185031193,43.73885454928339,-73.97198487768631
1,360,47.99147394170096,1.322427502673665,25.458143633702036
0,0,23.229455129488883,18.69713220401523,-6.094689856606038
0,0,12.98952723080903,10.875447198364636,-4.002206143865521
0,0,41.455863612010106,31.68326880549588,-10.664687075148322
1,360,40.58313479107571,1.175732781591999,31.731040029345635
0,0,33.19802972842546,27.253556498082144,-9.188417566683441
0,0,15.690762045656784,11.655272767701318,-3.4063592162730174
0,240,28.788810925153964,27.50447414797639,-74.1308314600395
1,240,136.7313318619853,2.3639793941540885,10.239707834653785
1,360,63.148648004452625,2.5480403814042774,30.998484210263513
0,0,24.927352567534804,19.864731911234514,-6.602206419908015
0,0,19.310744361067556,14.734157720285738,-4.466173705919431
0,0,24.210348024328148,17.993228595572152,-4.417778525182584
1,360,38.89839316356541,1.2040911604836473,33.29745513771712
0,0,33.17931082640287,27.435518991006013,-9.64570289671029
0,0,21.21599656637202,16.959515503202667,-5.748891635128004
0,360,26.023816573820586,13.509170990982554,-72.5611972748609
1,360,45.33597836500594,1.3766555124022832,20.109668465698462
0,0,25.32304353581502,21.33534884551306,-2.025114794279048
0,0,22.632821840449324,16.385749537872343,-1.7641705110836767
0,0,15.281928135856287,11.444258209317205,-1.7161666884842361
0,0,49.75914718090241,38.17556927850352,-11.572866940085795
1,360,44.96413368214461,1.3420764080712475,31.394080673034864
0,0,88.77868925484741,74.83695409097481,-26.434833763334908
0,0,17.348989824711982,13.419046330321494,-4.545186415832035
0,240,23.78761557796403,19.31309347318796,-74.00919740297451
1,360,47.12471634388279,1.0266856194889353,17.056925112053747
0,0,23.258688017041553,18.858357712723524,-4.975588772526308
0,0,28.663988830111137,18.91312284965047,-1.369831390413367
0,0,31.410784555327673,23.952379077021508,-4.791050920583757
0,0,47.76695742327557,35.42554001282709,-7.210922368806237
1,360,41.09578856288956,1.343757087880179,34.13779265319597
0,0,24.861937524147656,20.309042120833045,-6.7175571492176545
0,0,20.237425609585642,15.245846574500733,-4.551081768199836
0,240,23.261208505616782,22.561032959637682,-74.18538282267407
1,240,49.7418953466282,0.8995923428933932,12.703340616730785
0,0,13.805866784184202,11.344747735160382,-2.5604177853371937
0,0,22.763379839470794,13.998065927973299,-4.0377781005255
1,120,254.52435602046984,3.4495879553532225,3.3957616291455395
0,0,25.486257580468717,18.756388780963864,-1.4010484469485505
1,360,45.471261131086735,1.6337208032154875,34.96862099861262
0,0,68.66997769822856,56.088415468041326,-17.67468986906755
0,0,19.920511399473586,15.035650562745417,-4.263608399349337
0,240,26.438752235321438,13.344243002858637,-73.55130499945392
1,240,45.71022036158142,1.0282032239583092,13.096422395300053
0,0,46.86110375686453,36.250956234328726,-10.913824000070314
0,0,23.051735866119976,13.911783223692145,-3.7453836112662913
1,120,334.84730799702345,2.860821524285468,6.678848390347653
0,120,197.60712791490246,65.97089657162346,-74.06939024910534
1,360,68.69439205875302,2.6380974168705316,29.20355758348849
0,0,45.71140063413087,36.3539634946003,-15.352549707202336
0,0,23.113904240780755,18.222804861072248,-5.458857784846572
0,240,25.21896629349493,11.739494312399117,-73.02730299503656
1,240,43.10061569357703,0.9824583898713464,9.528476870676116
0,0,12.88806331781767,10.651562015664922,-2.6094707808156556
0,0,17.098141462476963,10.893446771048795,-3.2004881824571356
1,120,239.21943463106842,1.7772543986545357,5.596734813637681
0,120,268.0397930281049,74.61908825504193,-74.16991168609303
0,120,170.28928221134726,7.728158656804974,-13.983812092067751
0,0,99.33192895856043,68.18514268971884,-11.410611521669018
0,0,17.648343344181747,12.636465034296474,-2.407579942524933
0,120,27.564302054698896,25.14301925165444,-74.24892820159921
1,240,76.35814071833477,0.8972988978101725,3.2010567923991857
0,0,20.49953619867103,15.272607836486927,-6.256637184574217
0,0,34.88271252615137,21.791773826989417,-6.6233064522526774
1,120,293.6429270058614,2.3523200356975345,4.582917395290366
0,0,312.8957975665291,131.91943174549777,-74.40155883471945
1,120,290.0762536672675,5.439178597514313,2.2644451751172596
0,0,63.93811429615865,39.40243401582079,-10.09673898669189
0,0,24.925100489850884,18.157388755963378,-5.217502225443951
0,120,27.062634745121052,26.1712518855282,-74.14740856066545
1,240,58.395223486401484,0.9583251767968393,9.216472840701954
0,0,20.73884656944133,15.45703301358831,-4.884697926804847
0,0,19.34844689914253,11.830281136425985,-2.2220428783166426
1,120,238.24809606090125,1.8221805980590635,6.179800150997721
0,0,205.7267265126019,64.57186090604692,-74.21499603293286
0,0,204.22171355328382,58.81241466915039,-28.713441577489817
0,0,48.72947152578328,36.190493674739386,-8.156676778319593
0,0,104.5271357425355,59.49959935703595,-10.56584000176099
0,240,40.80433478040576,35.50239041129105,-74.12434549255708
1,240,63.26055696182047,1.1044064281751036,8.62865291831082
0,0,12.966314284787787,10.28384015690048,-1.7970695749328343
0,0,19.409808202698624,11.80562682191546,-1.5992338730872007
1,120,356.6660101892432,3.1430827475431165,5.655005542267503
0,120,432.5661095599915,64.49634610518036,-73.48854458112804
0,0,242.27300929760398,70.2292381822498,-54.00679934189838
0,0,108.82881369993059,86.3470891020405,-19.093425567948593
0,0,54.34591795034344,39.98164380933298,-9.10094485958767
0,0,44.83573400083818,26.296107719154968,-5.634968946681468
1,360,61.59860452204068,2.091870579373948,25.449508774372347
0,0,14.827992004162219,11.980304813386335,-2.7693031094880354
0,0,20.33837935804044,12.117375447824914,-1.3060067069398826
1,120,377.2264315379029,2.8418412101693447,8.929032778926981
0,0,323.32384748904684,98.41508125135843,-74.25214568461072
0,120,458.6214386755101,23.6257099380789,-23.102115296217107
0,0,96.92373173429826,73.68028148814957,-17.197765854634667
0,0,19.42280774661944,13.636200692850688,-3.685747292539972
0,0,21.57240210769085,14.760063805329285,-4.215904340429617
0,0,85.7431165023371,47.68776581020971,-9.98319516622945
0,0,20.13899051127531,15.364566830557097,-1.3534359824865163
0,0,24.28564095620159,14.5767826211067,-1.3759099316965688
1,120,307.50445963509986,2.3584901302944568,9.008378559594817
0,0,360.9664085988277,98.25283713815337,-74.17041496771371
0,0,390.80584593606886,40.15527713242993,-44.40317249520734
0,0,101.43868236757599,76.9484888090259,-17.75115042431809
0,0,24.36802839238707,17.018560751417535,-4.914516086168007
0,0,28.850126267941,19.470550286144054,-6.572521488846959
0,0,77.8445561120606,51.32959106152261,-9.954338748672058
0,0,72.59285802761897,40.72772722417799,-8.419910922957243
0,0,33.4532075951059,18.00047012684928,-1.1702553938715852
1,120,203.4762666477523,2.6934495193555192,-1.7545281127193846
0,120,452.897447728212,50.03004332837129,-72.41387136273062
0,0,370.80183668822934,92.19605419056128,-63.133938288676674
0,0,126.617021179653,97.98873821070488,-22.937570016358038
0,0,33.81774635411752,24.273641018096097,-6.930551733811299
0,0,37.36857609640121,26.7989771208807,-8.326209792738425
0,0,69.34924845003728,48.75317821264444,-10.939191501466532
0,0,42.22016178657909,25.986505488751487,-6.02500312784025
0,0,43.686159568257885,23.816666581911946,-4.729241315179479
1,120,444.8393850849911,6.3246111227624775,9.124428737490462
0,0,314.5675635497185,140.14418827163936,-73.9966551422945
0,0,196.364525208884,109.66385615536527,-26.951772065625832
0,0,90.42337882976841,67.87394844952098,-15.16157526291471
0,0,24.54277123635168,16.565704407825415,-5.665232588179762
0,0,23.830224887743803,16.759566117318666,-6.677347182290902
0,0,88.514683243646,64.79242047890622,-14.447429929828665
0,0,35.33119403377344,25.011507971772193,-7.113153611989006
0,0,20.744974059172353,12.248519015710404,-3.018648203632054
1,120,221.70604313543024,3.161186927950492,4.338118716955421
0,0,95.23425063228252,65.52200052850216,-13.381216318297128
0,0,177.56598236566276,129.52845281621018,-24.434315049501507
0,0,142.79260867067342,106.75365098035827,-23.053986572084455
0,0,22.18641408272722,15.728920109305273,-5.628207610350032
0,0,18.24754859785788,12.322461530797712,-4.8650842227054625
0,0,89.05821162168333,64.0616288112367,-14.55851319008675
0,0,102.87516598179548,76.04457664265337,-17.33376697076939
0,0,21.869023719047707,14.015910526252695,-5.3650733869389455
1,120,121.75869580230021,1.3958505893440982,2.1525000942799863
0,0,36.390512546505256,22.751069619049723,-4.023281195903536
0,0,131.04383008845898,91.00754702728118,-16.748823947026665
0,0,124.1364927354756,93.79498429655105,-18.483381499413845
0,0,23.55709474466869,16.542889357727788,-5.216378111645014
0,0,17.661442163363734,11.688863469933791,-3.7517702429980773
0,0,67.07890411806173,40.278216918870534,-8.621339625575075
0,0,38.15760484158579,24.74054508705091,-6.608193366733516
0,0,17.164837892105496,11.51898616286502,-4.728292063527036
1,120,111.0093543660252,1.1778259926999741,0.39428619150164934
0,0,38.759720331158775,27.77338855283834,-17.18494679394224
1,360,80.98281625323463,3.285616229749606,34.11877431307157
0,0,92.43604135236515,60.596981570315144,-10.402843500913804
0,0,17.8993075275548,12.917484349028678,-2.731041606479465
0,0,22.075913363323362,14.674713765193163,-4.838492686283715
0,0,137.21910431186103,90.25698626099674,-18.307162089583493
0,0,65.0215456667699,47.47724294334616,-11.156990631704566
0,0,17.437947812442225,11.288796339607883,-3.5998400179938557
1,120,129.3878157800417,1.2062071774841414,-0.42481806333043437
0,0,22.622541335626074,16.571544125168547,-7.39536029952221
1,360,45.65881783746516,1.5797898864650919,33.89011291282817
0,360,46.994456170644824,54.80222371086416,-74.02514498686247
0,0,29.275118145712092,19.45066002572178,-2.4089538593903086
0,0,21.092227892156036,14.204604543776197,-2.5220646878709374
0,0,132.036670944823,75.5914145768264,-14.309934158679788
0,0,83.58229116773829,54.18711057434295,-12.096437513790498
0,0,19.362100924414758,12.459932280972225,-4.168150320896615
1,120,158.06401179041507,1.44459637950421,0.9084808234462685
0,0,19.55800962174669,14.513920775959978,-5.504134590637463
1,360,39.696724368407644,1.3252884534606926,33.60111574527244
0,240,26.797233364970996,40.03158219798066,-74.31804171689627
1,360,59.36426769497718,4.393537054767277,28.487114062191267
0,0,27.726970085416163,19.25868759510842,-2.574315162599717
0,0,123.08626342443301,81.69210881757908,-14.665916018499388
0,0,44.375074727846076,31.36158420695375,-8.672020504369783
0,0,21.94150201342394,14.120240704397661,-4.852989590905693
1,120,107.97035477857382,1.0993436080894883,-0.6435622818364806
0,0,24.61032253628472,18.88661236442835,-13.05270446901622
1,360,37.20334161633966,1.293244589505764,32.83198875726461
0,240,23.26266638121135,46.21104570209993,-74.43322407308438
1,360,40.2738960293966,1.549357668266064,33.49520757187395
0,0,31.00962793239089,23.587002967201894,-3.2757871534487606
0,0,47.96734637637543,31.630673310235622,-5.5653446686823
0,0,78.08779520937011,54.58955937949843,-10.78089962503715
0,0,25.737646441347877,16.074549662241576,-5.277638150303133
1,120,154.6580614227918,1.3811916836726201,0.07963424902330019
0,0,24.13097561459298,17.92578514347733,-9.724424169712051
1,360,37.051729908227365,1.2716040868996934,32.33750358726152
0,240,22.076277372614314,46.637439461649585,-74.42818351558452
1,360,35.9294304344378,1.2738903996381492,32.66387962032442
0,0,20.93030994118982,18.317453365494174,-4.395512745194566
0,0,26.638403977685584,18.950212451285037,-1.452874256464412
0,0,39.82527112417507,26.973681176228737,-4.863722795993397
0,0,20.818522320252292,13.488653788650101,-4.044139751950652
1,120,115.88510806700539,1.2136349422079025,0.026276314033324866
0,0,44.81454057100942,34.26807844939579,-30.422406805720996
1,360,37.450967209448216,1.2671376541115,32.428623419127206
0,240,21.563062879417934,46.323683917198444,-74.42968639978822
1,360,33.57711047476754,1.172305117583916,33.29769661401467
0,0,14.315536782870705,12.984188150555308,-4.686166939757641
0,0,16.620414198286884,12.52967639854867,-2.7520417175975496
0,0,29.86345643515177,18.709523112105177,-3.4856383827898014
0,0,39.06913190532954,20.92069510155335,-2.333979632385038
1,120,161.80413004085534,1.7029874939608933,2.186323429474953
0,0,28.78195173997951,20.620232134456238,-15.142298792955003
1,360,39.999866893678686,1.196437097907476,28.43764472826875
0,240,21.967052524159552,45.08166831852821,-74.44245779298146
1,360,35.19241089552107,1.137182017870705,32.94418364116831
0,0,23.807547844289797,19.742164063365344,-8.71986195497604
0,0,52.20446967598016,34.86913963397962,-8.205863002100145
0,0,78.67329128485115,45.7704760110891,-11.75999441715036
1,120,564.0311461972818,8.292178140933903,9.019727945579731
1,120,140.21033411438265,2.5873133610732246,2.188613290917246
0,0,23.842733570651067,16.616929084032627,-8.807122329465344
1,360,41.00229700489928,1.2678918335301357,29.939494070736316
0,240,27.37325049144118,41.313651635991114,-74.45321005856356
1,360,34.77699172672971,1.078938938307767,32.14335664403019
0,0,14.718564928323595,13.62393939971745,-17.563985476793555
0,0,28.94352590439316,19.74971413459377,-4.0807775350274085
0,0,19.449145105721357,11.505394907567267,-1.8208841339327364
1,120,390.3473854262686,3.463077068429654,7.4777602306431135
0,120,194.37857876212624,79.80262706210594,-74.17869964738023
0,0,33.48880696838871,23.58985731396599,-4.2526170644263175
1,360,38.293700194063554,1.7525710264431185,29.832336882005677
0,240,22.835205490926377,46.15390241248898,-74.42001194661638
1,360,33.28386238385965,1.1515648753836982,32.40805629999093
0,0,11.94139097318942,12.155015913025501,-27.296058978551947
0,0,12.194747874199715,8.87787713543101,-1.7202551320048514
0,0,19.963510456574987,11.980049810047587,-2.3985287447511894
1,120,542.1347004449824,5.352746202046741,11.485825451245546
0,120,89.1505302608472,34.630022580579,-74.09884619402217
0,0,36.064580833503705,18.675665431239043,-4.347966894883584
1,360,57.7664617813585,3.255865722824259,27.194408173709846
0,360,27.104767901333368,47.64657079570714,-74.35630131710805
1,360,36.218019941793806,1.2066625028517732,32.72575583987975
0,0,14.397761517933715,12.149721423815492,-5.2501723031488865
0,0,18.873061795743727,11.208346308378736,-3.5862257508732824
0,0,23.149606566186254,14.105828084754663,-3.6593347816491786
1,120,378.68629263769685,2.9497748954396172,7.983586459862238
0,120,66.61239128152219,36.747821082298984,-74.28038793791025
0,0,24.100488917260364,13.659711718911526,-8.29219910524364
1,120,212.98233618921137,3.2840883230044615,2.4980027154627464
0,360,35.2541417236604,44.897815137866225,-73.91170368974188
1,360,43.297724886196804,1.407927586210762,30.407125411097923
0,0,18.421903532931623,15.05916863309738,-8.504814821853202
0,0,17.20955955883125,6.596848319748382,-24.761057460395186
0,0,21.764054837807862,13.646809395285857,-3.2338119115192256
1,120,472.4768530071713,3.8390115140028893,8.856839692728002
0,0,77.38346296940857,51.92721181432071,-73.70341945421966
0,0,17.317760401351364,10.658809886804063,-6.067935948191121
1,120,118.00541438760126,1.347174801827047,0.7842121246649896
0,0,34.37503354798053,22.771578368232827,-4.885926125214809
1,360,58.245317842036684,2.407431399533304,31.952981727102014
0,0,14.436805191249848,11.76563356347892,-1.5320035411413357
0,0,14.675840716621169,10.157977694071858,-1.616203828066844
0,0,20.147291026167476,12.058859930302694,-2.6340264222459666
1,120,443.003189854414,3.4690280855725697,9.284044570171943
0,0,121.3394821124153,50.527302656644586,-74.28391204768053
0,0,23.249001325354552,14.700835405545151,-8.500722214948155
1,120,90.4013029531737,1.0126623730379045,0.3245495021225935
0,0,17.86422291488546,13.567010256556717,-2.2629939276738043
0,0,28.678054663874136,17.83430657006193,-1.2023051272948777
0,0,27.991457765477314,18.60742597424703,-1.9113877849012226
0,0,22.352183546140633,14.803072020367587,-2.452128156038725
0,0,22.742960388992994,13.462742068173656,-4.046113196175469
1,120,560.5251263664005,4.749736918752115,10.624604399412945
0,0,214.55857730998727,96.37207903281018,-74.29600163788196
0,0,26.326758710138524,16.554532162100195,-11.724788838321146
1,120,122.76451597984665,1.162673898596064,0.04388743021681307
0,0,48.078071384332304,36.80552509748353,-14.847035731816256
0,0,16.01335149153232,11.837007025592717,-2.6205620369652536
0,0,60.04901329359628,34.40307242681053,-7.292416455845384
0,0,25.977811682422686,18.486312068066184,-2.7384940646280285
0,0,22.316426067812262,13.58914764584806,-2.5846570095500283
1,120,349.57143233997255,2.902495374477301,7.79854900178681
0,0,102.54914602411732,61.885568386475015,-74.2060531807339
0,0,13.931097010856282,10.401902476165711,-19.571802603551227
1,240,78.94093003523902,0.9343655174449395,2.301840694162209
0,0,12.8329517596383,11.80137207007559,-12.946375793789237
0,0,12.184037176578066,9.378569851198927,-2.7844828091582485
0,0,15.068285935390394,10.922698894377007,-2.4739442905071485
0,0,35.14515587120475,20.036325207621484,-3.0977192009268038
0,0,37.62042640340173,19.09252967375397,-0.656668616055299
1,120,357.5717535498085,3.2220383324099653,9.783767277801232
0,0,56.68219944004266,34.948917639835386,-74.21744807120969
0,0,18.733598438109272,11.849496553758424,-8.94051300355585
1,120,112.27584931823161,1.0905621067186633,0.23068183652614493
0,0,15.96051315299064,13.098998825036958,-4.780638296097962
0,0,8.669134967468262,8.682855935618484,-0.44735029992264685
0,0,10.10735314111205,8.717218692158324,-0.18788818158810727
0,0,16.29537412420509,10.941591683175893,-0.9575314292665666
0,0,109.37436435180655,7.012074764576604,-0.25116329831546125
1,120,407.04877882277697,5.341736327231969,9.711848974975311
0,0,21.34179119128815,14.261096940887143,-2.021043004296189
0,0,31.009322752884337,20.545799336706587,-5.749870030471527
1,240,84.8429693250125,0.9765625823601276,2.060830695668159
0,0,15.328550739990348,12.716045800000721,-5.821126355171387
0,0,10.169356976219596,8.392098592834238,-2.2631854433580685
0,0,8.468199081216586,7.95594989893384,2.304421992515344
0,0,11.85171691667723,9.604828255578859,-2.0601455109617604
0,0,14.102022353342798,10.402761175253922,-1.786636133524837
0,0,32.886856937584334,18.081637266915013,-0.10353801282275299
0,0,27.66582203982851,18.828613897874746,-2.566812743837872
0,0,28.038668667455337,18.06078475632498,-4.2708859953514065
1,120,86.70066684178637,1.026898621241846,2.4459104493426906
0,0,12.886880287622075,11.154298280288376,-5.435076532922196
0,0,9.629272898215593,8.535873279137059,-2.98519124626786
0,0,10.677761215326198,8.579435175457835,-3.376008143701469
0,0,9.960412885566978,8.271102326315189,-2.2630688685937344
0,0,10.434742729708171,8.825299250898567,-2.466441871745303
0,0,14.597110838437452,10.767181374767791,-2.4714462598428355
0,0,34.28415256167283,20.208735641779025,-4.030625406056657
0,0,33.59120020813045,18.218629005292986,-2.7949495576417718
1,120,104.84028668487697,1.378315147391477,4.437465396475616
0,0,12.846150773296838,12.324036634293398,-20.13589123463128
0,0,10.21891923114271,8.609137428988971,-2.5072347124937266
0,0,8.04793932422787,8.147843433486594,2.514223261243103
0,0,11.396815608832911,9.056081499039367,-2.455450536822269
0,0,13.783828595420124,10.25370538389423,-3.5745516209019996
0,0,75.87323622044835,54.05428905631135,-10.970121284475312
0,0,21.14536773334275,15.161284086112454,-4.453333828304807
0,0,38.085380250654765,22.330054880203587,-4.437396392666415
1,120,152.73685715376214,2.268522909540054,4.794500592558663
0,0,14.177859460721905,12.39757058049542,-12.15480816364689
0,0,12.504989499859699,9.973583511851428,-2.8035844169714466
0,0,10.261573582476164,9.35798572810078,-2.3662541885681208
0,0,24.51205841203529,18.85485529117587,-5.7858291818844805
0,0,12.360270987890965,9.327414913473856,-4.189408561850016
0,0,12.810999977120053,9.38272105195925,-3.8527156621434386
0,0,16.91741084951927,11.706600994988078,-3.422038522076093
0,0,14.713988154940639,10.969028492681034,-1.732653690868787
0,0,37.40113838206456,22.00696705886924,-4.0440731377996
0,0,25.095666419123354,16.985053876249456,-1.9992851572099255
0,0,22.431629493106296,15.408200578647353,-2.9202008151510057
0,0,19.21495108776277,12.691621833810004,-3.320551862953465
0,0,17.051568495973488,11.118397754995815,-2.559776624133349
0,0,11.694054013710552,8.518128005362534,-1.4651562405639993
0,0,14.599860211642598,10.042631653464662,-2.8636953615239804
0,0,12.542187388690396,8.917197664065055,-2.665884639984995
0,0,13.461469872605267,9.222221105236889,-1.5277818693186305
0,0,17.371981239826358,11.573133515460249,-1.494299931647788
0,0,32.47695306108013,19.641643437861106,-3.580496933883097
0,0,39.15346440126162,25.362623618637123,-4.619003221962828
0,0,15.645534810471373,9.63177830456722,-0.704264426979563
0,0,15.342799497614205,10.456092094507694,-1.8686381534657386
0,0,15.743043339677463,10.096727582734676,-1.9990436809123793
0,0,19.24380525857839,10.534375301786604,-1.9770277039907995
0,0,14.84076909796079,9.936613663166,-2.457698764420158
0,0,20.28318782812291,13.698393330340478,-4.3945135329288405
0,0,24.002651308947808,16.613983161483898,-5.009495375410069
0,0,16.421589749765808,11.676762082209105,-2.7336562119081265
0,0,37.33487030680366,21.872346428884146,-4.633983079179899
0,0,36.48538660442885,23.849898729726124,-3.833197715886186
0,0,23.971467846356248,16.213053105495103,-2.9269454979446863
0,0,16.29361658439625,11.039608767614087,-2.8652524673047424
0,0,13.357407337731278,9.21703087153554,-2.7842996202428623
0,0,13.259990730063308,8.993361948573382,-2.5594019195336983
0,0,15.17814504245818,9.784416822393398,-2.3851309736215285
0,0,19.423557826370494,12.181757450996544,-3.009988363995731
0,0,40.24918016622711,27.351407337249775,-6.342636053578033
0,0,18.601290253002013,12.613673934788673,-2.203482510480711
0,0,35.61486757727083,21.161916989142306,-3.9498890549856753
0,0,26.09825095852799,17.406951969202744,-1.99005077052081
0,0,39.444127658517594,25.683679866410845,-4.158432981612393
0,0,18.233872511416504,11.995476807612675,-3.0887429440730045
0,0,15.742752867617007,10.08310251483952,-2.097191305713693
0,0,17.753722195481604,10.61441535527224,-2.034449102194742
0,0,16.03451918333041,10.478151292167544,-2.650888129230154
0,0,26.378012321363027,17.00328309282431,-4.4895136390931185
0,0,17.55999755389538,11.666168877214412,-3.1012247706257483
0,0,25.688782790114473,17.22009228508835,-4.020075389884326
0,0,31.739194472996918,19.30552649566083,-2.215231581371924
0,0,28.755362515863148,19.50075620649067,-2.676359715237396
0,0,16.717748076570548,11.893682574272928,-1.874483545220258
0,0,17.226267217599798,11.89110577257918,-3.3002678539591415
0,0,13.670499450288338,9.139243582351874,-1.8852250770768535
0,0,24.052890106391477,13.998683007875902,-2.6259827635068405
0,0,13.615526693631528,9.231933069411768,-1.9335203365871365
0,0,13.990028828159884,9.033569353460141,-1.0229548523652312
0,0,20.387167633612588,12.028701911135729,-1.3823881578860409
0,0,20.984175962527672,12.190521958015028,0.04676016548079076
0,0,54.478876939940584,29.45136405840681,-5.7803418411918415
0,0,29.429101429507856,19.65152657831034,-3.195333912519743
0,0,21.605411132029452,15.24003926089678,-3.013202496783819
0,0,15.086606817152934,10.36421410978547,-2.823535355210524
0,0,25.146475130103365,15.43378826173202,-3.2724481191274464
0,0,16.207206661702674,10.369580450764959,-2.335778214463346
0,0,16.019328229940832,10.025765507222614,-1.5957949175393082
0,0,16.19557491026907,10.814137210552886,-3.0624719882531934
0,0,15.58906189431246,10.445021991003797,-2.677167411818857
0,0,34.3679629432684,22.562167090508904,-5.162095905309229
0,0,34.633160257603826,20.767657876849462,-4.432516906102109
0,0,25.302453111276318,18.02748639217422,-1.52748210563891
0,0,13.923196354654936,10.004052888686145,2.1056453657861454
0,0,27.47916616452365,18.898405916630846,-4.968640083895039
0,0,15.530768931698784,10.562084020929191,-3.1149306322040076
0,0,18.15134535449308,12.307884074742374,-4.1829469891982995
0,0,20.485700168753326,13.493842613493227,-3.9911815018669614
0,0,18.23323641437272,11.920395935079469,-2.8701735877134666
0,0,13.47903883618599,8.818393027879019,0.5142166436958888
0,0,16.55879183756253,11.471817589487932,-0.9244991371153191
0,0,40.88421092016983,23.69232075496267,-4.505759165180109
0,0,25.213886709298464,16.610258140336676,-1.1647014390279082
0,0,17.485186290881686,10.95649881205591,-0.18285048641506307
0,0,17.694157038780357,11.637836033878093,-2.5262863596936427
0,0,15.773419731164335,10.559483973074729,-3.0931894386555
0,0,19.865869560354007,11.80919193765413,-2.6028260192485533
0,0,56.5134462035019,31.638661536372066,-5.122393871284231
0,0,19.59170438075967,12.480732663807927,-3.1069286073092854
0,0,21.27350819591168,14.035852914429297,-3.5888403563019438
0,0,20.111265136947797,13.70971773275401,-3.4049353387943455
0,0,31.26255555981817,19.20097653563274,-3.41950718433624
0,0,40.00198476591695,26.309801821103157,-4.533187541874383
0,0,40.75539943037262,27.269859805463255,-4.932172999580345
0,0,23.986160585009223,13.743840278966466,-2.808555497993453
0,0,29.853668629772837,17.050320642386463,-4.3357931587794525
0,0,95.32326744979717,60.625908247393355,-11.094406636794353
0,0,15.159131991513604,10.577594845558673,-2.9641161942298453
0,0,18.26365876662865,12.445974722535942,-3.3978659120143107
0,0,14.727219341137518,9.601375848498197,-0.9106850275416036
0,0,28.558484965519437,18.45637664849879,-4.020275232337468
0,0,65.1896370682362,37.98202597096914,-9.056638122371425
0,0,20.296525643304005,14.596061437059271,-0.9043067225786956
0,0,16.157346580996055,11.484133123662836,-1.4888458980306893
0,0,13.620330513213638,9.475902934968824,-2.2394041914337066
0,0,18.025324602593177,11.82337350454821,-3.353709056637925
0,0,19.999688935547944,13.061079405907797,-3.3630433645536186
0,0,13.624499154967344,8.910961353131553,-0.893523556877696
0,0,15.464241637700392,9.71058983368055,-0.9265225419534175
0,0,15.210297358061515,9.548080150700054,-0.05371895460723408
0,0,34.49247985880467,22.619848563961853,-3.3296113874960724
0,0,30.7973443322584,19.582965901642996,-1.6777719571735616
0,0,18.911740540553527,14.868816389442909,-0.4781759983204097
0,0,14.132117464923025,10.572417996010463,-0.7125578887851276
0,0,12.389315436290492,8.982031910726949,-0.6793340809496016
0,0,16.57598668048311,11.19893513543492,-2.4136917908836466
0,0,11.616424436338121,8.14540540432802,0.005567639826082882
0,0,15.84982675207978,9.569659632134249,-1.0577357659815192
0,0,37.34466178904412,23.626472130378687,-4.470137247906834
0,0,26.708251477640843,16.921455198250996,-4.8342835046143335
0,0,21.062369938144155,13.609866314906705,-2.3741313119296166
0,0,41.621068677179466,24.415696192935158,-5.490890864732094
0,0,24.123338773206036,16.435245545037333,-1.3547765922763801
0,0,14.881687970654554,10.266749297771522,-0.051129329485206654
0,0,15.284409098170125,10.405961396712287,-2.5315572043953694
0,0,17.515680341937347,11.105975147595801,-2.6618961176909437
0,0,20.201383174489102,13.027976873050328,-3.123906889057821
0,0,17.879366069075218,10.394944125391833,-1.9486667291818236
0,0,19.134692554400132,11.388212420263624,-1.833299346334428
0,0,34.327940305571296,22.965354137374344,-4.878910822432502
0,0,15.786152702624609,11.260061267248293,-0.3439568107262403
0,0,29.819267913347108,18.775266072322275,-1.326973510982441
0,0,18.620647090499155,13.944922386863468,-1.2935165536182467
0,0,12.775773805282013,9.742821692154893,0.20177129497102442
0,0,14.694816079735117,9.92277797096619,-1.6099337710993922
0,0,19.872809636482007,10.933698554969647,-2.20731282416601
0,0,16.06266371987175,10.611588481243531,-2.664335860973111
0,0,39.999499207526206,25.753801557991622,-5.9221383884678005
0,0,47.47352548929145,31.240459029907104,-6.608934449163925
0,0,23.583748313861733,12.719584851862228,-2.349325867432867
0,240,30.064121152865994,32.12872723454788,-74.1330595862969
1,360,76.92841458710326,3.3379133992806946,34.34911772062897
0,0,19.695197002097316,14.791789883700808,-1.3193295371496134
0,0,13.340735528362599,10.131607390243136,-0.2334106270609908
0,0,15.858945368661205,10.23378342416189,-1.2084086488847134
0,0,20.1224961104752,12.106053863127833,-2.3525566537587395
0,0,18.887596429351138,11.556474471377292,-1.738124378023656
0,0,19.01050839483185,11.540822056496186,-0.9775906155011
0,0,16.47511566141262,10.441682997010258,-61.17712990723841
0,360,30.274516684605516,4.11641851624588,-45.99171391018808
0,360,35.69323620380974,3.9076930002630355,-13.681837655210856
0,360,56.64408877033844,13.604824011318994,-49.4507182358486
0,0,29.898708345020488,20.38803680151564,-2.918885185667804
0,0,15.414146237856189,11.075302190747555,-1.162245042207985
0,0,13.077881294033826,9.498337593345669,-2.6689655444709928
0,0,14.263957769401257,10.070420677526084,-3.3448660280862157
0,0,20.187620681801896,13.078337919165543,-2.540916492617697
0,0,13.170407675873856,9.08981520038169,-2.03287534287621
0,240,23.227079876943883,20.812786423516574,-73.9200730682606
1,360,34.28675577963237,1.4586293999091777,35.25880056734947
0,360,29.579231362425666,30.548794172865666,-73.89832504415949
1,360,59.806579428960696,5.209590004504747,28.71776556019725
0,0,22.492652525402114,15.821858259841902,-1.6989302769003984
0,0,17.744471211885287,12.208608879909145,-1.5589489652405177
0,0,22.61573730337449,14.582326478222557,-3.1959084595725358
0,0,19.176255797076113,11.349151825972113,-2.419495548793762
0,0,25.56846301200872,7.286645030783312,-16.98332657564015
0,120,29.167547884943474,33.37421707760127,-74.34859499008793
1,360,41.77038234683878,1.1549090645419429,27.30094085477441
0,240,25.292428148329037,48.67286765837958,-74.44381490994009
1,360,42.46787930122577,1.5182743814597515,32.44748355064286
0,0,31.632896406315872,24.975601811046733,-8.842827514427427
0,0,23.470824542713054,15.431990558636764,-1.6829678609553582
0,0,18.61691875291304,12.437065103120268,-1.0204235146253922
0,0,19.592426884049285,12.547234998608367,-2.4784990330851144
0,0,44.27638408765977,24.352675146809,-4.492253146054992
0,120,35.585026169135816,35.17172293270555,-74.22349727364315
1,360,37.651488529562975,1.2342311286546013,30.902509872140158
0,360,24.105107055335473,51.965262257264804,-74.4342405243638
1,360,39.79837488212139,1.472777330313132,33.34271945335469
0,0,73.20551140232195,59.679178061842904,-17.42121053417408
0,0,84.97754245681901,52.67406446575663,-10.444581429930224
0,0,41.38223445997662,26.491727683713172,-4.2923357519890715
0,0,25.75264803636893,16.050091883453454,-8.341401982561962
0,0,26.30186268075432,4.783001470305472,-22.159995521320347
0,240,26.758010444655532,35.119127437445286,-74.3761642062715
1,360,38.69336768808281,1.1775303966336157,29.82137885415817
0,360,23.685031141422996,48.50301571075886,-74.4366218338948
1,360,35.262098452,1.2238113012752374,33.07634611684885
0,0,20.624933722542487,17.810029125126626,-6.432973169168889
0,0,113.29494296588246,85.66917470127625,-16.58822971900166
0,0,45.67350689925661,27.52574508945928,-6.00756687380327
1,360,59.48155222389424,2.515884249059534,24.525895243313798
0,360,25.987667509739826,14.144034910961748,-73.23531491919523
0,360,20.03596117448978,9.494218796324525,-66.07766029820749
1,360,30.37537667309143,1.8263740645661395,19.71556249455682
0,360,23.711254517817643,43.024309834665964,-74.41500752599241
1,360,37.8156493660593,1.1023814586374079,31.266239790403603
0,0,21.875404912223942,18.661165462386087,-9.93219370683282
0,0,31.18091452652222,23.242854124260194,-5.72704219358404
0,0,20.403095797737883,14.853210466883231,-4.621967551684492
0,0,47.99208062385255,27.928267155242466,-6.147685577149687
1,360,58.47607399446961,2.842470793688696,27.610613389461875
0,360,26.57330882125109,44.46501952654162,-74.36665838643272
1,360,33.753728518109774,1.4296772753292797,32.56553215306997
0,240,24.486677036929816,47.08155665767127,-74.44473191162633
1,360,43.12115831891591,1.1313356084510044,27.025990946321073
0,0,48.63811990120042,40.568010602628796,-15.638128736132387
0,0,96.93531384810127,78.10024731436191,-17.522926179440937
0,0,48.407290211536996,38.74219515034892,-9.949621634100922
0,240,27.32285175052118,31.8813909022619,-74.0177285029576
1,360,78.31141457358346,3.3672352610910483,34.0781396809319
0,360,38.47834850297589,21.437240290070342,-71.02109254435565
1,360,33.71205129272653,2.0597581216341836,27.172691960467972
0,360,24.60836460752278,46.91057198803755,-74.40354829821644
1,360,40.02562330865968,1.1648889759405123,30.286295667864522
0,0,43.14527853051839,35.34273577950377,-13.328120676526908
0,0,92.69306132666951,71.57621371869162,-15.718902557663327
0,0,24.344683998566317,17.012437853571154,-4.303277126298823
0,240,26.478695820495755,25.86479986211609,-74.16394168554326
1,360,43.922787668545865,1.56377152066001,36.40935185749305
0,360,54.027545864636814,38.93664576258027,-73.39500413152747
1,360,58.788375581798846,2.7108732212401603,27.23190361398136
0,360,26.18368835134827,48.35249893341972,-74.3806406577061
1,360,38.264024244697154,1.1807521912335528,30.695681259902955
0,0,19.198226883117364,16.554922415828553,-10.53193756226166
0,0,33.88324964218126,24.17685809346311,-4.848618037243114
0,0,14.827108638180894,11.02231151075515,-4.4491621170953835
0,120,24.479299414280366,25.732539069658078,-74.21983388565278
1,360,37.21995735357008,1.2831390255642414,36.036254324238385
0,360,31.46954815621652,22.15832774228523,-73.61582737508563
1,360,57.59510900371973,5.08818833903142,27.660032762771095
0,360,36.24401902963544,43.34946867759125,-73.83182863882705
1,360,42.34654654776995,1.4160251749669295,31.328965340384798
0,0,18.567415327774324,14.947851927014034,-4.421234134268232
0,0,34.867880066760456,25.235226204772232,-4.935112348995361
0,0,26.902292329318197,18.135228824940434,-4.126599744180012
0,120,30.29396544364078,16.9850003396369,-73.71191347406005
1,360,31.715004401025467,1.5940691928985387,22.40819807440137
0,360,27.835150705197893,5.833608533866951,-62.74132176831864
0,120,21.799718556167353,7.659476818330272,-56.391148794074155
0,0,44.90024453629024,29.82154719249054,-4.305358818519096
1,360,61.42478824718032,2.57692391219934,33.92585140486577
0,0,33.2655957358046,26.102865907280773,-7.35753178849545
0,0,128.39719574803865,99.54037576379375,-21.34918889167826
0,0,42.61823352269659,27.325492799056878,-5.570257462322132
0,120,30.737755275957248,22.209322774601752,-74.06635927270618
1,360,33.525090237915116,1.3132174442414855,31.184903911973194
0,360,23.86570292459629,7.320540750821524,-69.8337038888937
0,0,11.141722309967546,8.706161268378455,-5.37631868831285
0,0,19.016264521548873,13.841696753566996,-2.2775657732156986
0,0,82.04060519157214,44.47282741882525,-9.009113088982645
0,0,28.432620480234334,19.373461639276215,-2.8763187431477064
0,0,41.99140584681564,30.07077421251464,-5.416008232184524
0,0,31.650696092957272,20.95518395090434,-3.817984709140447
0,0,20.277703789158714,11.147786537571863,-56.06372775151667
0,360,25.54183518084635,7.84321869919247,-63.44416559434084
1,360,26.90686082976272,1.7030489554009642,26.93845162507425
0,0,12.413937539491101,11.937836191048255,-17.104934871763916
0,0,14.865547467776203,11.045487932987522,-2.601960035284918
0,0,16.366863342831156,11.668095490837267,-2.791002669192139
0,0,35.31007046431365,20.813900830372646,-3.9483569295115615
0,0,57.55529227026801,36.83923343937781,-7.731078967269696
0,0,26.199201030121266,19.35212729917319,-4.485425195572503
0,0,15.532987917628983,14.965238646370265,-31.001575215244692
1,360,33.75548238105709,1.5621950083060983,22.623919675803563
0,360,21.760225386529818,8.399422542317534,-69.4430883951824
0,0,10.653067413325855,6.265999098451836,-26.001467076918964
0,0,14.765471570010444,11.455553730137122,-2.3065512556907493
0,0,24.924183112900455,17.19376354257727,-4.784814170691817
0,0,31.433948782933715,19.240552772034647,-10.61880241522912
1,120,321.8323065503555,4.687589364725529,5.2997606014938725
0,0,48.01231439282335,33.693182579768916,-8.753377199722408
0,240,26.12175345739431,29.577707646319308,-74.07690990688089
1,360,38.70044196965646,1.2033290562374952,33.811133509991095
0,240,22.05176557525945,15.939890993084406,-73.81740270689922
0,0,20.280841990470105,5.341653556811242,-22.73256912989023
0,0,12.708843894946657,9.575776190118617,-1.1388051878077334
0,0,16.259864834029642,10.219497601759153,-2.895578559569657
0,0,118.58256398742107,69.80366719590361,-74.31065372615365
1,120,279.27228142245747,2.3793463391373297,5.271732697440157
0,0,47.68102181571869,28.618554148939737,-6.6630084862776755
0,360,43.930817934115964,5.761982181701744,-23.54269296448407
0,360,29.0481381300651,4.077134265711132,-29.75032414563774
0,360,21.04853206979569,4.877734858435463,-48.121355829060434
0,0,14.603441474767722,8.851135597459969,-59.79649333937276
0,0,15.379938556660507,10.24842709655381,-0.5777308470626394
0,0,19.485080911833677,12.327217836165724,-4.0078766734735325
0,0,193.50141196933143,62.17131864712718,-74.16896360539246
1,120,465.46598994109655,4.091124227886595,9.703680414702973
0,0,24.761936082827773,18.204837692127263,-5.076559171978317
0,0,30.1867500000093,19.02446209746542,-2.5713841399535795
1,360,66.85367428850053,2.3438323693202863,31.83435025085322
0,240,23.822952055647814,18.07500999782404,-73.88828614848012
0,0,16.024527312136854,5.956767397761562,-8.745874780960548
0,0,42.70755184285626,27.822346376161335,-8.683827862643156
0,0,18.759373237397895,12.047312928289593,-3.448917332024223
0,0,125.62159181277556,49.83946989397548,-74.26209666132023
1,120,608.3200904439102,5.229122767152397,12.027015467902629
0,0,17.983555455671812,13.568413479348939,-4.536734745417732
0,0,16.93188481491152,11.25339877670169,-0.16299946940256405
0,0,61.47695555849373,15.217407362368418,-7.121284701801386
0,0,23.601198698658283,11.19792005308372,-13.622047291260238
0,0,15.896879549012239,11.317851927213688,-0.9872246870965142
0,0,19.455167804898927,10.85936578615398,-0.849882961171943
0,0,16.96255351688961,10.394100219314984,-1.9365179733843263
0,0,99.22296884413544,49.029765259400406,-74.32031368879605
1,120,401.0353453362491,3.123187908331611,9.721741176406042
0,0,17.999194986167414,15.859252174853092,-23.505730437420944
0,0,9.33015102102189,9.548171726484687,2.2691747798417197
0,0,24.318363185341266,18.58851064371654,-4.461602309803723
0,0,82.92653762224198,49.58823102440591,-10.77359704872844
0,0,24.628756481539146,17.021157277126434,-1.8892385796775386
0,0,14.258172227792034,10.206254334443004,-0.3586785381079949
0,0,17.593407356140187,10.910499591005674,-2.7400261901021423
0,0,108.35896962684961,49.60055571615928,-74.29811071736549
1,120,418.14178179832595,3.2664536446006083,9.363556886217395
0,0,18.690106681563552,13.530946303710042,-3.742610797228892
0,0,13.357768589376086,9.397981099824658,-2.6070893249156626
0,0,21.8174281597014,14.960720438042298,-5.6971074594565465
0,0,135.26354344874395,89.41514838802308,-16.320253479486226
0,0,77.73595633006505,45.475542812525596,-10.443065957993866
0,0,40.048236007037005,23.678499855774223,-6.111930431574322
0,0,19.433685741440467,12.993418989646308,-3.147554912680093
0,0,84.24055968651753,42.13233069746021,-74.26397808824362
1,120,459.24447550715905,3.769139894757072,9.950577438795946
0,0,18.077111358738776,13.647564543294523,-5.279961318820952
0,0,13.175149908025425,9.494187801443571,-2.9682046377504463
0,0,33.47474664991799,23.285362194628576,-6.319712458848414
0,0,68.28676783639416,47.11274596105903,-10.497818626771434
0,0,57.74675380358574,45.025666204079606,-73.4682154254337
1,360,86.84106412224811,3.332944356320689,32.14853589427423
0,0,32.98437833580576,20.395619276483245,-3.9928635091809497
0,0,122.05455814175221,52.38555284298323,-74.19208174076535
1,120,311.8520101168779,2.6578069912254336,6.935154663276251
0,0,14.39931591114331,10.981961811187654,-2.826075019719255
0,0,12.420897838357487,9.049636677088545,-2.681064339655208
0,0,20.99000562647519,14.899702788312261,-5.034413231286706
0,0,81.68558950390967,64.87359888983777,-15.209171073838974
0,360,27.041121428339633,24.814439700958566,-73.67613510460586
1,360,44.56371243151278,1.8982246012964192,34.89228950827973
0,0,97.71767644334145,67.84352838272414,-22.46698267304366
0,120,232.32245132013875,89.97469615614547,-74.11223476016904
1,120,431.4556973795115,3.997947628095363,7.635635768628433
0,0,19.73527479271729,13.907087499227814,-3.9302045733507924
0,0,13.291379177684872,9.911259850546703,-3.166706481106573
0,0,20.371741361085423,14.811761857900139,-5.757668049528661
0,0,107.24061542547612,81.82281141284011,-19.105636774512703
0,360,26.219944044413246,29.268556250547867,-74.01985117849345
1,360,41.50314805121862,1.4097132259574652,33.462874728308705
0,0,80.52220110258082,65.16437032120426,-18.450082750658396
0,0,125.11542034782987,75.42289259137019,-13.434070483769801
1,120,387.88465299187106,7.266750543786363,12.517811879291386
0,0,19.291624681138764,12.893364696214588,-1.0458451400193383
0,0,17.14033528690444,12.382292921902197,-3.6309155194580427
0,0,60.121557771479964,44.348726733207144,-10.710584225220849
0,0,96.23813678066693,73.88406437726412,-19.018717797547524
0,240,29.87711965257781,9.419038599286447,-70.79050193584712
1,360,35.74446959229586,1.6861289203318042,29.733115104018694
0,0,101.3078816956939,87.41313267296009,-24.844300168899366
0,0,93.0404806184218,68.61754382074042,-14.1236976458855
0,0,78.84254457455927,44.1296295551855,-9.430714050969627
0,0,54.45407650895602,38.51628191623414,-9.21162427155501
0,0,138.651947833171,107.92685794331354,-21.34017516436449
0,0,181.8730726632223,141.84151303607163,-29.640735540393813
0,0,114.92221157089911,89.0657571836257,-21.235166282005153
0,360,25.36029749678397,28.950537501107508,-73.98193302459545
1,360,35.04691013126294,1.3522807681958067,34.70998323039731
0,0,41.21839718729448,35.13224672523763,-12.173389348405024
0,0,99.53213406858404,77.09010160238228,-17.32772173656172
0,0,138.73123567509109,102.95160473625157,-20.605283686611223
0,0,91.83804394769992,52.094161513997676,-9.521396727469053
0,0,216.20238443814233,140.02971008769885,-23.16980776383587
0,0,174.0567710189779,133.82098459824377,-24.859683874407168
0,0,109.02481983409294,89.00143998793243,-21.097991091458205
0,360,25.650835740748104,35.29632235413534,-74.09869709281689
1,360,40.35205139796708,1.3648652181844316,33.13945469819858
0,0,89.62777217931601,76.80221551266082,-26.931721206160184
0,0,122.14786953352778,97.54507184931524,-22.832311330932278
0,0,164.10747788187723,126.01430956812364,-27.663981424947025
0,0,234.51936137374165,135.56078925587994,-38.4403275022353
1,120,398.1773355804929,6.1417068081151145,4.860598483936698
0,0,142.94412478038606,97.35390669446487,-15.758883538445843
0,0,118.55906148855475,91.09984978275828,-19.18803015259101
0,360,26.788940203801882,29.47031038381825,-73.74910589800776
1,360,33.99727647178737,1.500506389846346,34.22692238729907
0,0,42.1899232773994,35.16731320646091,-11.099294450127545
0,0,151.02021875252447,107.23040860373959,-22.981756015425503
0,0,421.4395736073366,131.12138682159383,-70.77410652792025
0,120,569.2763509442707,92.50122415298853,-72.3262243139114
1,120,337.7362622193721,4.87700506987485,2.6484008149928684
0,0,50.873519341244574,31.70497931074501,-8.853365040446448
0,0,111.16940079447532,82.70249685317344,-24.33821997322937
1,360,36.26470505257379,3.5021897904754935,1.2190110153284763
0,360,24.245471244043497,6.632383246331525,-55.71463837463839
0,0,26.979370377461912,22.281842342881685,-7.240419947567474
0,0,164.83233436287003,113.17429128860329,-25.305586511373576
0,0,506.0966922897182,78.9136600637855,-58.96901443673852
0,0,425.00262891419015,153.87319609121172,-74.31711035478635
1,120,236.7835727006939,2.059435845315187,5.137088844633041
0,0,19.658895348263282,14.857545523641932,-4.299763229831001
0,0,39.22290193115687,23.396467571978157,-4.085615387747325
0,360,37.4980530981344,45.91966000854728,-73.808613932451
1,360,43.443861747498715,1.6078677264626626,33.600316375459855
0,0,41.84224660534037,34.015284200345675,-13.118298590876947
0,0,165.83599989956295,122.98180422831022,-27.299714430090745
0,0,292.93982283764916,165.71256436318976,-68.10155121144398
0,120,607.5609509060605,71.69267557501311,-69.67375342418781
1,120,417.14602886763436,5.681644506916051,1.2609446234136072
0,0,42.003627734523974,30.934308502155172,-7.562033068830402
0,0,22.635553748562227,16.08012592309661,-3.890277716566004
0,0,86.21937302191726,48.47974137287984,-8.597520903190741
1,360,65.54343939159548,2.8108246680214473,33.30568198537162
0,0,53.26261159302404,40.01971397629223,-11.751913287951268
0,0,174.3901446997056,113.15444329392777,-39.826957262003106
1,120,927.5481495135028,16.815216017210986,6.453942362869611
0,0,414.44921272112396,179.70588525666085,-74.44183014651382
1,120,416.69198059166376,3.4865926732797234,8.097721480915226
0,0,18.989844433062654,13.903144105055697,-4.34794191457695
0,0,19.476306081804818,13.486798322367616,-3.284147229405363
0,0,16.154794839097864,11.337621025828602,-2.373506804263542
0,0,41.35937541187714,24.339352983432242,-5.539623279608634
0,0,165.29819271805815,91.40639479081325,-25.48406663895514
0,120,416.45404352867297,13.663281765653984,-31.859786140126786
0,120,609.1321767877166,48.6684945624488,-66.91867488408099
0,0,402.1802611852775,159.4497274470242,-74.29046817469606
1,120,339.95155658059883,3.0806287668525667,8.417527693330968
0,0,14.996895072810114,11.469948739052306,-3.1409434581885165
0,0,12.74775703967866,8.937172455980837,-1.1912555049896838
0,0,21.059448671662725,13.167374941276808,-3.4364688125470053
0,0,87.34561041439986,62.738987074059175,-12.117291906453175
0,0,36.41142653485814,21.811783840360825,-3.8206659287201603
0,120,253.9019663164493,88.34517128493896,-74.05170451726633
1,120,811.967742961055,10.066556179414574,9.867251462602965
0,0,409.5865192322798,178.72621033037413,-74.44236922348277
1,120,385.65668081210697,3.2553824844530426,7.568480377602498
0,0,18.791944715215056,13.834141046905668,-6.736975174248343
0,0,27.145934042964672,17.244350006008503,-2.7647067330656796
0,0,28.97815642466419,17.04221688987556,-6.363003330261165
0,120,26.709244230252533,8.308351128929193,-58.02926570928065
0,360,32.03502739755672,20.262670961211374,-72.89751520975629
1,360,73.84902099894077,3.526471814200029,36.75521252973769
1,120,466.83469428996847,7.553346823802712,2.5805459753809146
0,0,385.86585011052796,150.23587355078632,-74.40115779996587
1,120,519.5974806810385,4.54342231140701,9.438239676311824
0,0,18.214054227798005,12.93233230586324,-2.9533663356043576
0,0,14.765269342626581,10.02275266390819,-1.673966623794911
0,0,36.900526331744324,21.044776063156306,-3.5869085459215313
0,120,22.78087434660564,10.37757360790519,-68.2490594017493
0,360,25.984316050460002,6.6112574172458185,-58.89136211269187
1,360,36.412559008207765,2.8498547957538394,19.547919656673983
0,360,57.38892899371835,19.897480820677476,-65.03382487804386
0,0,306.80994461540945,120.97955746049831,-74.1491729249279
1,120,568.809065966811,5.550709802262435,9.37454822114043
0,0,19.302686519036026,13.631362673705619,-3.7948029845755116
0,0,22.883061682102,15.682186873119747,-3.7940285950695767
0,0,36.98097973876777,24.22727549390733,-4.4365637157783055
0,0,17.088258058698386,9.343272317226718,-19.205449753090242
0,360,23.59525137514197,27.18489438362259,-74.06778428861028
1,360,35.86064003217091,1.399459996063222,36.77618766054914
0,360,31.998229367416837,28.671400420964066,-73.9361013177221
1,360,64.2680832031144,4.075657782291204,33.91859046240147
1,120,711.4658807876517,11.234327767337325,15.138221065861416
0,0,33.612195087436874,22.089974167776983,-4.504260346781507
0,0,16.08871244534397,11.254682246544776,-2.3239042420389353
0,0,23.52922045744942,14.883917940757993,-2.8061157547113
0,0,16.775428841740347,9.750898676359519,-8.303648412455132
0,240,24.302082042509593,28.193873560991833,-74.26922801844383
1,360,35.55512225435488,1.263018064607604,34.3312734549168
0,360,25.061004645529366,50.33904538517088,-74.41812733210178
1,360,41.19075086548975,1.5518804050254231,33.56013971560863
0,0,29.466462019461027,22.784101708995937,-3.3036068882804557
0,0,28.679580561406915,18.577652573375524,-2.2803469140219903
0,0,21.30988338697621,12.549487762910337,-0.9674569377728233
0,0,40.34249891172573,23.851656984791077,-4.793274167874998
0,0,31.07428554230394,19.05229268284448,-3.1462975705790512
0,120,23.053127558207102,28.233127168860186,-74.2040407373064
1,360,36.91179223545621,1.1989124618090157,30.505880890027555
0,240,23.911268431041982,47.723556444560714,-74.4467129345119
1,360,36.46018171867656,1.226895732198225,32.690591894894936
0,0,16.90194229308457,14.512635897258667,-2.3773954053310007
0,0,68.48895109791812,42.66098784013858,-7.932045534214623
0,0,30.346152977692576,20.350208958171113,-2.33261404228854
0,0,17.760175087457572,12.025460128359724,-0.7917038269998073
0,0,19.46568914415205,10.549323287555149,-3.6321062474080463
0,120,28.251952373922563,33.125714210704885,-74.30465750929248
1,360,35.86016204017269,1.243069864890822,33.03868414119971
0,360,23.50766853362199,49.17473113533257,-74.44152164948471
1,360,35.79935042741455,1.1754142915794823,32.84920851531068
0,0,18.583988781097215,17.176175356494845,-12.878475156948454
0,0,87.44573870744235,66.99555352332186,-14.145197363136454
0,0,165.4640780026096,95.30165109509402,-16.46829094003855
0,360,43.46193719875448,10.37215795688782,-56.0898967044177
0,360,29.731756770626863,2.943534534038717,0.18122915614139856
0,360,23.68606801637298,37.22273310140539,-74.33746429562869
1,360,32.9385867023763,1.3413356128057503,33.4993209957012
0,360,23.716460953736714,49.34893927258537,-74.43223359416804
1,360,37.16811360607085,1.2038404717732145,32.69352291754109
0,0,34.34843880857188,28.500469287942902,-10.59267717786473
0,0,95.83913112172215,76.8331314975529,-18.486662246352992
0,0,184.604377770835,138.10158053339413,-27.497808261771702
0,0,162.68148803044943,95.22230419985515,-16.268873152105506
1,360,58.002553059863864,3.056591532244646,25.8961233500781
0,360,27.160108344142653,41.85219614569339,-74.33160088422589
1,360,34.228517969941564,1.4209536251993238,31.21803612535102
0,360,23.861937818394928,47.48180764399556,-74.42992834771917
1,360,35.88442197251311,1.1174947210864878,32.084777824951786
0,0,16.451442188485398,13.92891493970963,-5.025674287346021
0,0,25.461843219944257,19.154627917742676,-6.83456490553462
0,0,77.76269446707316,61.07555380309042,-15.544540017293457
0,0,141.33804225147514,105.23395506094937,-21.27652950642193
0,0,167.82256405905687,97.32326121035202,-16.48274621081611
0,360,45.86412275442364,31.040032041084785,-72.42361654464828
1,360,40.317040322528236,1.9236396992485092,29.729259810026747
0,360,25.471075819232947,44.89794757053939,-74.39939676966362
1,360,37.06413563901193,1.1625048356090495,31.091710714656116
0,0,16.126078550589426,13.564946279256914,-5.0680283972596385
0,0,71.06734288843876,55.094212395737166,-13.614361683582999
0,0,102.26806466799489,80.41522116012064,-19.664779304877392
0,0,143.8205562008759,110.86209571126452,-24.433532333226687
0,0,190.1238469726794,129.24469749880478,-25.2568707500348
0,0,117.4583488687771,39.983517590772394,-10.540489153902541
1,360,58.296040146770856,2.7164567024935975,28.794147011143423
0,360,27.141825150210746,47.49581169475327,-74.37072295554567
1,360,37.38873632814151,1.274280389205591,32.7344073527472
0,0,26.287695733299387,22.039628619102245,-9.609464798539818
0,0,24.355234752711638,18.123476129626464,-6.826021640662631
0,0,124.89535283184945,93.54222949553125,-20.52270711961753
0,0,135.9063176730578,86.46675751968237,-20.205827766463493
0,0,103.49691591191072,12.933026872968226,-41.025002360152165
0,240,46.97886260091828,33.946937670128555,-74.23316032629745
1,360,82.88323154720327,3.0605261210528556,32.41888942630521
0,360,37.46780723523165,46.15537889590891,-73.84599858766467
1,360,45.002707636400956,1.614297931509398,32.41623318703215
0,0,47.73568571600742,39.25933065046224,-16.83086760081197
0,0,112.96413573449907,84.2539371661108,-18.982954325203274
0,0,144.11374913886092,111.20395234187394,-26.94190900788619
0,120,83.85783517040441,58.755451713392254,-74.27297151905825
1,360,39.774423806149045,1.3049094072879406,32.879193210051454
0,360,27.40073319290806,51.489665533060986,-74.40567207965128
1,360,52.02980036924605,2.4359151668069883,32.24328619737207
0,0,253.34123022647603,161.38042675873152,-64.1502714320722
1,360,66.08308500386266,2.8048578012234993,31.7354115830082
0,0,35.57009443448373,27.1849958214148,-6.903260748803561
0,0,101.98981449524653,81.24835228926302,-17.459438730107124
0,0,113.12741044736792,86.60139364710794,-20.602806472869105
0,240,32.98021980542125,30.08093208031777,-74.22374408427702
1,360,37.226766901113955,1.254475540813215,32.425925546009736
0,360,24.664723540974425,51.8936640822641,-74.43335421137458
1,360,46.69249391792324,1.6126124087503175,31.832718204152528
0,0,170.40936850874618,128.9206713778925,-50.699712751088775
0,0,273.46881143644,118.55067460952202,-30.125507534497117
0,0,30.60810913859392,22.071009527208613,-4.440951922978641
0,0,87.4330241202897,67.07696298700232,-13.594864554247948
0,0,129.86443998577434,96.67026105844083,-22.07979208345776
0,0,72.94413802397227,58.79031250131467,-74.1590593041257
1,360,38.5170805622778,1.3506626064706149,32.583218210173385
0,360,24.421668286741152,53.620180389120925,-74.43579343423369
1,360,41.72538123863714,1.5543113898928713,32.796366839991336
0,0,142.61244245595978,124.85338784889143,-39.82566869451876
0,0,173.57747005805524,135.93888172003952,-28.431438895794194
0,0,87.21292718941707,53.04242453729705,-10.813840322730712
0,0,96.67597009731328,66.96520108171983,-12.415257004093831
0,0,101.52096317477725,76.9380688935929,-15.342565911313919
0,0,30.37445010398719,30.575686458666794,-70.0504772652902
1,360,37.139831187222335,1.3666042775560667,33.58500344748754
0,360,23.839633976385684,52.68510427880869,-74.42928969105128
1,360,44.63889689597124,1.4786539421310334,31.87167082897824
0,0,187.17231256717918,153.46034427692194,-69.14327475485014
0,0,142.36401898390034,114.043252500127,-28.287822949517725
0,0,93.17567881668752,70.48623646424366,-15.694996404205739
0,0,78.74051166724696,46.06121644757465,-9.053170023132452
0,0,194.87904373798548,132.60799147901105,-36.23066533441575
0,360,29.03877500219228,27.824885138683005,-73.27098731750485
1,360,30.620483616055527,1.913452949851764,31.6848847494378
0,360,23.254064363674157,52.62803424982544,-74.39782058712525
1,360,42.138322202760804,1.482452752227797,32.730893456279375
0,0,135.62036079855355,117.39723674518166,-39.490453796288584
0,0,177.56780608897904,143.04254776668952,-34.07710060854805
0,0,93.36256633426844,69.4770262341255,-16.93269982084317
0,0,97.37699316190253,73.1647858990103,-16.775328052375144
0,0,255.87508787020866,141.28805717091467,-24.00097334339221
0,360,38.48498891488962,12.507895450388283,-64.67048111368727
1,360,30.747022805430426,2.721837308162617,18.100410807924362
0,360,24.458902024971717,49.92488615044818,-74.37652685982478
1,360,43.84826136230034,1.4947549022495632,32.60608351752083
0,0,146.68652268497172,125.47189915145162,-47.68346978883429
0,0,153.48806937816448,122.49016906207163,-29.12917633080007
0,0,98.4101471280241,75.36637483481118,-19.535206454318867
0,0,196.10855681697575,145.88575891537553,-31.132663537739575
0,0,208.42757249934343,151.34563681014788,-31.159987829822846
0,0,46.54413990912189,28.14328427984415,-6.015835355302187
1,360,59.06332760975948,2.778418111127189,30.634937480915454
0,360,27.9074102263134,53.19126759106475,-74.37371566458707
1,360,46.00395012134905,1.583257967093508,31.765329663597925
0,0,158.94822344989132,134.63864082864143,-56.0594790176951
0,0,126.70210375533613,98.80763423634065,-24.465294793123576
0,0,120.77014952019714,96.59937858341848,-23.118864591821406
0,0,210.04315603843438,150.65278287676443,-33.99657659008354
0,0,173.21328427775,136.27594823268353,-30.457474992863673
0,0,30.158941896297478,21.731833953801594,-6.673758344903163
0,0,52.540108303407095,30.678998032314997,-6.854074525022995
0,360,39.41786383664618,49.43377507946932,-73.9150505954619
1,360,56.10733684809126,1.9193335240834235,30.96944876717518
0,0,192.44835882863782,142.0093362278482,-62.23296420135968
0,0,150.20416139827134,115.6587282371126,-29.384204444705425
0,0,32.48556059390961,24.233567454740726,-9.747114614912988
0,0,180.63058761677263,126.06882674600296,-27.402783175300783
0,0,179.27912039472886,140.583098327661,-33.10972574363497
0,0,21.312357914782382,14.848961350476264,-4.301928189740082
0,0,15.046340587379815,11.201618305924665,-2.4810803314382497
0,0,36.55345266497535,21.337470586000094,-3.9348425836175664
1,360,88.7057844445343,4.080474668562896,29.839173159257044
0,0,109.48505994487121,85.1943556668127,-26.227959353868847
0,0,100.60506432268055,80.66121907709275,-19.395091914356897
0,0,156.60813640851396,122.95104603553936,-27.783545499310485
0,0,189.66726901597977,151.08310453304574,-33.65313900758329
0,0,166.37251282581101,132.24493434982998,-30.46546452760507
0,0,26.62963282451825,19.33652560318819,-5.9253275409492545
0,0,14.598360971355874,10.015885184489832,-2.092561622215811
0,0,21.185655105069632,14.267759431433745,-3.478860392920595
0,0,49.529207291727985,29.144959936174356,-7.214623617573878
0,0,214.20218647611455,131.52123205674928,-22.722910077988175
0,0,88.5251034692072,65.2029674011397,-13.822077096706046
0,0,39.45165787092032,28.41861744277976,-10.295586390956586
0,0,189.97990519770775,137.7757961574169,-29.5371047382843
0,0,188.88350921336018,131.90260434285693,-30.521928347387693
0,0,18.570467122839883,12.910394974439864,-3.485921492931766
0,0,13.596248908657168,8.289034978233655,0.07587887625793144
0,0,14.882765291081311,10.2398013620705,-1.7965283349555676
0,0,41.5888299553303,26.938347011942678,-5.515442342777973
0,0,36.56793582252141,22.22322679642548,-5.508959953204041
0,0,67.19355601412704,38.36342361652485,-10.386069225002856
0,0,144.36018710569698,100.9383012490889,-19.33765802599963
0,0,209.2530867414383,152.30623016063353,-31.643040346152205
0,0,181.9332261177675,136.31793220779215,-31.031738935516415
0,0,17.81214017138712,12.586798555286245,-3.859185561564047
0,0,12.372541594014498,8.405579252761317,-0.0429607692128684
0,0,18.57430025097945,9.280375250624367,-3.392428531934968
0,0,22.120006286728383,13.995286250695132,-2.8738956534033093
0,0,60.45586905189646,38.35034095904636,-7.201434015666237
0,0,38.63490558983899,23.497353091762697,-5.869438268219426
0,0,221.525494527118,143.61075719517999,-24.31144941127669
0,0,257.3003864716698,179.04668612855912,-33.8519156343125
0,0,211.04658625598972,155.6315976774195,-33.83219784560209
0,0,34.58808193531017,24.69324126328421,-7.530129053862538
0,0,14.421279643461514,9.654572926220583,-2.1543212670068073
0,0,24.146256651089917,16.205159272859746,-5.330425701624762
0,0,54.51660521604623,36.689074512027844,-9.100087202392913
0,0,37.91616005270036,25.29015476925329,-7.242813893620777
0,0,55.74629110752817,38.49617750936165,-9.225650713735206
0,0,63.280022266732594,37.47914248066116,-8.777537319630866
0,0,327.8393570052763,188.67672801536386,-32.96093887388334
0,0,217.72441391259707,155.29643594109587,-31.322193287626334
0,0,22.96014340710724,15.859418420123657,-3.4403657403833563
0,0,16.731705442918567,8.162756197799512,-6.123937632300837
0,0,60.04851324042892,15.829349159024876,-38.12440989088702
0,0,25.397568003629782,17.315015516864175,-4.671403578531482
0,0,44.03695789575144,30.372796785666964,-7.061186247402162
0,0,19.68263132783642,13.070142590870008,-3.9776088685908064
0,0,25.537314479601648,17.063542776829234,-4.293659708241165
0,0,42.20539918755715,23.823082522269154,-4.435106531224122
0,0,283.5855341399325,151.9468473337036,-26.19072204343265
0,0,52.96699560329421,38.496476187305376,-8.523087916162737
0,0,15.425368019229781,10.478676091856402,-2.0588548617851927
0,0,17.35606042942411,10.414631510229688,-1.8133817151708769
0,0,23.799339250935752,15.275269169674182,-4.610210154024401
0,0,58.18240306448637,38.14473782510494,-9.05446067230902
0,0,71.81138523286779,50.25955196867658,-11.434209584678008
0,0,18.990006214969743,12.94468235706466,-4.029742768555252
0,0,22.926619622155165,15.33852831284039,-4.012065038220726
0,0,34.971810234619554,20.990754803372223,-4.517716405293342
0,0,27.227082376816305,17.65237788973546,-1.8504275099228096
0,0,17.25160079350545,11.58208962719735,-0.7982903011847498
0,0,19.352715735372787,13.234926875454963,-4.382498005433433
0,0,68.39661039758509,45.210029391419084,-9.917771743130785
0,0,51.292244008546696,33.645202504054154,-8.909516606396025
0,0,68.37788046497792,44.7561262661657,-9.166122643004343
0,0,38.260123094619374,21.447665840936246,-6.640417962303303
0,0,25.244253908631524,16.658081832788444,-4.166376719124941
0,0,18.946264431840337,13.222593730552244,-3.6964471905521634
0,0,33.70213112033271,20.304880353636033,-4.584888449857033
0,0,24.828130620858175,16.994504497223573,-2.060028936197426
0,0,19.680094293384332,13.71698744119564,-2.7114487193022683
0,0,88.17316163777943,56.01393758682847,-11.161986693033214
0,0,171.48502699409406,104.24048459492226,-23.402332784840098
0,0,34.35345772455319,22.242366135413764,-5.254760352802364
0,0,27.706574534538277,15.631872319325963,-3.0102464938310334
0,0,39.70033872328649,25.26870067620113,-5.452504460190312
0,0,18.012365504149134,11.262531700146043,-2.0465895312233613
0,0,34.89747144831179,23.41113660381813,-31.075017316775842
1,120,185.9379460309762,2.9118547718813437,5.137730005836886
0,0,26.05420215746127,18.155319143230674,-2.5136463245321607
0,0,24.825957595697037,16.771037040987608,-3.3265221562411966
0,0,164.17804420826056,88.2557144230766,-16.285672408323087
0,0,127.92577797822509,91.76857279246184,-19.9225136186691
0,0,28.733251709083955,18.665442755957557,-4.48116188990538
0,0,17.014176652697355,10.442813605735918,-1.9225706355085066
0,0,15.45278821405074,9.856825090873548,-2.0350153224786567
0,0,48.02243311573951,31.04963200103077,-74.20835127136576
1,120,192.91311412536854,1.6837102629738259,7.495046602840233
0,120,133.84843710742945,31.753852602574497,-73.58549035393656
0,0,107.11866863614567,72.87564310775204,-12.610007638069028
0,0,26.484078745768016,17.3409540056469,-3.63363837288216
0,0,24.45959327493837,16.303738491729764,-5.01248468543838
0,0,59.693762286796236,40.773802523572385,-8.715536198542324
0,0,19.53086519154009,12.927405528649988,-3.993871048215553
0,0,22.116774325448112,13.867318249249067,-4.033323279174127
0,0,60.79666263918112,40.24155842785286,-74.21077588985287
1,120,157.7557878425168,1.2778509642698848,5.593304184858681
0,120,55.86975276380684,28.31142869129602,-74.17540738608098
0,0,31.71891658168782,16.774119622784177,-1.456771184300763
0,0,30.040089185940108,19.55716688982456,-2.6206036708096576
0,0,24.483562735218335,15.738927229278314,-2.431577690440207
0,0,22.292052152764573,14.704387137130684,-3.980464950317014
0,0,19.608890031526435,12.895359639461361,-3.439499756419721
0,0,15.44143774252378,9.561329757878214,-1.780973930685704
0,0,54.65048342102456,39.045037678988265,-74.14333921016568
1,120,121.18762773144236,1.0546697704145356,4.245858117753016
0,0,45.49899569756806,28.870097331885937,-74.18668644990058
0,0,27.85955403513778,17.16687266563436,-4.143827828994972
0,0,34.46626383613307,21.21746545124242,-4.552755448744932
0,0,33.90022938870264,22.58214329128291,-3.875064709820265
0,0,79.37604247435704,55.803730304207356,-10.237015898647044
0,0,18.036875463073237,11.958313945350405,-2.5246876200684767
0,0,21.93269041477983,13.402604954834318,-3.4636723664815037
0,0,55.962519980076735,39.00396382629305,-74.0664254640135
1,120,162.42522548961918,1.2538735180828926,5.552369789039275
0,120,52.62372013448032,28.881900746096008,-74.24387983775352
0,0,24.123656821727927,13.229607026796902,1.4995814927765423
0,0,19.26871967227022,13.96354749259958,-7.170316880357632
1,240,101.53088334717107,2.6379424424657683,18.50888878215474
0,0,33.17550159786321,22.473866901249377,-4.347633824128351
0,0,17.971535795347343,12.5482127462166,-1.9876360075452908
0,0,16.469515801310397,10.604308206365214,-2.652411927935404
0,0,39.03801830310695,27.928484119409134,-73.21108454217435
1,120,221.6353003196937,1.715509954187613,7.54459087768268
0,0,49.61756595102969,30.99080089926612,-74.23285243100749
0,0,30.592449385359934,17.59062481601191,-0.7983069547225057
0,0,17.421282437581212,12.858734961041087,-4.157641938568688
1,360,53.548733926296926,1.3651595814998432,24.902573287187323
0,240,48.42433614156582,44.87140749929454,-73.99419093912876
0,0,29.93215491588054,19.447891619309416,-1.5348179890231393
0,0,19.399023967846478,12.161612187235523,-1.7280573144464313
0,0,73.87407513337054,46.13247367888488,-74.27328884701608
1,120,152.1728560107549,1.2474861951583844,5.245095363789574
0,120,41.5686844310361,25.621377337979496,-74.22966958865558
0,0,12.539068490902011,8.530794345235494,-3.523450240278791
0,0,17.98457394631417,12.798349888654128,-3.6826996951295
1,240,51.96177475417631,1.1342836442870725,10.009264505869822
0,240,32.82835439386375,10.894095550261465,-73.12572657416284
0,0,26.833027611914616,16.96701203781854,-2.9358301603407995
0,0,29.68015201912674,18.47820549783883,-2.973666998136437
0,0,57.374618648663954,36.92157274948684,-74.19312652257484
1,120,203.7998892917163,1.6441974251920517,6.0823186677069
0,0,44.99320662622095,30.513637524715968,-74.1363149626121
0,0,18.480238779452833,10.59146787250145,0.07779403310058797
0,0,19.582208885871953,14.897372536807909,-10.944578920932592
1,360,51.5717626985211,0.9960286003493615,17.31108307861102
0,240,21.63425611069126,16.084952671375877,-73.90881228430081
0,0,15.198367780844405,11.450846030377877,-3.9256498307728407
0,0,29.474295572939546,18.707004073598657,-2.8946376346860916
0,120,137.69524317187242,45.29835071355199,-73.83585391599935
1,120,192.69856190167525,1.9489311698913447,5.064113042159235
0,0,64.81251608908683,40.5016900105394,-73.90753373496027
0,0,25.67992155383978,15.794808181919556,-3.958307418324452
0,0,15.397674817440608,10.762929440644372,-4.148299303884116
1,240,78.488595176739,0.9235451340614454,6.746911399181613
0,120,48.57732299588837,26.34599257119009,-74.26213022860728
0,0,18.198957034377305,11.650781327679628,-3.688861504101496
0,0,31.162453004806355,18.309713098405354,-5.736380664884166
1,120,290.68931885046123,3.8767675055779365,4.055899539268893
1,120,221.86728086701436,2.9536515449533187,5.931470922657198
0,0,23.24326174451439,18.254929646321482,-65.93055803788512
0,0,17.844787024865536,12.09673990140155,-4.301978150353378
0,0,31.733877731232102,21.31576994275854,-7.698446360024732
1,240,91.3949453653501,0.9962283940564115,5.060907236140025
0,120,37.33603954876854,20.2332413217468,-74.2016174849298
0,0,17.913665671809017,11.947713696064586,-4.112202760784626
0,0,20.481357795292574,12.863117918979441,-4.163479003554329
1,120,150.38507769273602,1.558518416660364,1.462127686349433
0,0,46.98043629765088,30.158980008273083,-10.70556734697
0,0,22.918433089970268,16.30070381111285,-1.8612356559304573
0,0,16.14172727323884,11.66375338978744,-1.4067522836320876
0,0,21.80813856905907,15.191013812378982,-4.626297471502653
1,240,52.19271474968547,1.4532916763623855,-7.734559556661992
0,240,29.57072862014964,6.1379972844083674,-70.45477181879241
0,0,27.88187809988541,20.079368644115416,-5.748133899159825
0,0,22.805722576790025,14.323977101190792,-4.257821294976992
1,120,240.68584054437645,2.139234279615215,2.5122165099427605
0,0,57.741080406253026,40.428911212346044,-33.30793198669581
1,360,86.68012053958597,3.1036731086263325,29.302229794729314
0,0,27.32790191982545,19.56367158824995,-3.568589654383146
0,0,16.912636444829356,12.042518583749501,-2.1939733404185233
1,240,57.889114528101715,1.0625747858620564,13.006976243979466
0,120,34.941023873072666,14.128798109257053,-73.93688221251622
0,0,22.090883705021458,14.336570884865159,-3.569222488818113
0,0,28.828524706482987,18.63704440071377,-6.789096584059479
1,120,179.36592374160557,1.5344392685202461,0.8070024910925042
0,0,24.01867874833427,16.530821078171392,-10.336674832000284
1,240,68.18188903826169,1.3021306985998045,12.805568358283836
0,0,94.16690185398062,62.74215418734925,-23.696996318619412
0,0,27.94721592918054,17.287576594071698,-2.795898809294215
1,240,68.10763849663051,1.126144318105986,9.67680993152372
0,120,22.2678289890394,19.354881617003304,-74.15548604690316
0,0,14.469623018789164,9.811490146476457,-3.629366740446173
0,0,18.519413900568477,11.756496413459889,-3.7145995467129325
1,120,222.62218466038757,1.8441570252981867,1.6867172966099986
0,0,31.422859368575015,21.858748129295268,-18.26167711457058
1,240,68.0943209041878,1.247730367899526,11.967837121464768
0,0,148.0746996924788,114.91693620442132,-73.90552470680906
1,360,83.1411854443349,3.249847080486538,30.523283836989023
1,360,76.693080742072,2.13106448687501,19.643194546211333
0,120,28.485085617331254,22.348257328472165,-74.00296078318834
0,0,13.741494131039323,9.669652640233178,-5.864404736430814
0,0,21.443228447033455,13.448870450089103,-5.279470039456967
1,120,301.5308539126083,2.4413292328588545,3.2958570561103215
0,0,56.331893811993424,41.23284516363101,-51.00655626604889
1,240,67.9968767200584,1.0562879321397274,8.222348230758385
0,0,114.20320865345374,95.72439872955705,-73.1431927525255
1,360,52.813692538880524,1.6065550228114052,28.13007053933933
0,0,97.93245663244926,65.47118583003845,-20.959920773256535
0,0,27.715071761522015,18.31620370824849,-1.5479493035486058
0,0,19.275380306922337,10.387847706511893,-3.394252094319924
0,0,25.06966549285096,15.844959308159229,-5.776136822906906
1,120,209.974663461951,1.7812367125351214,1.6005768725351999
0,0,42.37689536279539,30.795164028409214,-31.990512248175342
1,360,52.45441169184932,1.126618839166935,18.887273813648903
0,0,95.96784333625817,85.32659673525556,-73.03660789904964
1,360,41.99477752883385,1.3256574862620354,31.399851123869453
0,0,46.711602567267455,35.66703521891172,-14.10037436624959
0,0,227.7524065937739,80.21571556457754,-18.79346620916092
0,0,26.557625168417193,17.882354270971494,-1.8090268150460673
0,0,24.229522857179816,14.551841603947365,-3.1069119537715295
1,120,177.39191974108024,1.5872548978781795,0.817885578020082
0,0,30.064854686740187,21.303673486037642,-19.134251715772542
1,360,50.28371398405651,1.0846947405328642,18.81329047214048
0,0,76.22167032598148,66.6107774357423,-68.7373838036265
1,360,38.992072241493446,1.1925909149528928,32.222577523164816
0,0,30.234455439862405,24.753391056347574,-8.415539369294677
0,0,133.75651556931024,95.32996350998607,-17.91960095878239
0,0,211.14462609168612,116.19165985564598,-19.982166590933176
0,0,38.30131129741983,19.127848340599556,-1.1040992151113898
1,120,256.42544050323596,2.5685605775604587,3.316174372180157
0,0,124.7136423352954,93.82464357990632,-73.01049450130975
1,240,71.31756066892228,1.2016909063362344,11.003314174893461
0,0,176.12877073286137,140.11180707419314,-74.25090984248715
1,360,41.35603314475112,1.233401927535478,30.49911122692724
0,0,55.3219481958162,43.84655612516107,-19.54922873311461
0,0,136.62635011173012,77.86998916148086,-17.0248313551279
0,0,157.87265320922003,91.96637648726897,-23.742685299469912
0,0,75.59815550233434,32.15738622856332,-7.314832117673262
1,120,223.4861882889237,3.2302713476630225,3.3428117058307407
0,0,25.873846584379105,16.41333639077846,-10.426129310089749
1,240,67.03826744448999,1.09986426925731,8.330895989892184
0,0,84.283976067402,73.42801696979211,-72.47908206290552
1,360,38.15135050013216,1.117777373267903,30.54509164468857
0,0,16.2809167046897,14.18258690743399,-5.796412505132338
0,0,122.88460963096863,95.34619355673948,-20.829232135667944
0,0,80.21852175552718,60.67111569012107,-14.384338002016705
0,0,24.755558566513063,17.482080742915603,-5.552792064594058
0,0,54.73025293180441,32.32141959171428,-7.580343633599895
0,0,47.92475361247252,29.685282424956732,-6.297396718247114
1,240,74.8446268551714,1.512659024788971,14.523672215361998
0,0,164.0981386536043,128.15687861515772,-74.21496695429465
1,360,42.062053064152536,1.3059329427884918,29.85994012084646
0,0,35.362627522948685,27.98428054055687,-10.154530926111036
0,0,137.90036792261617,100.0773987066129,-22.50405344810224
0,0,90.13042856464402,64.13750991524178,-14.846869196438632
0,0,22.46406492704704,15.873839492916007,-5.605030049169542
0,0,40.27749935369088,27.394977686719898,-7.0432295703101175
0,0,76.17581986276761,42.81704143030245,-8.847065839787902
1,240,108.3569326455649,2.476514762602166,10.639484335403438
0,0,120.5662160725874,99.09945949365954,-73.47209244708819
1,360,39.84273989327924,1.2384524201116234,30.914358864257935
0,0,16.839507345963245,13.54025603886165,-4.001365140208534
0,0,33.88231571935397,22.64554895570453,-6.469132163034999
0,0,52.44740727064464,39.196126452766805,-9.737896881761642
0,0,20.409614873221297,14.71223870401929,-4.875159613051565
0,0,11.673169440249868,8.937728250550647,-0.826209957243023
0,0,16.037341174550672,11.466282185521427,-2.256340839337824
0,0,35.16588601648139,21.4719517390209,-4.898083207781184
0,0,111.50548799900828,74.1259935116821,-22.317259041792916
1,360,44.792931655828355,1.5865812875392928,33.71923928861948
0,0,11.32449817714839,11.05813947984912,-3.4673361447891864
0,0,20.234388521966185,14.742789794631062,-4.520214435957669
0,0,38.15830712213702,25.251619679079752,-6.188919736648799
0,0,37.41429051573866,21.75973075551724,-6.866385652813676
0,0,13.761166259412214,8.080432385130953,0.6375943782068845
0,0,15.428921705893469,10.971418620659954,-2.0657827334942453
0,0,36.687128642569824,24.01357987832081,-4.823529482604414
0,0,32.67465055154386,20.09256401025191,-4.321004817246646
1,360,66.04242626912178,2.697760625524393,31.246055702635857
0,0,26.208201987133897,21.113273341203517,-7.739426553072988
0,0,109.5327267776783,86.76850113890612,-18.972754033323945
0,0,83.39955850368035,63.231011085167914,-15.075942771741659
0,0,15.280092462740047,10.74075401218095,-3.9672503681027393
0,0,24.55507217658279,16.12275938184703,-4.431392792303157
0,0,19.647585322213093,13.57466880986848,-4.048677840990834
0,0,44.54653781133059,27.172919088709055,-5.280848119706789
0,240,31.29963670829546,30.35685696370793,-74.12286895477052
1,360,81.48660511191227,3.0661858567577274,32.86668640319208
0,0,35.64441851334539,23.47057915005248,-3.698453941852506
0,0,143.19463670979158,88.71017263847068,-14.571103264634942
0,0,121.73135466000204,81.27139557439313,-16.793663597451292
0,0,25.119685517033904,16.628910014379066,-4.623191586710007
0,0,15.586967921674104,10.440894740833302,-2.787905111168371
0,0,16.227409177350513,10.517280216082971,-1.6576378300191124
0,0,18.225544420062903,10.712771270113576,-6.5234809835218215
0,240,24.23585808958699,15.804937872558185,-73.05181088765157
1,360,35.49103088111664,2.329351243946091,30.1057546649849
0,360,57.693203992339015,23.913125469153155,-69.09870520399109
0,0,60.818311999838954,41.99763821570564,-8.523254451540367
0,0,96.16846025477258,71.58659418609433,-13.942990107628248
0,0,14.601554325590135,10.76067033648039,-2.959220054127769
0,0,19.782919564355236,12.957111304326688,-3.3374302234754083
0,0,48.6855624454545,26.64114836935317,-4.7487176275923275
0,0,32.138295730341355,19.574870602281443,-36.686489316503966
0,360,26.84215358221909,8.36769646394601,-67.06765691247826
1,360,31.056643960708104,1.8332022720614718,28.234171803890618
0,240,24.253234937153046,17.857628809120598,-72.82847692811713
0,0,35.843652931926485,22.380418744035254,-3.445686545698365
0,0,100.60530699554118,69.67674034068591,-12.046801644490365
0,0,19.372855744374704,13.614301400599391,-2.7536904178359976
0,0,18.787471813170175,13.31024443616999,-4.4935188149249115
0,0,86.41718081822674,61.14515703484435,-11.920417946413295
0,0,17.99169602708765,13.300235907338722,-9.826647747880656
0,360,26.055307054349463,10.347012655285841,-71.2796522491127
1,360,30.293625333949738,1.424955398934144,34.03124331859364
0,120,17.812822229199963,19.046750234586852,-73.1474280854534
0,0,16.675089129160185,11.688072396040385,-3.40378624468876
0,0,39.246246324977626,24.05142462796404,-5.201173431668153
0,0,19.599105903009026,13.834398867960864,-1.4197420430865861
0,0,16.813214109199627,13.595284632276693,-1.9393157677283739
0,0,14.989807003005742,10.914092179479736,-2.360092379596111
0,0,17.687367713974872,12.754096242944819,-9.288305486180903
0,360,25.367675119433418,9.99194938767412,-69.41745964141253
1,360,27.751709848185566,1.5934639121835705,31.27488297650217
0,120,15.831251247656652,16.62109930437899,-73.25371668810514
0,0,19.751565127702776,10.540551736245538,4.6492151291215436
0,0,43.900862543273675,29.811710544362736,-67.3589725647443
1,120,341.1425361508096,4.448095793964242,6.955038987364276
0,0,35.90513373348213,23.694814434021136,-3.5594052283073125
0,0,26.370467401514205,18.24078893631593,-2.281745811194014
0,0,20.400823497315578,10.307203252847678,-9.60593424853424
0,240,24.548378450176948,24.881357648935413,-74.1596313141161
1,360,35.18949514433193,1.087414101068267,32.896437948404184
0,0,13.480595067826348,15.96941643490829,-69.15595382174075
0,0,20.13950527188878,13.10258859579457,-3.41466100484746
0,0,101.28799722856795,69.22810352747804,-73.98670601959212
1,120,124.318703285197,1.35026345932471,1.8017682622399178
0,0,34.17604915598312,21.986993675811682,-3.7489308148096256
0,0,26.931826719515897,18.361056118703477,-0.8200314947332572
0,120,21.823847959923643,5.7856664973242715,-46.18484498761592
0,360,24.115681709080707,24.292404191938274,-73.88074385230168
1,360,34.00263365902896,1.1223665528289601,31.28550793359443
0,0,13.826218212723795,13.134928936352248,-44.7475759828978
0,0,20.812354385044493,13.226548395590163,-3.1640002812202255
0,0,128.75524852332057,76.8920443130946,-74.32956383454581
1,120,186.47060560634634,1.5012164543918076,2.5836435334046826
0,0,20.37211456253019,14.991253213497144,-2.9753323519126553
0,0,27.248189400399237,17.87079599809259,-0.6861370511254421
1,360,54.98019127081205,2.8038037991638296,28.386843111325263
0,240,27.070488521337957,43.2416797525036,-74.38721226730753
1,360,36.93422476761882,1.189586788948737,32.933034097636536
0,0,28.306419562119718,25.433996376321808,-72.50639061219138
0,0,23.531913758516314,12.294046269255224,0.3336506605096048
0,0,261.95335177914126,127.12144671575358,-74.35380188780677
1,120,527.1506366996783,4.2738055907198325,10.252655960263866
0,0,20.987056783532328,15.10329829928288,-3.8377274781574897
0,0,19.771379734459753,12.629013583143804,-2.968762531265483
1,120,153.70363641563858,2.7814233818286525,5.353251764785952
0,360,36.8175542745764,32.809090230907394,-73.45652659351111
1,360,46.75345995886542,1.2908524362931457,25.404002982437234
0,120,18.306920719329074,21.583175460461387,-73.91073928076796
0,0,34.78647067574056,17.955104892000346,0.8168613854477087
0,0,213.13911756462747,101.21360341714356,-74.34741149927105
1,120,465.1008922991332,3.76950655011016,9.454718351927482
0,0,27.657197961122165,20.187311134749596,-6.541325249233978
0,0,15.899074635342526,10.829964323853908,-2.984433510299681
1,240,76.60943214238353,1.1943631705464572,5.726241050045161
0,0,28.604166293103155,21.355354632309794,-4.238703033626024
1,360,60.88150989572667,2.539500939487256,29.879249897881692
0,0,11.543208931226175,11.763323740418832,-12.57239562303318
0,0,16.158539722560842,11.329270723128303,-3.211054852167223
0,0,157.82036823833784,65.31049146088102,-74.27951138285331
1,120,459.247593485732,3.7631163214155623,9.410877913768587
0,0,42.54426242254131,30.530541005700982,-10.428956248124877
0,0,23.748615107770814,15.816212964933838,-6.6352054049837506
1,120,102.93679018095058,1.0872465349931166,-0.046882677355867486
0,0,15.811734466683182,12.892085452946176,-2.2354156691396696
0,0,31.10558298760277,19.632370333023353,-2.5745899459728037
0,0,23.040148237024667,15.543524228886781,-0.2776007895129027
0,0,24.436682750777543,15.101086391869439,-3.065477951819261
0,0,172.318865650681,84.90427739369296,-74.31497102571272
1,120,287.98832578925874,2.245756288943915,5.678128979450264
0,0,22.820358324089362,16.268955191009724,-5.283158798071298
0,0,17.384122236581142,11.678316052831414,-3.945609095780796
1,120,87.17545261675663,0.9474235199044836,-0.2975600545208579
0,0,14.048192181404811,10.936011900175297,-2.0675230281903936
0,0,16.99436939966343,10.730348185330199,-1.6992883279622788
1,120,165.6493182862274,2.554781063582374,4.178644439344922
0,0,36.122973071378546,22.285123573687994,-5.438856885994213
0,0,168.82083196303145,56.84543444042973,-74.05857088147556
1,120,201.03446290915377,1.9554156159797473,3.4719182573319216
0,0,14.399970392494719,11.22526599123334,-3.6767210750728907
0,0,14.190484883982577,9.546928409101017,-2.626415755488651
1,120,98.69193444155927,0.9977162363957796,-0.5314673191593471
0,0,15.538008672041054,11.736281411216725,-3.2709909345732626
0,0,19.251195750243173,13.186031041893875,-7.014185800452893
1,120,88.41998935193712,1.2471874291610194,4.042543401983636
0,0,31.096081977422767,21.118758026273916,-2.9985140764775906
0,0,228.63395620550622,101.14910025216457,-74.18961750507316
1,120,312.74101640378245,2.719992936638654,4.731292089982375
0,0,28.377337028778683,19.67584769785062,-6.015739597460055
0,0,16.14885303087384,10.800441699746473,-3.7947863310377556
1,120,107.72699066797246,1.0272961834222476,-0.7766906627072245
0,0,15.357928863573244,11.747039452623758,-3.9778087110439486
0,0,21.238225032720006,14.987618359276329,-15.246262665819756
1,120,94.19394884735682,1.051471045868035,0.6955903234636196
0,0,21.300599311626172,13.62099347716872,-5.287850932335786
1,240,148.2316575572481,2.704213020088174,5.661267272466077
1,120,292.3397002070226,4.237281645662654,6.4588468297405655
0,0,19.44674779200721,13.21442094398831,-1.7066991522664523
0,0,15.492866004670713,10.199872911112315,-2.4641187032274843
1,120,101.91336519042356,1.0122242181298915,-0.4630129521879667
0,0,16.323487407423467,12.104464671049895,-4.275757155146849
0,0,27.466493861278536,20.78774115084858,-69.73695828380272
1,120,101.76553329595873,0.9859859067061348,0.22089788309087055
0,0,18.039688262139684,12.49997062287197,-9.261934609134514
1,240,96.34771460782808,1.1661145945427296,6.000225053308299
0,120,67.40091629667788,36.338812633247336,-74.0612762682009
0,0,25.937735730233477,17.871556781534156,-3.1362721408462164
0,0,20.41762123919148,12.881593685743692,-2.511581285849644
1,120,99.8865982270178,1.0676058185839676,0.3099776565806991
0,0,18.41584590356957,13.497019588790877,-5.027835083870656
0,0,26.22146074979221,20.57815799242119,-71.82930824781809
1,120,87.92376747427745,0.9011144380983594,0.6331478836243889
0,0,20.77092718624493,13.627591160236967,-8.869127613938332
1,120,113.35411837526208,1.1483569052050953,4.125952645865439
0,120,45.48782906911734,20.684342227990417,-74.07442257741563
0,0,29.652479959291338,16.754916885175763,-2.7162033043333764
0,0,28.96579481621792,17.380382311935165,-5.262404326635192
1,120,86.94560464912033,1.2513802792926219,3.560231968084693
0,0,14.785450716320652,11.355971404210816,-3.8644314259591255
0,0,20.78638838895658,14.42565862587253,-13.16193502319826
1,120,116.14511365286785,1.0857019861101873,-0.21228561440968008
0,0,24.802999272336383,16.447017964366452,-11.67521541978762
1,120,95.44409647322409,1.067450491964648,4.7823435099922875
0,120,33.02617689761932,17.470814103689303,-74.11727538272179
0,0,15.141304728410766,10.389067073305736,-3.0277826690945915
0,0,35.40970605791182,21.0614653976911,-3.4397162524106335
1,120,142.89481071361587,2.2599757189027945,3.6463224315461957
0,0,22.22518474907514,15.24558452687086,-6.52522127821797
0,120,42.13819351260744,30.874882862219525,-74.28807006525831
1,120,135.19653632431655,1.1314818655455001,1.1321711426676586
0,0,31.142936223832887,20.0183354969449,-18.686929364711908
1,120,161.72017993852185,1.305485013926542,5.375259414938654
0,120,56.373916662359996,26.00059407100271,-74.24150609062004
0,0,13.957736791818608,9.045865868049006,-1.5743951215149252
0,0,16.36047295750111,11.63151448702197,-2.340424551498998
0,0,39.423360744625704,23.606431122126327,-5.315674830551913
0,0,39.18351539050355,25.33202040027102,-4.914166361875004
0,120,50.88849152137343,30.291778984573092,-74.20695764347717
1,120,101.19845094299373,1.0446662606406951,0.9761857812183479
0,0,24.45730075177768,15.775126432514602,-12.906977686828398
1,120,129.51572643876534,1.176130784040596,4.721899494684507
0,120,44.612070514286536,24.40959583682038,-74.24292580471426
0,0,12.990697391989286,8.60950020998194,-2.3473107893636467
0,0,14.207356163088976,10.318917204560456,-3.1649412061037907
0,0,14.467027154552678,10.73480158617981,-2.7930926881812894
0,0,29.526383831730175,18.254440772517363,-3.058958091785371
0,120,86.16285230655853,56.05245577070331,-74.21552624644666
1,120,151.1626309531018,1.4181335313008245,0.007507776975373304
0,0,27.29901649568687,16.712916003768424,-12.230456858931525
1,120,159.09937187345147,1.3228284989459904,5.297262570829545
0,120,40.61839589309823,22.30835846353671,-74.23469811137228
0,0,12.101822552884249,7.990837455162538,-1.389565832661546
0,0,12.548822285311841,8.892895564110813,-2.003648384103613
0,0,14.156954664522836,9.690960916459037,-2.026646919753162
0,0,19.57348369347368,13.935614060570085,-3.6964055567077594
0,0,32.52878210113326,19.886638247776936,-4.209342846551323
1,120,212.66349346522958,2.9269390646831694,3.1289219935823667
0,0,51.572112000365955,31.12777009591249,-32.80282185960046
1,120,218.13106008979034,1.749607317059296,7.294338165730622
0,120,50.453540864162505,21.575960697490537,-74.17047702816303
0,0,13.702670150199296,8.780956847121073,-0.8373761543125511
0,0,15.021996087224325,10.40666934797041,-2.4724454721085607
0,0,12.565927045125061,8.61677555385647,-1.2109899472378487
0,0,15.37824444271297,10.11602400941506,-1.4904279841180852
0,0,23.439615342090818,13.40081147831374,-2.654035647867204
1,120,465.40748372051445,6.4207480858992465,8.593255823797335
0,0,39.72265359588031,22.641863382587612,-8.05420339708455
1,120,149.24516237538128,1.5045698891821544,4.772084930730799
0,0,85.68424994932556,54.92165544032421,-74.08015978622758
0,0,14.492153906997563,9.285010394185019,-4.339132193100767
0,0,14.469972320634017,10.26403090582615,-3.6291918782996646
0,0,13.431977766315102,9.54978698243979,-3.2717153634659155
0,0,13.447380139242355,9.097641407822243,-1.7272995784782523
0,0,23.183110128399942,13.900608160250478,-4.63680585383058
1,120,501.84223994174727,5.023155795574341,9.71769436672983
0,0,42.327647479532644,26.023471110862243,-5.092754737452012
1,120,259.71202523831914,3.353260444141506,7.63792563007074
0,0,43.561999308289515,28.960176909083792,-72.10296126201821
0,0,32.405140278639884,21.163308941068728,-7.18825690391192
0,0,52.738890468020635,36.00613048739991,-9.132661522255717
0,0,18.193154946891223,12.591319581330662,-4.461952034096726
0,0,22.971451594726663,15.751211064143154,-5.3294597964345485
0,0,33.3581092486293,20.065374455365276,-6.910530018036738
1,120,457.08065720727905,3.9395275607178943,8.360689168948696
0,0,19.776701991516855,14.398850871564905,-2.048046715777545
0,0,35.53824178309466,19.79142901778141,-2.1839728909923366
0,0,16.86184427972621,14.314639188874683,0.16247727262120293
0,0,11.861438538548718,9.897562930882065,0.8265121105808788
0,0,16.46988900275516,10.03819938548843,-0.16767911351372788
0,0,20.340328094648566,10.74420289711605,-3.501201113828543
0,0,18.04351587498697,11.444893604376736,-2.6410625419504754
0,0,33.579974749895335,20.516943102539635,-8.06719731992348
1,120,515.7179505490252,4.6021424655864305,9.990037996523398
0,0,20.731038753993484,16.240300423568964,-6.843999134676892
0,0,13.01037227800832,10.295674565991504,0.2653128683025727
0,0,26.095182617585575,17.69763464250106,0.45249030598041884
0,0,22.3007552839937,15.240935294727958,-0.44352831300622597
0,0,15.444434384666465,9.538359733375824,-0.3187267010165584
0,0,21.109678276952586,13.186990474345183,-2.804467054472852
0,0,15.501890861283256,10.332748670185593,-2.4400543411611437
0,0,38.61124866278863,23.14985398396166,-6.676127310649832
1,120,351.8140237211591,2.9106507264206987,6.1681343477953305
0,0,55.98963315696038,40.256176740796725,-9.64000738679563
0,0,12.61961841554049,9.621650022786817,-1.713485468904537
0,0,14.073895281893703,10.109253036785123,0.9419461075793265
0,0,25.09256130956569,17.597356340611544,1.5256526061432112
0,0,26.296972454926376,16.931219994609314,-2.9832677626563253
0,0,29.04443736894042,19.94258259903831,-3.6466947464876966
0,0,28.544409939602623,17.583539667997773,-4.392456821015216
0,0,27.489634189284665,15.815426822044218,-3.655704310417036
1,120,646.5657450884296,5.924302373250961,11.934171994878554
0,0,17.797923586301604,13.965067650624489,-6.539201923169301
0,0,11.079227613846442,8.57604546256819,-2.558319439579165
0,0,11.741002939304936,8.59552222310139,-1.4781043661740938
0,0,17.88547517449862,11.75432888508054,-1.6267954780835794
0,0,29.349293311682,18.363289158990295,-3.350827994605069
0,0,20.78707412363095,16.16778649072193,-2.6893328211541103
0,0,32.62385103271767,22.84113228994888,-5.150055397507188
0,0,60.71604009652753,36.008519910949715,-9.041487566392291
1,120,483.8874485737837,4.220273909168981,9.922591168586635
0,0,20.35673976606437,14.911270923198739,-3.5640848724184764
0,0,10.74441811869334,8.44207149850843,-1.9049095587117364
0,0,12.058569792337638,8.531858033195462,-1.2831413995924237
0,0,15.052330194803663,10.350423501048862,-2.270479692897908
0,0,22.030119891463137,15.083498205787013,-3.4150856700603924
0,0,29.072262018529106,18.61160183002629,-1.9661612706009777
0,0,29.271349362649204,18.673633857678418,-2.5167855164003186
0,0,28.0965222451168,15.437981023809984,-0.9328342327652877
1,120,531.0732890636542,4.770964537844586,11.009534271247631
0,0,15.990207486664668,11.847574871139358,-3.021662493967
0,0,12.687692749025429,8.697812374536381,-1.17560950626212
0,0,14.516126124923671,9.646016225790303,-2.2734690029262055
0,0,14.451177123734784,9.898606894826882,-2.762691654996459
0,0,15.103336537090629,9.954050396989224,-1.8370130852553928
0,0,17.281210559364407,12.373972205224627,-3.371220251594849
0,0,33.44260720332999,20.141838826675553,-4.299097088320522
0,0,49.71018241597707,23.848737830548625,-1.3946118546034683
1,120,615.32754138249,6.481334625012397,14.166936782958672
0,0,29.167615906881682,20.068451401728943,-5.468641738281846
0,0,17.23731986334325,12.02877094518876,-3.4983866659467395
0,0,43.25700364481,29.23497470589386,-7.225581645421386
0,0,31.015305006585134,20.758927182428383,-5.7984650536615305
0,0,14.137625403487128,9.920802047305456,-2.6243590435750264
0,0,33.18783746827881,22.848665454878606,-5.937155716144829
0,0,18.520123534842757,12.894973612307677,-3.5871333686813216
0,0,35.5234607997651,20.810726672791446,-4.319655880687904
1,120,571.3228626540645,8.529106533081798,13.441775134642953
0,0,42.90760620155738,28.44991381939262,-6.259347547844996
0,0,15.473014629298488,11.179971903724777,-3.0887595976107605
0,0,13.194396439676824,9.416317389624624,-3.4880115119209165
0,0,15.893382853702185,10.917410040599897,-4.071218404351924
0,0,21.44373401549311,14.90517056708396,-5.282438532563077
0,0,17.808018409617855,12.343243598476489,-4.309347340813133
0,0,15.663619453880946,11.29096598127457,-3.9889665813445987
0,0,71.95779785878406,50.61545209807403,-11.138396956793109
0,0,141.05964500426578,81.37011145251098,-14.240330697602822
0,0,20.780464965040178,14.518915178368037,-1.1647680531789604
0,0,18.867162271427237,12.564678072293603,-1.6156376077829293
0,0,43.99317750557603,29.360289827302015,-6.2858474898090435
0,0,15.957523864571003,10.687740086027832,-3.0513307714902993
0,0,14.744257917443294,9.518101760956794,-1.9803500847743436
0,0,16.35337109946602,10.503126121924282,-2.781118794530286
0,0,40.70511834902142,23.782997688047978,-5.447067080110955
0,0,40.73814024237536,26.97898130087165,-7.06892181569269
0,0,75.82968011882593,46.67021795711528,-9.04382738844788
0,0,116.0285130201944,62.334222105981596,-12.115601572370316
0,0,25.969294232700562,17.938390198017498,-2.2163973290152654
0,0,27.07378482769491,18.708241051120314,-3.2749628033295295
0,0,14.025517895596947,9.707839742425111,-1.8484290853913592
0,0,17.125328176591097,11.096940844227206,-2.7542399845821564
0,0,17.316164643449614,11.522112419266564,-3.512966838257512
0,0,15.108832525854776,9.509108314476727,-1.6224322511898919
0,0,34.97169257505076,21.245483414765424,-5.485374380348375
0,0,69.09797908715767,45.834562154033456,-11.647349887727074
0,0,190.05638391742295,121.04296735149461,-21.281009308079952
0,0,148.02794472132985,81.83659004628181,-14.264482490742402
0,0,41.66198479222709,24.75748519834978,-5.635181279287934
0,0,16.784115427092612,11.125457543561902,0.14887133226950766
0,0,16.42858681724744,10.721644259215395,-1.8742503956915897
0,0,14.533361413321021,9.610310122932809,-2.0687970238292053
0,0,19.42346774326314,12.453636093564155,-3.87743783895138
0,0,40.507123032774174,28.263493699044467,-8.413507637687701
0,0,95.80670855679674,64.70948944834264,-13.105117315738198
0,0,101.53310417153203,57.55449024340208,-10.713294588491642
0,120,70.85690874965321,48.95570440022219,-74.06211109183411
1,360,87.44868755038522,3.53109568689488,31.082567922424687
0,0,24.135431970760997,16.200696010002556,-1.2321649205024414
0,0,26.52374105103569,16.72256245603583,-2.5894698819632964
0,0,24.809283028682213,16.54116773297669,-5.096976409274731
0,0,36.51866587808952,24.092180078700373,-7.965798091874092
0,0,96.60806581867386,71.045220689076,-16.06432607454171
0,0,108.83389512255782,77.13373675933074,-15.826709234366703
0,0,60.223384774546886,26.821175091075723,-15.558516498860357
0,360,25.83819389660419,32.98107518988095,-74.15827219678135
1,360,42.68410817377434,1.5315227558869653,34.5444886988858
0,0,33.676628408796915,24.68005435029707,-3.162667998199254
0,0,21.843760003511026,16.567071000303784,-1.8922861770880104
0,0,14.382510815544357,10.990458635143366,-0.7590462394482103
0,0,22.320402593551297,14.12347544288254,-3.5516696600167847
0,0,57.242634027370876,40.642615281081916,-10.00525694037988
0,0,107.55021451958466,77.46353356353313,-16.596127659285372
0,0,37.08532539197917,9.355170124937874,-33.345181787285334
0,360,24.70429943999627,36.664377227341454,-74.20881656210342
1,360,35.520592847775774,1.2915777341181665,34.97126891111681
0,0,16.890718673280215,14.429513261976464,-1.6880222096661868
0,0,51.134521356580244,30.96737722241524,-5.19609410265069
0,0,26.673286362971062,18.188614689664984,-2.498749735003898
0,0,28.11989421539899,19.77302228507019,-5.333931271323692
0,0,136.76712978579044,94.31080110536564,-18.459683515178284
0,0,149.57734475297494,102.9496661473338,-20.98667884505589
0,0,49.63346837712431,21.710209388904197,-20.305669888732112
0,360,26.09994599169091,34.12775335245718,-74.08198923589835
1,360,38.95766049448314,1.3903770870858598,35.07516200644608
0,0,82.0396050852374,66.13333792498004,-18.59647567435671
0,0,47.77756516877452,36.375597921505275,-8.052055090713225
0,0,33.10839152131314,20.810192715524124,-3.8167440205771612
0,0,29.794199071471237,19.084328710025535,-1.9704745368813832
0,0,123.0633859920259,69.6512174650796,-12.489398554210986
0,0,111.22945865062088,77.55796651264662,-18.787133701426853
0,120,45.697509451290294,5.517343812916868,-31.531499113605662
0,240,25.08909035228631,34.427826065825926,-74.34875946003655
1,360,37.47337032671863,1.11080149981985,32.26690091391882
0,0,25.95812760424984,21.52899077312319,-7.167235975871634
0,0,21.34369580555798,15.82404199009084,-4.02475503399549
0,0,18.64936705586912,13.064104224517134,-3.2616816069642027
0,0,50.688290088211325,29.09076961340326,-6.742504148785372
0,0,85.70469329940327,53.38595489147792,-11.882689356613113
0,0,143.27295386026913,98.5001537464242,-18.28913463495595
0,0,57.67962166586653,18.220811326683698,-31.587554921713114
0,360,25.800103449638353,31.315906205578845,-74.19949145917052
1,360,35.19710992454972,1.200688327601782,34.82853976572616
0,0,21.519549061703067,18.542980572455267,-6.95683934316888
0,0,75.99852895376634,60.78300721036027,-13.913276032876105
0,0,24.955629471091036,19.411228901717063,-6.442232536164653
0,0,30.599098989427475,21.0617457604779,-4.645199236862709
1,360,85.39660171851989,3.7746671977887822,34.19697099963382
0,0,186.3079118375984,120.62686952785414,-48.401801404975295
1,360,50.802537529508925,2.133632483204851,13.843766555914968
0,360,25.112414523368674,48.114661123287505,-74.40610271346614
1,360,33.52499463951548,1.2053898636062925,33.83562253727037
0,0,14.918143133457248,12.993087907963405,-4.134859898910051
0,0,15.805998562704545,11.930504492844719,-4.067646220501942
0,0,15.408700805938006,11.315693556412802,-4.5102139865314825
0,0,33.20917429570704,23.553579214669096,-7.909417539780279
1,360,55.36781704333768,1.3442347788721345,21.092435362888224
0,0,34.17097141021742,23.948304659034456,-4.851524079582617
1,360,58.22436708506855,2.853836052990756,28.16832371557902
0,360,27.652504447385798,49.20832958628528,-74.37927428697502
1,360,40.69971703944153,1.38465941208648,32.389595853381564
0,0,80.40406354179002,68.90169925388174,-25.465514597888088
0,0,68.79743242612312,55.28236822941867,-13.654896394496113
0,0,23.998558962070742,18.23748234606157,-7.259092726783294
0,0,84.98211647255583,61.652695392728134,-15.02790980545113
1,360,42.4464174605057,1.2793700656511227,30.937757084813782
0,0,17.18068884213877,14.181173822634191,-1.6857240214550018
0,0,62.18042005913542,37.58411932473146,-7.198099144729369
0,240,35.3298519793169,40.413563110841565,-73.98913990811491
1,360,44.39613579065995,1.3334191503851502,28.820634462954146
0,0,19.779921083781787,17.519956487439785,-19.23039675265796
0,0,56.34753885778131,43.10797065379017,-11.687888762024627
0,0,116.72220442290326,93.67345618605201,-21.871485469744158
0,0,55.9290384790322,41.763314097986886,-10.241512353842836
1,360,41.09715267851525,1.247006038664535,32.88052549307244
0,0,33.128698827514434,27.299155603396446,-8.591558936671888
0,0,19.871684516855428,14.772446260269883,-3.475646260132507
0,0,31.51707159142415,19.624520174992973,-4.36524494031184
1,360,66.8215605799432,2.6287949021173285,31.075490168875774
0,0,39.18987268407988,29.986513219786538,-8.55027481655948
0,0,28.746337659250607,21.84809011682222,-5.967590056405186
0,0,36.79821398295612,27.781156997091667,-9.726780645305396
0,0,112.28307067426626,85.18023890739697,-23.103680728766754
1,360,40.3659646419768,1.2414933525369105,33.94967429063455
0,0,18.932785057490538,16.332466519798228,-8.67681255986085
0,0,19.704545422524042,13.950873404006384,-3.268109872540407
0,0,17.414219186592135,12.310339714628762,-3.1555486108059227
0,0,34.64612487134016,20.244293814522884,-3.3804130044395606
0,0,28.35949873509127,19.03782934430538,-3.451123925777722
0,0,17.918590827821443,13.219566094226456,-2.5957149586241
0,0,19.485678401831453,13.820283517403366,-4.803616014825309
0,0,56.37167745369142,43.44679823921558,-16.61549988708721
1,360,39.31739359548189,1.1454214610394142,32.23609186905881
0,0,14.474574832047647,12.906779844234201,-7.259550699071752
0,0,12.61991164524709,9.57465755668787,-2.9795790040420087
0,0,12.953581313327515,9.504640825044865,-3.0150427127065456
0,0,18.500869649468306,12.983700685609417,-3.3889812496181975
0,0,30.830452631858176,18.831314679092305,-3.012836118953061
0,0,34.600546495879136,24.604770602179446,-5.097996438462658
0,0,25.16412958071454,19.42567956053214,-5.144043470375038
0,0,62.56872605104314,45.94703412386141,-10.44139227744877
1,360,39.509792728488435,1.288375487426103,34.48465253770634
0,0,15.966831839520953,13.92071538483942,-5.091022769524756
0,0,55.360665547672006,43.48511636522245,-10.040499989669058
0,0,20.114541220566366,14.832109997245578,-5.212318811815479
0,0,13.678411137074256,9.72048072285002,-2.781685014814201
0,0,25.509515568043636,14.706796284695644,-4.502253595481164
1,120,321.45417811114834,4.169685332450409,4.941134992554538
0,0,46.04529642919507,32.121350452881146,-8.39114609985755
0,0,95.79239085801929,71.95117288215852,-18.904491182036836
1,360,40.827024692875106,1.3310110594638604,34.625341624721116
0,0,14.368499215488848,12.28904200483959,-3.6457205145286196
0,0,11.074327276649308,8.336783296770381,-1.0950063834932422
0,0,15.476632661038861,10.810400918539862,-2.8174817942339843
0,0,15.405900875886894,9.87202807998084,-2.539908953583094
0,0,20.363964798960538,11.777423593535854,-1.9312388019137217
1,120,402.14063932548663,3.3963753801903613,8.112934487660965
0,120,218.98081220305644,72.70019517526113,-74.0922743892621
0,0,62.788815628192715,40.16118306610964,-10.487422655823394
1,360,44.81216899532594,1.7023748167402435,35.47484691273803
0,0,12.281215707462307,12.607081887153328,-13.387394780806893
0,0,18.819728919326966,14.632076079868067,-4.104683688484997
0,0,13.240473029874456,9.522302976184108,-3.0356431389183456
0,0,11.801210627557634,8.647032897528305,-1.9808163838316801
0,0,17.60813870183917,10.919589544274162,-3.225451835562623
1,120,223.42929988741247,1.8169651810169396,4.775498905972043
0,120,125.72680888216833,32.449439720914675,-73.97750285828631
0,0,32.39748137608379,17.49782896015602,-2.7069522641064907
1,360,69.40640158557828,2.777055921330774,31.97702943563057
0,0,65.94785739070474,51.10620813678016,-14.095957015358174
0,0,37.99949611915923,29.026669381876655,-6.44324007519927
0,0,12.52191041659668,9.422771369153907,-2.8065404199242323
0,0,15.346183129432372,10.762774466239609,-3.3297029819537727
0,0,24.22572282079397,14.120742257925805,-3.482182773704153
1,120,510.67153164351134,4.237633155789823,9.839290172700288
0,0,146.31843943145023,57.224141166775446,-74.24839896387864
0,0,20.27192376284178,13.331070178453745,-4.9926794656547315
1,360,81.71374690946635,3.2665987569977957,33.10959490499101
0,0,29.954444050443684,19.881925617013906,-4.305525353896712
0,0,21.32885047715173,14.236561674896642,-2.2322598237337417
0,0,16.284573343476083,11.288241953896298,-3.0552276993266503
0,0,14.350269336049047,9.694786670969355,-2.6562172613140547
0,0,25.846086279867105,15.834502762412372,-5.543686742822601
1,120,312.70818938408934,2.558677613218505,4.22164387384683
0,0,237.51351795803697,136.26031554181756,-74.13456286081791
0,0,48.16810301562778,33.96407502157894,-12.901586103977898
1,360,50.61932687345278,1.7504228698643636,33.020548438576725
0,0,77.81673697776421,53.304353823078856,-14.77415985056902
0,0,50.35158149408068,33.589355364010316,-6.093178548054112
0,0,19.709215036660495,13.944298262669738,-3.188197871588656
0,0,36.14761172045602,24.38676951585695,-6.285514419053797
0,0,27.183441707378833,16.29148424288765,-5.246762491292074
1,120,430.9149045864486,3.611859541293673,7.161467914695194
0,0,197.0008428643604,116.01317442482171,-74.24939944467557
0,0,23.274377185167737,16.36740479492303,-6.783176251385029
1,360,44.45457950459614,1.4616101916989799,33.089952057200534
0,0,82.22638229697257,64.35302014022226,-17.110609564756373
0,0,75.09091774754647,45.28666282571638,-8.924933618979352
0,0,37.31452623198712,25.03868766465125,-4.102601996264738
0,0,17.103000434981944,11.957485536714033,-1.8245062783960009
0,0,23.417140526020674,13.889165413746035,-3.888004508661467
1,120,434.54043712433105,3.604208384487591,7.886371433175597
0,0,233.24031361628968,111.84333728789755,-74.31190849866586
0,0,18.25208400654868,12.834494146419635,-5.920181597780754
1,360,42.24175967117558,1.30506191619081,31.450269709444413
0,0,76.95574102195533,63.11715843427935,-18.762769575680807
0,0,83.46905854022152,59.51362031409236,-16.68080673542154
1,360,88.56877723039838,3.586527565976865,33.61513802406817
0,0,60.19651059366236,37.81858714598918,-7.32229706597515
0,0,51.084648406858285,28.968173588369584,-6.180888568062997
1,120,391.3921729822545,3.76773103653195,6.275349823908144
0,0,251.25236107191694,145.57120032173606,-74.03687278546131
0,0,24.033888086031475,17.023904550665424,-7.1794846528957095
1,360,42.10373028953578,1.3289029672908823,31.825723718292423
0,0,66.56087845156019,57.197243245541415,-24.813091439133068
0,0,78.50374384622104,59.72564784154034,-20.317772847300766
1,360,56.621218691654384,1.985112762399818,33.24144096345408
0,0,133.36966561456634,90.81180026548272,-36.42115682610827
0,0,35.18104203968649,18.071587881195217,0.23904191248274742
1,120,327.1455479429987,3.107935256971883,7.498818629143372
0,0,173.31473624094141,101.67581035277581,-74.24816461087165
0,0,21.08795905592578,14.838051152380917,-7.121821778394207
1,360,45.47606678909961,1.3493926088343065,29.595898279627335
0,0,119.86089108001417,101.84241629104585,-36.517639097133376
0,0,123.57983060807179,96.78011818740295,-40.973028750488666
1,360,53.167586783777935,1.7547633859486866,32.12053297052715
0,0,164.60698687374003,127.33188505112362,-40.38543573254953
0,0,257.059184355645,126.02470130639213,-23.130684440248103
1,120,416.1548058303412,5.8033754929995,8.620242881740921
0,0,107.71619540253575,74.05917981921391,-58.392217074653715
0,0,18.16977378445522,13.29028655055291,-4.337808236848673
1,360,42.09338360120508,1.2390378007041616,30.54374270812984
0,0,64.51109433500937,53.30665307970225,-17.896594096363962
0,0,59.939920812156416,46.30635214331299,-13.729566694437217
1,360,42.29905252745452,1.2600107686724418,32.52288244286106
0,0,50.52847530203728,41.500979061036254,-14.302827261439788
0,0,44.08852955549784,31.253713568089054,-6.892885594777724
0,0,47.92530514170124,29.06317571620602,-7.52662764754804
0,0,22.075674367324254,16.75076497998633,-2.4160149594014655
0,0,21.318963396511627,17.650453389399946,-11.513867619178882
1,360,44.455480335669705,1.4390568370166692,32.721792297892364
0,0,97.99358813216006,82.40598855111425,-27.93610439536524
0,0,104.66110586905197,83.27090915724831,-29.211432317191843
1,360,45.103310244580136,1.409548565652404,33.738998711174276
0,0,83.11263829145659,68.89095811877341,-29.459744891994603
0,0,106.9017852822457,69.10634999966298,-13.900860820474406
0,0,32.86177706512389,23.040333572115344,-6.419329758357236
0,0,34.92661057589558,20.899580543333446,-4.120579490278985
0,0,36.170952437415245,22.859344600225032,-3.3634430494599172
1,360,53.62304697457402,1.678868721683194,28.345300861377552
0,0,84.16394124606441,67.42038626795808,-23.819895263919747
0,0,124.8661291364506,98.80398247582113,-44.723544927907
1,360,44.195346059653886,1.402618920364863,34.224416029865864
0,0,71.78536776071853,60.594310375120315,-29.316324624786837
0,0,95.27212230598764,67.87539112034351,-14.972928150529341
0,0,19.36781660565501,13.36536037879499,-4.116041401238803
0,0,24.01262479583374,16.189690009547903,-4.019067850849709
0,0,41.66215760471875,22.69955894462281,-4.47968805181344
1,360,73.62841666117772,3.1741579334146346,31.883977793384474
0,0,136.56975585914088,110.48701256827381,-39.028105790782035
0,0,91.1372782634174,71.23107726613412,-24.48815593708658
1,360,47.99575380851579,1.504495395803501,33.417560452057856
0,0,95.74603298791502,78.012464176071,-27.37760302620439
0,0,74.75721314928155,56.946607367292195,-13.525727392228319
0,0,16.408432100799423,11.668323725869735,-4.063282993608254
0,0,23.028869464297443,15.770198246443124,-4.156043198943522
0,0,14.673640114998596,10.757660310882416,-0.9386130103687549
0,0,36.382677154595974,19.780499095670915,-1.7507061258029637
0,0,174.1395004032852,116.82330171686432,-19.87186604694992
0,0,80.84025697819632,59.416527440649844,-13.155456797008782
1,360,48.655783543965406,1.6195013732566084,34.09978095325383
0,0,95.99980261663146,80.48337608561914,-26.541370607783918
0,0,72.24863760539323,55.47927025496173,-13.316892028690766
0,0,23.683200064383662,16.79811952264913,-5.725568355492086
0,0,15.14042228164482,10.71851025409361,-4.101727685532211
0,0,25.58965276497596,17.494797097255557,-4.930624220568461
0,0,16.181948461458276,11.876639616323626,-3.0300059163858464
0,0,27.53334471909111,17.86012107932084,0.06754378060797706
0,0,155.0086722303476,104.01680299223608,-37.978391671788366
1,360,57.21399862981598,1.9821696575675378,33.06296499925695
0,0,117.38330412505658,96.72867795588728,-32.83860198548248
0,0,63.95385126348466,49.14960837546219,-11.88529147188845
0,0,14.522593724345738,10.410278842743175,-3.674814244999112
0,0,13.941436345463929,9.727447526773249,-3.142767020573473
0,0,13.215273659414459,8.946160267028004,-1.7435784116407689
0,0,21.44554486979406,14.01187978287062,-3.789615407562607
0,0,26.674490535120423,17.88579470275724,-5.333627344259526
0,0,157.7670390387826,85.4032217164035,-13.762998671494763
1,360,76.6630187222455,3.1981166241765044,32.73553979331503
0,0,128.9725657468805,98.06604507923379,-32.63503746664665
0,0,115.88850548705427,85.2301350302979,-19.98278277183038
0,0,42.67732804112267,31.56565168542979,-9.732871676741908
0,0,43.03393580982536,31.695923170073925,-8.51216319539077
0,0,13.223883949890084,9.855197859623532,-3.836137065301216
0,0,12.178011719754352,9.116282715427946,-1.9971701579141268
0,0,27.539235051253787,17.678030380298484,-6.115989731403843
0,0,211.24093044874286,140.39219240272405,-58.98311477899252
1,360,99.64759487418482,3.4332818302556594,29.913164827534345
0,0,39.978405052958614,25.67474770526357,-4.91982023794526
0,0,26.870197005068498,17.521068076579407,-3.9070894629369093
0,0,51.12279216831623,35.546034021388884,-8.27821013352343
0,0,25.665434719432195,17.864539258714824,-5.583201424547781
0,0,13.954538841507441,10.172901729250578,-3.3255312707443494
0,0,11.217011564979462,8.75144760716678,-0.46054822859916555
0,0,18.76235149523296,13.284338351126445,-4.582107309050755
0,0,182.58991358609111,138.8095486978167,-63.24995932288124
1,360,50.670714690122935,1.8083718502728074,34.701589847365184
0,360,50.60443190741594,60.418152378083946,-74.02413653708751
0,0,45.14288798203274,30.276354804724456,-5.466243628844097
0,0,56.16031306894012,39.7759082427184,-7.478619661564153
0,0,15.340818588467735,10.017053127958459,-1.2095327626836507
0,0,13.345570601267667,9.647515955370947,-1.7527794912543584
0,0,12.563105973120184,8.968553364087207,-0.9755005965119494
0,0,21.526849470260494,14.56587946730248,-5.130778927547482
0,0,179.17697718157078,137.37173561845188,-63.11240214181187
1,360,43.85842053069327,1.5303725992534312,33.43322310432316
0,360,28.542545770809568,53.205683028424204,-74.33889396281384
1,360,64.63943150966988,4.998329952574908,29.95001077983312
0,0,24.520129123082157,17.00442708570311,-1.8566559330458574
0,0,20.25108882701168,13.8757713985998,-2.1783689755353635
0,0,13.148112106803042,9.437603828547992,-1.7363591030208596
0,0,13.056292601591151,8.792374938606576,-0.16341580784661858
0,0,40.78359728140607,22.368347646762405,-11.460921859248522
0,0,153.95706041937171,123.40112551956977,-53.85564558809231
1,360,41.227894520612956,1.3521587258520555,35.249974192335515
0,360,23.28515958158912,30.79305355878798,-74.17276815813653
0,360,26.947322852412032,5.151961363235241,-8.171773210300984
0,360,61.051252208017594,12.30767697258328,-36.309103497275544
0,0,23.768304701235945,16.310616537584806,-2.4594723661918323
0,0,12.743669288878499,10.088963365056028,0.8166781965323224
0,0,13.085398637421216,9.33468603077371,-0.6040184564202065
0,0,26.765601325273416,18.104742541807017,-6.818794005273858
0,0,159.17639476867234,126.52998549111572,-53.68394345037994
1,360,40.45828328114068,1.4072134711979032,33.15252772534187
0,240,22.938736719310036,48.2000717443273,-74.4319401731443
1,360,31.534305041390738,1.6171056098447882,34.20908644835579
0,360,29.07683971112744,44.6453843742382,-74.28824990395027
1,360,66.17640374936127,4.225295432097872,33.14088690244613
0,0,32.11511679528922,21.97388143231047,-3.1987478877609874
0,0,16.852878252898062,11.774467808979548,-1.5621797515663758
0,0,22.638361032336388,14.746107655751224,-4.748159734077305
0,0,166.76612820576048,129.57921679577777,-56.375967012711726
1,360,42.99885855087907,1.2837855153822944,30.671983275667387
0,360,22.108994086461703,39.149324182528254,-74.38406577325337
1,360,26.0550607046273,1.8517104425649007,30.57609220523284
0,360,24.4532139201929,22.539901495119075,-73.76617622958415
1,360,31.990802107136805,3.0891988514359845,20.816661104315656
0,360,61.406573075186614,17.104612402949765,-58.83170185450503
0,0,93.14205759490504,62.33351204143614,-11.42113239415027
0,0,66.08992396629873,47.234299431006114,-11.411789759465691
0,0,143.6161962373293,110.84658699992237,-33.197739690708005
1,360,42.4321953601279,1.4421594950429442,33.060775059041234
0,360,21.585418197488526,41.93077943977425,-74.3732128871262
1,360,24.150372897566893,2.0138215947749654,26.28416743347431
0,360,23.03919225302823,35.39655134598698,-74.30956675755026
1,360,31.031292000494826,1.6506138938710921,35.02197060683372
0,360,30.595911150485502,33.010472425606345,-73.97869202496713
1,360,64.00574648704524,4.403242326865587,33.15204477274678
0,0,68.09538719402998,49.25144064797402,-10.234921716273448
0,0,145.40082716188297,107.43122161971559,-28.815069791683435
1,360,42.77939771705023,1.6720935224785818,33.927749908170654
0,360,21.75052031053519,32.29643771766642,-74.20963359377345
0,360,20.364915267664692,3.960062021563605,-11.617819001890318
0,360,24.385548637552592,5.416629469406677,-48.12753845495464
0,360,21.81807528732976,15.23871352530694,-72.35397301099607
1,360,34.331767918418585,1.5573716060651146,30.817302046180046
0,0,45.08120862995475,29.96428707242701,-69.30744897307095
0,0,66.7478100914794,37.15912315254113,-7.757237511709619
0,0,153.44775626840692,106.73283369122386,-42.96171096235761
1,360,46.429704947886535,1.7504677772202895,33.98233187818616
0,240,22.887098876056193,43.7476655486233,-74.39769877560391
1,360,26.56154837966412,1.749813186467442,30.576142165846136
0,360,22.905917053339955,28.620619535097767,-74.22611923004747
1,360,27.978629195617398,1.5196031108733197,34.14049052631344
0,240,19.86656448718219,14.841997364269485,-73.20649102807879
0,0,26.664743175218263,17.949938608888825,-3.1717608298174014
0,0,48.418247258880804,30.23903133262452,-12.45196140132164
1,120,267.98822872208154,3.749376431575059,4.506902322174966
1,360,56.510798863204066,2.814381506718046,29.189318808701827
0,360,26.877769501378758,37.23316710542064,-74.311250000869
1,360,31.650920381510286,1.4831189660610016,32.16093445313817
0,360,24.10456471826057,38.8959776610539,-74.39431534269072
1,360,33.438187615777224,1.1889423243643829,33.554460859231725
0,120,24.85338146737952,23.531709508440525,-74.10459468950913
0,0,50.25550510243849,32.24729956049061,-7.690348577287878
0,0,126.15797237200874,81.69720888435403,-26.6075559302352
1,120,200.3491547507214,2.036722761331603,3.5440946899931447
0,0,75.11642781280531,44.145414402739775,-13.813766981362726
1,360,48.499561051501054,3.98602868751083,8.054055904902839
0,360,27.235877429583553,8.093738346638117,-66.60337761701435
0,360,23.070234156451082,15.359669639366572,-72.94176886382093
1,360,32.709069652277215,1.2676845552637646,35.45552048216504
0,120,21.956591853121587,21.113990450040102,-74.1001006737964
0,0,29.34612201861689,9.207375261689666,6.554438136495392
0,0,226.27299929811429,150.61747125421,-73.19085387654317
1,120,216.83549587036913,1.7855279185815653,3.445297577219108
0,0,38.57908715503149,26.240883294446633,-6.596248616773607
0,0,41.19797589838592,24.19390246027064,-5.209904048839974
1,360,59.05566503034186,2.7649103306792746,22.595067421630617
0,360,27.58906571706821,40.35076748203142,-74.31492002425333
1,360,33.72983259506031,1.2851907634082145,32.69284012249284
0,0,14.260826002597536,15.233750117779834,-48.82908746841582
0,0,43.47350092824987,33.554970770167984,-9.857673288731561
0,0,81.6953626018425,52.171366944734366,-14.314580495715433
1,120,525.5715276269132,5.3321198132018415,7.708853047399799
0,0,145.3369674309208,104.92657600882512,-30.398642207334383
0,0,28.459126974966388,19.74762057127124,-4.315692338700515
1,360,87.00857457959351,3.5234748205406383,33.75018988855045
0,360,37.513341488354385,25.591140422751923,-72.3512400093224
1,360,38.729364162410285,1.5017084981269315,31.59999334069515
0,120,30.753369068422174,24.097530922239386,-74.04347923088099
0,0,17.98245055878362,12.260774673410742,-6.252611191820208
0,0,104.04683467527809,70.36690617257582,-23.76891045806088
1,120,265.40480698499505,2.195331491994014,3.670403447150292
0,0,109.1553925405605,83.0896172808396,-28.65882213701436
0,240,21.35249453518675,30.976162862307103,-74.08453150252235
1,360,54.226328029250354,1.7931466716484692,31.71175523261705
0,0,175.46475895638045,115.37992082979383,-57.22666094698642
1,360,65.47085814509656,2.7618439507522963,31.90468646759173
0,0,39.35116189172536,32.19504500892083,-21.801041005010205
0,0,50.54211278143264,38.11190861074315,-9.50082960833278
0,0,81.36287136788077,50.83681190240521,-13.478110764381846
1,120,248.14085377519712,2.1730523363437677,3.4448062978551235
0,0,73.77314528451565,57.4209530253921,-17.36847294346574
0,360,23.476122900170243,35.25264211372366,-74.14171545770743
1,360,45.55339486382701,1.6066726624732028,33.61264832017274
0,0,157.86977054978462,128.09358143281943,-42.488966985903026
0,0,130.76234427756884,76.17600620875855,-14.535348119059577
0,0,101.07401859527253,71.47271899347416,-13.58286984367475
0,0,137.5526838968341,106.05113791498339,-21.4041247493712
0,0,153.7127844471122,99.3515324072984,-27.569172834467018
1,120,302.5473149274074,2.7734957365958905,4.759802946631197
0,0,113.97247823905148,86.91861216507642,-31.45699951242662
0,120,17.91795656920842,25.138133331329716,-73.05216854839617
1,360,43.65670055372144,1.5385867710277275,33.26993516656513
0,0,146.67209468034852,125.58085461114966,-46.32800712498837
0,0,193.6524280258767,126.71081526202659,-57.21204434506179
1,360,95.35709457582503,4.399761742620423,32.76016204889639
0,0,110.98677108254009,71.53337315778211,-12.436169684138669
0,0,167.9156474854179,97.84736774096324,-27.887480228484158
1,120,261.4207069112172,2.5380890874384057,4.478416445832778
0,0,97.2078722392093,73.61694485778098,-25.514163745075813
0,240,20.35646216301925,31.923490403745,-74.05427228462003
1,360,43.583508948209406,1.4449573113707586,33.232189923227196
0,0,175.2021133839432,141.6957018452044,-69.13376038055739
0,0,127.38408803095014,85.52397213716226,-73.29048665863789
1,360,58.16118757348846,2.087749845172744,32.46500307236866
0,0,216.52206548655178,144.83149339921798,-61.6560773265094
0,0,114.10968400370973,60.192565999077395,-19.08526949782957
1,120,311.23456211474667,3.1648210777421943,6.169441650509654
0,0,126.33656488998977,96.06238945319674,-37.22594736523378
0,360,24.095131730018778,38.297339712617266,-74.10576717012574
1,360,40.57590240445649,1.4332512844854972,34.748028237414985
0,0,143.80151005817763,120.76414867331005,-57.1795522520417
0,0,72.91136248034049,57.59212929974444,-74.01061236820836
1,360,47.594622923609684,1.5665318261375805,31.56900110691977
0,0,161.65668789371213,135.32523943150534,-53.097414177165376
0,0,33.05192228201575,21.89102084465814,-4.79006003508691
1,120,334.59734024312365,4.509570265973776,7.819232695687418
0,0,43.57975854945415,32.46104307725678,-10.662301455863897
0,360,23.648080521529838,34.333071897037115,-74.107472433845
1,360,41.43300456391062,1.4417308499279509,33.414396279883036
0,0,149.79736814661706,127.58460040411312,-58.33789635701186
0,0,53.751189275573715,43.31201840825105,-52.63801176615051
1,240,64.71706476390384,1.4685316479980874,16.535652726560215
0,0,152.7803029495388,115.98276562889068,-37.93846897838801
0,0,23.91166185522513,18.17808770100687,-5.461447409968585
0,0,30.34407555093108,19.661220931757402,-2.3723410566201864
0,0,81.28964299375349,61.02546044003798,-19.406158190199854
0,360,30.94241490371813,36.07041668821223,-73.71768223351971
1,360,44.20869674385032,1.7494345558194404,33.740955501861336
0,0,174.93206996611812,150.19366415836166,-66.89297847531397
0,0,51.223865414770586,40.62406625368995,-19.769671612472393
1,360,49.20052896316743,1.6071028925536994,33.04152356938816
0,0,165.27152811828051,136.7328465905235,-63.92887097429309
0,0,14.549455036214932,11.430991695840342,-5.441958607402412
0,0,16.497020563946425,12.180788156537659,-3.2424134637733744
0,0,50.80960445735953,29.630246787250563,-6.197313119680942
0,360,45.00028458465613,51.387523311739635,-73.7976702162375
1,360,65.41115326765738,2.1435941675001335,28.39967466217101
0,0,231.1325453934933,162.5086855088725,-72.50204664095074
0,0,69.29048484914843,53.98818542838862,-52.37028741139372
1,360,50.28860788674598,1.5370852803743036,31.241650841897766
0,0,161.5526474200073,130.8163746512878,-62.721563386609944
0,0,17.32407173415863,12.7916747183835,-5.361318014173577
0,0,13.114953250357303,9.734975760699188,-3.171702542435227
0,0,22.724348115954616,14.070486876177474,-4.111003706065745
1,120,157.29969523153846,2.8077158462404372,5.708829776314815
1,360,87.56588383462567,3.4607806295227053,32.67372186114187
0,0,231.73137376886314,147.76793714980965,-73.12118952596876
0,240,28.644935333689787,26.476509197165402,-73.9055378474912
1,360,49.16703643153832,1.439376735887411,30.66283215666708
0,0,180.6392650099711,146.34656826364846,-68.68844113783571
0,0,26.92023909042059,19.096013780144695,-6.657766785267043
0,0,17.4405344845249,11.502592688557499,-4.189550116920998
0,0,25.236982914966294,15.845542575464428,-6.738769592942205
1,120,217.54504189997277,2.282775271559945,3.8139236355846293
0,0,185.38546081826453,100.05236611366892,-32.5703343090562
0,0,198.44473167769075,146.19438903360367,-38.90471140273327
0,360,35.17748283773051,34.67374790445389,-73.36843054970113
1,360,45.60138893730981,1.9672332948793496,32.00898757459616
0,0,184.3920463715027,156.56242467132478,-65.17225532899964
0,0,44.23057774678421,32.24289828739533,-9.45839223073034
0,0,13.068116469039424,9.641613543836797,-3.5602545587331775
0,0,21.580939780151358,14.267176164128545,-7.028840913683595
1,120,136.02349189612912,1.340252641098827,-0.3989884262613117
0,0,143.7477984650238,101.3479859500886,-27.639529868127724
0,0,129.24718318044236,73.6471226009631,-13.187502367047628
0,360,39.185037611174806,47.77843992557857,-73.86127989993638
1,360,53.70916642520714,1.9209457862147976,31.22236604516918
0,0,183.24592451189415,143.07595461292362,-66.61920160042673
0,0,39.00658481393171,30.579780600669,-10.236378900827646
0,0,11.991912888970496,10.218348677876566,-3.7490473895739598
0,0,42.639673302247516,28.18139107711725,-10.417581881833314
1,120,158.78420601099447,1.424296229392065,0.3925792038810272
0,0,121.77084415277805,86.9874377070901,-23.969602241632728
0,0,124.86887942887111,88.14246476350839,-17.442410487745313
0,0,61.606818630687016,36.76625458331648,-8.548230594799165
1,360,110.60780431890528,4.474006105582463,30.274771419733113
0,0,264.02771939184663,156.4288310989858,-71.05425624332831
0,0,21.2844891428554,16.091709555423563,-9.278284219832528
0,0,13.989348608777803,10.29599789895417,-3.9229186505798452
0,0,21.89829705207715,13.697943904566664,-5.225079585125741
1,120,180.3061854781654,1.5784040982934062,0.46701219090903123
0,0,156.09408175245918,113.19089327392813,-42.87996915394424
0,0,70.05511026439312,45.51760004826194,-12.155815702681501
0,0,150.9487111495908,111.47252580304541,-22.165420411246373
0,0,156.6469493587694,90.66003805747256,-15.379528438377044
0,0,274.61508037050953,171.10956209765848,-32.555616745058884
0,0,79.94496325808441,61.0695633379172,-13.693857346090695
0,0,16.615158124737228,12.29132717288074,-4.392540088704024
0,0,18.074589031732785,11.603277446044961,-4.396778414064499
1,120,111.7788038235904,1.2167539782110446,1.0297935192747474
0,0,146.72993906585617,109.38522908189933,-34.7950054777839
0,0,116.65666068936275,87.29625379460396,-19.77721566507865
0,0,40.62127855253365,26.973740348274195,-7.014514707823693
0,0,244.80349893617995,56.63674872469174,-1.8057210878002792
0,0,261.5701345635838,145.16722994969746,-26.641520820501135
0,0,25.27607346826687,18.44721766117727,-3.24037340539752
0,0,27.92091350026311,20.355745770995842,-4.652360258100444
0,0,22.356463412955463,13.899142947696351,-5.426658169583433
1,120,176.56759680211943,1.6434139239116057,1.408819711972754
0,0,160.32912027157934,119.60949355546317,-40.54537630921737
0,0,72.21411187567566,52.071439448542904,-12.671542460100227
0,0,45.56622343368692,31.797479306373628,-9.826976655251457
0,0,100.27066847444898,70.07846781043013,-15.235575257960889
0,0,80.9658585678824,58.380216413713235,-13.137087944857115
0,0,156.8913576980438,87.57167430674953,-15.371809523624279
0,0,43.09464814732233,28.32873228801697,-5.884234936521111
0,0,26.10775748400028,15.721370038076843,-3.773852834070709
1,120,168.83702486118653,1.7151677777461865,2.09354657060193
0,0,183.81741174496582,137.36794860754276,-48.040475841226254
0,0,96.1134911749773,72.83476931292479,-17.863649235285955
0,0,72.53943322966408,51.982523588239,-12.865547848260569
0,0,24.282072562091802,16.79666417210258,-6.00752107657442
0,0,44.80294007289877,31.671533016480613,-9.616471774553247
0,0,101.26128850645202,73.11688471935615,-15.188816287309173
0,0,76.04376170424403,44.78256771733479,-9.979548041459537
0,0,56.99648653259527,27.66109973457966,-7.610994469851164
1,120,204.48321194492533,2.1905910362810346,3.39300546864591
0,0,168.60838290413034,120.6193067769017,-38.2485037275218
0,0,135.1022615948215,101.57742696519908,-23.184283851535632
0,0,118.23213702294152,85.33502170744178,-19.356006061229095
0,0,80.81116564981235,59.44466515712198,-14.663717751514781
0,0,52.73729838698041,37.29293087133033,-11.039970385234277
0,0,103.65959497321256,70.92933364691037,-15.479195698499161
0,0,131.1480323440709,94.02223312826324,-18.439707596632566
0,0,61.10950104829297,35.28747190676513,-7.707818138400398
1,120,359.68050717149356,5.307173160609604,7.224110196987581
0,0,230.63683092272404,129.7409649908876,-54.15071505185457
0,0,83.80652089096475,59.59469728723169,-14.933375998344204
0,0,34.14003429734802,23.75268469447625,-8.26281810124675
0,0,79.69310559736086,56.5612395592581,-13.798370785701607
0,0,108.3662865812839,74.6960626330297,-17.432576573696757
0,0,106.36568416448839,81.17678229142683,-18.348408739235936
0,0,23.864588835554287,16.673568002398987,-5.527641059188753
0,0,43.73609502462576,23.52221239514498,-5.942239208546738
1,120,777.2917619741337,13.263714075568883,13.394445780322883
0,0,208.36433048111743,119.15532274714703,-21.298845247023237
0,0,164.50844698487623,119.50813465931499,-23.840270867371757
0,0,27.47003467892689,18.622266886790463,-5.673709238900699
0,0,23.006175874966573,15.248009171876296,-5.012451378362854
0,0,49.594144343116916,32.302425365123185,-8.099546817026479
0,0,56.71269532952909,41.52106656161004,-10.22132826607509
0,0,32.47747149855512,23.501151373537628,-6.969267045723896
0,0,40.00802217254062,23.032952563873927,-6.690361922052034
1,120,748.371157624486,8.765796123760534,14.105568496305082
0,0,44.8926076949033,27.074284924368257,-4.421725413632217
0,0,23.896515024173848,15.763562524202799,-0.8256437369591083
0,0,28.536591093570205,17.477699193835473,-3.034285875590726
0,0,80.19445301998604,53.396352265179324,-11.621765890339951
0,0,90.6875466228769,65.17795734992734,-14.750549297406714
0,0,48.42034306994992,35.69232140633621,-10.429917989930644
0,0,52.556485044638414,38.86878669730904,-10.622437049845715
0,0,81.69096507545888,49.006434567192386,-12.397042197166463
1,120,668.3923598866506,6.661519138856162,12.25918243784497
0,0,23.89927450874819,17.395466956951548,-4.187443444394077
0,0,29.54574986138113,18.663339330627448,-1.708131356513988
0,0,78.14595580496889,50.28039179954259,-8.08317222602183
0,0,82.11607645122953,49.17217828422865,-12.001362466706304
0,0,212.1678378242447,112.30180229608388,-27.643776520257077
0,0,34.37083089525772,24.703556923208556,-6.095476736265297
0,0,15.080761526543933,10.674998372239827,-3.8456961959766858
0,0,67.72131800994617,42.18620543598888,-20.056445532736873
1,120,828.5266212048634,8.538656478560789,14.237231365852764
0,0,26.739175721494906,19.397214988951774,-5.4450270217351004
0,0,16.087936627562243,11.618281081713398,-1.9868449645015858
0,0,37.193759715206106,21.132576107745912,-3.096978118496395
0,0,158.85566949158985,102.89289479629429,-16.968683952562763
0,0,166.01366584843973,104.79724282375892,-19.42674612625833
0,0,29.09561376607291,20.982455219568028,-7.177315529602183
0,0,71.75026108688004,53.11646285474367,-12.826532772668259
0,0,51.566423895587135,30.589157961015413,-9.060210306221407
1,120,789.5335341495891,7.933407462902774,13.263815430116452
0,0,63.72457688624621,47.27655954232687,-23.37094086615842
0,0,14.311750534715575,10.80284450744942,-2.99793120265592
0,0,15.534267465439601,13.232365571201692,-0.8837645837490555
0,0,147.44129411133002,79.88447608955263,-13.442243207426586
0,0,77.87506670899313,51.932571111009075,-9.56489993148827
0,0,62.07596777693981,45.351371683996234,-9.355223564293723
0,0,32.871222922381016,23.142720934767866,-7.407221781793311
0,0,139.59598938337828,76.72151047809292,-16.12202641950317
1,120,891.0223247860247,10.821417485431203,14.73351511793416
0,0,80.87729032747379,58.2401589998374,-14.130458982216936
0,0,13.24237304806738,10.252254964351467,-1.9459522025265983
0,0,14.306296829858963,7.498031527738855,-1.0337213645284749
0,0,58.694494276486935,43.497725646337294,-8.816444147227728
0,0,183.16962228153216,99.59565936054754,-15.548116364527885
0,0,164.53497921763898,110.76115383715097,-18.540353252098214
0,0,26.62201988273122,18.959213646485342,-4.199891963871295
0,0,72.08261260010384,40.74171155092055,-8.116387707088464
1,120,827.1925970138931,9.05628296576556,15.373685436280667
0,0,22.167092175414563,15.773394945755927,-3.3999892380789873
0,0,11.94741459158237,8.603399149438049,-1.8866323010177553
0,0,14.248381664766958,9.80850125375186,-2.5872383079031636
0,0,82.34322560250666,50.55239160391756,-8.996069205530432
0,0,30.5882430557756,20.19969781626487,-4.772881910885232
0,0,37.19527458215431,21.591852618269915,-3.4452535537165545
0,0,71.48963778828143,41.94507371532634,-9.126245746832836
0,0,41.5467887206561,25.712093719095108,-26.53325200812486
1,120,710.176331913685,7.304052178583808,13.837113467578988
0,0,24.794286948953445,18.35459650374129,-6.83456490553462
0,0,11.642498899841016,8.881335882373685,-2.673120602142646
0,0,14.03441865813303,9.928457782900768,-3.413362028902
0,0,50.67998038116535,36.553440912978886,-9.702179206646235
0,0,63.61409455114998,49.41149821321369,-11.811470502373211
0,0,19.942686551329462,14.27975867693711,-2.8303966127685385
1,360,81.5605100285601,3.3772050463211247,34.71235635952843
0,0,131.17475577363294,63.571842066989454,-13.310093221899365
1,120,762.3988255648595,9.698456042216685,16.057471370026292
0,0,24.30384509761072,17.664792748415238,-4.428653285341284
0,0,10.691255297122098,9.058523754772615,-1.6330988421265573
0,0,13.872554940874304,10.869136922374315,-4.46730614648726
0,0,103.26342049764185,81.72704286612921,-18.99938720359009
0,0,124.97677325345391,103.70346165210313,-24.25576414438445
0,0,25.21249501721134,18.10358305148774,-4.010108247533665
1,360,46.03430629009754,1.5997090284809805,32.9346328372617
0,0,35.51717704341927,25.39966250137558,-3.423270883870501
1,120,820.6446655212327,14.742347413148375,16.06952020459721
0,0,50.16363504038063,33.7056876053751,-11.617052939153261
0,0,13.415156124839287,10.043891877147034,-2.904479875503526
0,0,12.834187185110624,9.34949453957797,-3.53029484429905
0,0,22.356505696862996,15.634933768249152,-6.017933701060215
0,0,72.76896498720927,54.79882554482516,-12.714670959519793
0,0,48.800872499732755,36.415595406516495,-7.990678477290771
1,360,39.75082938574461,1.3558282732066642,34.796190268623164
0,0,20.243977776822778,17.368408425879853,-5.363674489766922
0,0,29.528604656091133,19.08058396486316,-2.195555426505919
0,0,29.715271561980565,20.181785592790664,-3.4033699062447056
0,0,19.422695602342937,13.762510468165784,-2.6923887453334743
0,0,78.09961264231072,49.06365111743104,-10.227744041497957
0,0,89.5235110939197,61.573771154956795,-15.74332497079154
0,0,103.04874326065672,76.07188595048913,-16.384278005412867
0,0,25.448726016454646,18.388359791106343,-4.501412591824177
1,360,42.036649627877914,1.229087827542876,31.10592450913613
0,0,41.77783166828796,33.915167917152054,-10.455381249168994
0,0,19.69172052952565,14.599923117454331,-3.4848639932838665
0,0,30.773168967733053,19.19950709650394,-3.99487858725017
0,0,32.59420082138193,22.40912563923034,-4.84590767397232
0,0,22.848425646538683,16.82641080466781,-5.125158358552753
0,0,153.72360912744114,110.71033350325436,-22.865593426149964
0,0,148.29520843184218,117.31601888621982,-26.90186141295262
0,0,28.957509008771854,21.118563603838847,-6.352877979301766
1,360,45.62661956109277,1.2392356572311523,28.125665678601237
0,0,75.25248639666783,62.28546434052657,-20.347949057725813
0,0,15.344339183377702,10.845541364819969,-1.9761200861827604
0,0,30.49514676039923,17.01025271446399,-4.527616933492951
1,120,456.4848585658056,6.136045311337461,7.360760801095026
0,0,23.25076621888644,20.77871741391667,-3.074945488037045
0,0,70.30795332400534,55.39020223796952,-13.076069382496541
0,0,85.83056697684218,68.44118294811963,-15.732970633687913
0,0,36.5265895146754,27.235523112800582,-6.949636688086741
1,360,42.342671135722846,1.3378272916642793,33.67317560316933
0,0,77.02342468890328,62.54169620364598,-20.50273120107181
0,0,17.144337550674148,12.503911199327638,-3.7742525189770078
0,0,25.66702863890318,15.267140057715228,-5.843450422541579
1,120,575.1618002348445,5.193648069258378,10.916324420392783
0,120,250.92414970477003,82.83401095077215,-74.09602143525858
0,0,78.28859597096076,51.30707750708517,-10.320121215464695
0,0,85.3790557353237,68.14823060422066,-14.785450949171768
0,0,19.91049930554164,15.556788629076305,-9.586878437949878
1,360,43.88879876061091,1.1445941090467113,27.319784332752306
0,0,37.61660246741597,29.866802536397913,-10.43924397107746
0,0,18.430547834376355,13.295044264779149,-3.9259995550658573
0,0,22.176668561255823,13.15359208126044,-3.0386740827910472
1,120,251.60448674642095,1.9995239731845917,5.789557800616919
0,120,344.2868410523303,87.16943401261136,-74.11884299454297
0,120,224.5789662415309,11.62741330072864,-21.11229231701146
0,0,27.474152763834628,20.640863454304924,-3.9657015890908554
0,0,23.023911216531292,16.802684223298527,-1.4642736030626082
1,360,41.727065241215485,1.359654908253374,33.462250220642616
0,0,43.87018281071101,36.329040792597894,-13.707026131076127
0,0,12.950998318106365,9.553302788140583,-2.2701882559870654
0,0,22.140490082282867,13.449362141609672,-4.172230437648338
1,120,349.34687905293185,2.703032925217356,7.601978968811096
0,0,476.08117740777885,130.0816269097221,-74.18642113172181
0,120,532.5019115479338,66.37927385219025,-63.713990376547876
0,120,451.6032807161702,18.407855571225582,-30.7278118713569
0,0,32.07815330638072,21.911994517055533,-2.2403700966239057
1,360,44.29825773687062,1.5656289241225552,34.97552389001504
0,0,42.80234133296479,34.636911897299846,-11.274094145863671
0,0,15.616195293934487,11.632139315644812,-3.4864627329090325
0,0,19.03896178774127,11.57960299243001,-3.4032450047114935
1,120,289.9836850015199,2.1640726262313956,6.209077070383614
0,0,388.54492907704287,130.16978762201734,-74.25844286862993
0,0,505.68500145851294,69.33274224557431,-56.02548082035364
0,120,542.5244477666079,120.57595902703113,-73.71582107056904
1,120,385.688154746759,7.689540443996152,3.4558309398536693
1,360,68.47651595224136,2.818076237413429,32.17842899455732
0,0,75.2180121430116,60.001693886737854,-20.945960945227398
0,0,16.595451985395233,11.770486375635352,-2.9343813025554937
0,0,23.652213313883678,14.065533330657946,-3.4672945109447824
1,120,348.16440038656646,2.7540816702537083,6.04862023404516
0,0,388.7073875266532,157.71272923497247,-74.19091410658842
0,0,384.685224582371,81.62432019521911,-50.87658164889185
0,0,377.6256798697083,160.06540976226836,-74.33850034408879
1,120,175.65467620785776,1.8927154373143575,3.804880764579778
0,0,37.95732251747014,23.970215222151552,-5.3009572665546045
0,0,74.28023596484253,50.68985671865918,-8.371882120051168
0,0,18.689330863781827,13.019770273888993,-2.5977633437688468
0,0,20.594204352349234,12.83198919649537,-5.527982456712877
1,120,352.47309379575074,2.724341025335937,7.753750985206594
0,0,401.5882570648977,138.85086769184306,-74.32465043916682
0,120,583.4623886642391,23.584010552331733,-14.132295034755217
0,0,228.40260807836782,137.5726838848175,-67.38283760478055
0,0,82.50245576769827,60.64172690754502,-15.095002745710453
0,0,19.15420014321979,13.740644988511889,-3.1196768904662235
1,360,82.562984262119,3.2722246801052646,31.42191706140433
0,0,27.509093978904502,18.41011537981868,-1.8194352761474306
0,0,22.800834189392845,13.551703011940765,-2.826100000025903
1,120,303.64125476825643,2.4456146273651194,7.024767349974454
0,0,388.0866450565957,143.47088575058984,-74.32876161866965
0,0,583.9850324688157,44.68208513100263,-35.9998223207255
0,0,163.11250444582885,127.57543719021692,-31.84643416622597
0,0,85.94560862022912,68.69179064920435,-16.199798440852483
0,0,39.36614142557726,28.741806701906317,-7.67752535321101
1,360,55.40989872348865,1.7752902741814374,30.541294638078796
0,0,131.90396565867104,88.45946349959375,-26.516136334689797
0,0,40.20728232915238,20.9881963168354,-3.7759012192154557
1,120,329.83050988795316,3.56030237454533,5.9953622202817485
0,120,474.81913145801747,78.64286624205124,-73.60504830771617
0,0,395.3071186444745,100.66107176298227,-62.63740473352884
0,0,212.252052660608,150.91986858365019,-39.6728933024731
0,0,153.31843369485776,127.6374494938539,-29.742147258596518
0,0,62.112427535819414,45.45317859706,-11.235108213962441
1,360,47.184060888892546,1.5881641397552175,33.21089004842938
0,0,83.68400051123642,67.41098636588006,-19.53958217136588
0,0,128.40654968375767,75.00552679532711,-13.162676105628677
1,120,488.73990568014295,7.1045536273318435,8.606303870633994
0,0,246.76723713932813,154.45050110840356,-56.35755444502343
0,0,79.31118263706013,58.92081222099129,-14.707687254591342
0,0,37.388045078174855,27.638493195499354,-8.196253910811379
0,0,19.309668879071562,14.481112694471559,-5.5006623280140445
0,0,26.818869856613496,19.74047766006987,-5.4498357307639225
1,360,45.6971380882763,1.4014839089572488,31.203314397969265
0,0,105.87420543819567,86.96190356061798,-37.9856151437927
0,0,23.617693099458393,17.745549910737463,-6.603963368141919
1,360,82.97629291239514,3.20826357332839,33.42896812542493
0,0,53.034793252949406,31.019682492881124,-8.965718132958884
0,0,159.9192531636904,124.18995087524853,-24.483592867739752
0,0,108.93698696598928,88.16483743212332,-20.162070595993406
0,0,21.04961306708397,16.306189905041474,-6.290539624073531
0,0,22.908520271299494,16.981512006671498,-7.00709139336621
1,360,48.41293051711599,1.3356295608867277,27.01027000667358
0,0,128.35988295728532,109.50782228921655,-43.84609084014072
0,0,34.12770210379395,25.5960686088234,-7.154029720426237
1,360,45.91271615633498,1.6456594678151721,33.96756019019112
0,0,35.95931596491111,26.260534048970637,-5.4032141517987355
0,0,26.73379463465341,18.849273394887938,-3.1615355576314244
0,0,23.514479919596624,18.053282586276204,-5.550718699142678
0,0,75.1800081022916,61.08291931389136,-14.910752167294298
0,0,21.474867840454085,16.633956544541455,-7.590065136268564
1,360,48.59061117343889,1.3905488797356857,28.207351281324648
0,0,141.79288472953505,121.49455713154234,-54.94927924954925
0,0,40.906621391163284,31.312910972992235,-9.65375904560274
1,360,41.40590609447308,1.306918791331521,33.322360503440436
0,0,31.753982810049536,19.819172253950516,-9.062550128276996
1,120,498.6497828616981,6.981529309397732,8.989393526545953
0,0,28.2846911489391,18.28667685756638,-4.859259647873145
0,0,51.28905984646625,43.15882761800062,-9.69956876460202
0,0,23.95195290381354,17.737381350748205,-4.358583525206967
1,360,44.64136407005436,1.410349677660664,31.022148887423555
0,0,111.07001522746083,97.50222001753993,-37.875252149042836
0,0,17.381270830468686,12.872338896062866,-3.258517434789397
1,360,44.09890565872074,1.0661153346354275,23.795471077065244
0,0,29.02256004286805,17.907241751518274,-7.48278720938913
1,120,629.5330517610936,7.041520605910769,11.598828031730719
0,0,108.9192939083321,63.58130395882937,-19.720477061922956
0,0,23.756257464450044,17.707298001067173,-2.6433940372371865
0,0,21.278646609892544,16.52729752375036,-7.009693508641547
1,360,46.89672886817801,1.3626128941506568,28.6660646522146
0,0,90.01460742661382,75.00115369939634,-26.839918579246252
0,0,21.386764723028353,16.035345364411103,-3.169029649624406
1,360,39.096241405351655,1.1531995031393962,31.123085979800038
0,0,21.86674222647159,14.180145356129852,-4.980992845530125
1,120,560.5304798767805,5.464002679440965,9.862371976038645
0,0,93.17708337778998,63.21535585257036,-15.481202449799504
0,0,179.8858613761,90.65763172762405,-14.473013927215788
0,0,31.099335999872185,20.95552489459482,-1.9017870203813345
1,360,51.22773714995616,1.8055078176084123,31.983441047669004
0,0,134.66695060518114,115.3461195032567,-47.1701911014666
0,0,27.782882280192553,21.500361365130487,-7.422334867312472
1,360,39.2263655347132,1.2043360376539012,33.106081008523205
0,0,29.188590563449722,18.748373786521142,-10.40547475988022
1,120,655.3562091324922,6.537635417404726,11.252659269037466
0,0,101.33492133534703,71.51402671663473,-18.319219250923304
0,0,67.53052566542596,47.62433901291471,-9.944400750012477
0,0,125.93096294146955,69.0142444843374,-14.01831822231096
1,360,80.62140282651907,3.4858019516008736,29.10235403450781
0,0,134.33523886586266,111.17335194122428,-46.02098042111287
0,0,19.285960475959858,14.498854446100522,-3.4537551847441392
1,360,39.13692955498474,1.13447991584856,31.514244274757772
0,0,21.962246866146682,14.194431178532591,-5.202876255904329
1,120,517.9423046970489,4.5486562197133384,8.498413926241795
0,0,129.6846708721054,94.66310019313968,-36.264193069315425
0,0,19.70047881367765,13.869086366321595,-4.509597805634286
0,0,44.487663904596005,30.072343680577426,-7.3356948371048105
0,0,47.288994839947904,28.17029772745264,-7.319861486077443
0,0,167.0038446570598,113.96334206159807,-19.953081187231554
0,0,62.94083179107273,46.27185765852911,-8.453126404023891
1,360,42.7411362960235,1.4104756824181734,34.628414202438236
0,0,30.930494518654832,20.353229550205775,-24.141404300571665
1,120,581.1569670733172,5.256200670024687,10.641074748259726
0,0,85.10271753056823,60.322028799100316,-15.668271639481901
0,0,25.327203904630295,18.170378428799005,-5.4831219893660545
0,0,58.78502228408826,44.10307257764195,-11.147814532397618
0,0,98.02441493918371,65.30726799326195,-16.492530164251384
1,360,107.98850376706007,2.932528181369507,20.098802032308654
0,0,27.81190558663831,18.37290884295143,-0.48432115375464946
1,360,43.8382051460301,1.4619185555430034,33.11337525806303
0,0,25.550203717676723,15.606729835440433,-6.636362825858214
1,120,645.7295385330208,6.7638839597770835,10.508804024583725
0,0,173.45553062244784,121.03555112179757,-46.215304308182915
0,0,65.95670391953333,47.21883580312717,-11.842691722292834
0,0,83.80378530599032,59.81547664197412,-14.636106185905113
0,0,182.9864851627065,121.45798317201817,-69.5078279823867
1,240,86.14220305223543,1.3671912431141082,8.423023360792484
0,0,67.00186651539478,43.0074091713974,-17.802260131710177
1,360,66.99857204746858,2.572958328510177,30.41265438563495
0,0,45.621666828618906,29.38418124508364,-44.89120441932759
1,120,478.04676874913554,4.247967483085649,9.566322035240631
0,0,82.8682593670744,59.47404830426513,-22.42744301101184
0,0,20.223264177422998,14.510057686706693,-5.545681003969619
0,0,103.84311448563679,77.7713409085578,-17.52588634577816
0,0,115.62226394404581,82.22141121732456,-23.08049900420182
1,240,64.64165233403084,1.1046080710085742,10.009797419078211
0,0,24.47506734666536,18.026032450485893,-6.535579778706037
1,360,81.81080869999718,3.2732453978893656,33.73139637118585
0,0,37.90046353085113,19.521576313341527,-1.8115664795547985
1,120,312.37688945326164,3.0827476896231505,7.455236320819779
0,0,84.89345263374757,60.696875253909205,-18.150560547236978
0,0,28.677999510951263,21.135395233054382,-6.819938935994998
0,0,75.21346018844395,58.804029144994466,-14.601824878421695
0,0,92.83070831471072,66.72357062524559,-17.194655806457583
1,360,55.08658493589274,1.1382302083901958,17.12227359423248
0,0,46.5948217683793,39.0356349591938,-48.555005625618335
1,360,46.23608509685376,1.5824371310700962,35.42392872103021
0,360,48.89988670373324,48.65991179814136,-73.99223343286
1,120,372.03743864990463,5.172978358023056,8.900863319802284
0,0,54.41980448268365,35.37166809201487,-10.052657072235434
0,0,84.27332052270322,49.08988969301572,-13.023922992378758
0,0,64.29991747019584,49.19743629448864,-11.990837430840614
0,0,76.12704261778003,55.429515017883325,-14.32594653523811
1,360,48.47723147146114,0.9900288014904008,16.799594646552762
0,0,13.818828640274392,11.768963399893995,-3.8075762480390978
1,360,37.07539051213924,1.3259309808649873,34.08858144910877
0,360,25.71728214379295,14.496783424509593,-73.08571931201604
0,0,24.653703986984695,17.356941728785586,-1.9979612009578318
0,0,91.25359210089191,53.36353150396688,-13.975356258269017
0,0,187.703148419233,140.04967079103236,-28.04065946882055
0,0,72.71576080094587,57.21931160077973,-14.467530749907596
0,0,33.68499326876576,24.111904093852083,-7.977767822140649
1,360,46.29237784679796,0.9898253975841488,17.578389013231543
0,0,14.296100892850781,11.132546918150718,-1.6632500722449635
1,360,38.70645731511098,1.1038132108086882,30.92481728597258
0,240,19.94681015152949,17.802755190110318,-73.99805312872617
0,0,12.266557898993819,10.159815549626531,-3.478760471694031
0,0,26.16808191260639,17.737792737349938,-0.5546407169553902
0,0,116.87893432225803,62.934587314602226,-17.197590992488166
0,0,90.72832301718658,69.95737926369733,-14.596712242328714
0,0,74.87263718626708,53.084059115565864,-13.918197153284822
1,360,46.83687691627784,1.1038500172298196,21.553330347225028
0,0,20.075397352773685,16.374302564793226,-9.70135901991145
1,360,36.909012528143485,1.1960049306469198,35.5330510272168
0,240,20.368318203005863,20.007774695689385,-74.05021734333359
0,0,15.32557615901681,11.610093502138103,-4.595180336194048
0,0,41.38391478569344,23.005388252699415,-5.032448113830782
1,120,800.5786496806395,14.188188527737074,12.922492846912007
0,0,204.93443639124487,133.54607691049216,-23.191428219235604
0,0,111.15073704537559,77.65623155613243,-19.864767476478796
1,360,56.21481886418328,1.1599809541523822,15.462465446090775
0,0,16.253568208668476,12.97086457832033,-4.337658355008813
1,360,36.34502976944387,1.1937887966588028,35.00488407708974
0,240,20.387042620320745,15.91750000931254,-73.99233933895171
0,0,12.646726077131843,9.449729166862506,-3.3558906700847757
0,0,26.278420850103156,14.956075432474071,-2.1689930337752656
1,120,895.4625615931191,10.601244644154686,14.769578353958138
0,120,391.77700801688286,119.91940855239264,-74.07755357262069
0,0,78.19942472526208,49.515584658885714,-19.612736999370632
1,240,61.35978133542242,1.2066991331656263,12.641897389157279
0,0,17.51838835045034,13.444879154737333,-7.032017576011739
1,360,38.82005762878022,1.1355558432643578,30.789906976561284
0,240,23.06947304611546,15.984034747852156,-74.04607347475762
0,0,24.865357005365688,17.274467168286936,-4.398302212769735
0,0,26.95709595034487,16.37183847175749,-4.747793356246532
1,120,689.4051822773177,6.678944601813584,11.090903456753566
0,120,212.62507761601879,117.36526129890429,-74.40124363724351
1,360,71.80346527314344,3.942469608906505,30.18370987524959
1,240,78.0649030695169,2.0746552123993465,12.880401030218124
0,0,16.407694890063706,12.66253595575236,-6.1422648506081
1,360,39.86549231239451,1.1758110612771324,32.756148546295705
0,240,23.27342303960206,14.222032120020957,-73.9216630907996
0,0,21.424869877440287,15.22332456691393,-4.979427412980485
0,0,33.671388881124116,20.5733749187469,-6.81524680173051
1,120,831.1148375693782,8.784677641693621,12.453129538623145
0,120,128.25287157946846,101.67520172602256,-74.45451458026719
1,360,44.829317877477465,1.528892065366106,31.03377305678154
0,0,32.89952004867563,24.144465625151103,-3.7328018634869693
0,0,36.0998676735569,23.595811148825355,-4.691029772784191
1,360,45.64921755202399,1.4277864114838876,29.412342986412753
0,240,21.14166697221807,16.168373984601807,-73.9726449042259
0,0,13.795822517713917,10.008576732447011,-4.341180578245513
0,0,27.021705761058094,16.192852896263304,-3.611131116596596
1,120,747.2859245917276,7.39452412279736,11.8692731582194
0,120,76.85070044191576,72.41665400430595,-74.46219924467765
1,360,37.27554782296305,1.1940283025570735,31.2152716380825
0,0,14.266956249974706,12.653898245974135,-1.6767311110634324
0,0,28.386970405973575,18.053892621887684,-0.3025894229250241
1,360,59.98999598926223,2.3667816131638566,32.62279534266517
0,0,22.56244303400374,21.546715618453455,-67.55928600075514
0,0,25.90753398966903,17.53358578190962,-5.529643647104649
0,0,27.655782369435126,16.103410122983203,-3.678627905146655
1,120,847.216549558643,8.87187258167554,12.718695178547506
0,0,152.7838327366026,112.28376891080232,-74.46184636531987
1,360,42.53140076092767,1.1066561105997064,26.583648003051323
0,0,27.351531270414373,21.903600539750258,-8.093826326805171
0,0,30.619435710520968,20.148242087308734,-3.4962300328065368
0,0,33.36975754593976,20.882202277126567,-4.65360094666373
0,0,28.65127608138925,18.55235229736878,-1.6941174044871303
0,0,37.10118001887397,23.62248928817627,-4.070910313903326
0,0,32.23519206210357,18.286424671944086,-3.7742525189770078
1,120,888.2154969426932,10.045090815496614,13.211564955387658
0,0,215.44987795848328,142.6555851311446,-74.45548079445858
1,360,37.41841227750792,1.172047648743275,31.762864940009138
0,0,13.788762943586361,12.13181201805774,-4.880280575913432
0,0,19.737434948863093,14.010654076214763,-3.2993768896888724
0,0,19.748656730236686,13.636147156238133,-3.3896640446664463
0,0,31.48397616083971,19.047526515468892,-2.747004022424491
0,0,23.16465412197637,15.699642626529009,-2.520091243646121
0,0,39.22814513569119,22.80731969254595,-4.351555732271336
1,120,742.010775484481,7.837300790217845,12.420680120293568
0,0,115.21379404353627,95.02437652552419,-74.44789988939473
1,360,38.01306741504715,1.1374447699296903,30.588765547469848
0,0,18.193096117106826,15.119763625359882,-5.291331521728068
0,0,18.546501339421443,13.471045878552525,-4.302294567570854
0,0,37.786852186597315,27.805628864462037,-7.120322959995619
0,0,15.96056646748275,11.962757484192439,-3.415535315579973
0,0,28.267251794727123,18.056236961974285,-2.8575835131652667
0,0,53.53196376088246,26.19607033202195,-1.6572298183439358
1,120,785.42750934765,9.524631818830235,13.949349985327103
0,120,120.5329919518496,95.8230977013762,-74.45360709256492
1,360,39.49491982362075,1.1747261523901493,30.422912964896454
0,0,26.867126825695316,21.889662705329123,-8.4915461156412
0,0,28.151013332913866,19.654757090220542,-4.470578566657537
0,0,13.294627684842006,9.31233519946126,-2.3247618992336783
0,0,15.028310177677733,10.785737446450874,-3.5410530296934013
0,0,43.94353252126861,30.69009701741251,-7.688766491200482
0,0,72.88272708278559,42.09502131394253,-9.995235674031491
1,120,752.2811027550323,13.422295157388625,11.936753293231689
0,240,35.020933104590455,48.96145254178069,-74.42166292370571
1,360,36.81214561127347,1.19887134075957,32.69077508381032
0,0,12.554649191613217,11.898112024532713,-8.414648405024408
0,0,20.554613745881294,14.695146436032108,-3.971105662094672
0,0,16.955232885593798,11.950143976502922,-4.409976342741018
0,0,13.727797821859562,10.095019342136716,-4.257263401461955
0,0,15.242681315940912,11.097902389965853,-3.8920013577243964
0,0,33.09710723329363,21.791410341567335,-6.303096391546205
1,240,101.76934987822145,2.9806170913821557,18.997561867478836
0,360,36.536921495559994,44.66903628612155,-73.8760943927277
1,360,46.28674121808049,1.4704147631232414,30.409406945771337
0,0,39.019383968899426,30.56271650984632,-10.391635669999872
0,0,36.61884932405488,27.03405356889167,-7.492025759462692
0,0,46.72017333148169,33.98171110884102,-9.355356792595828
0,0,26.441463920695952,18.206533957430313,-6.194627736716782
0,0,18.07224135564922,12.685669407808863,-5.394845749073255
0,0,122.58419533694897,80.3398585159424,-22.35198166802703
1,120,182.4044968131201,1.8599827297409832,3.827721091620589
0,0,36.83893154748141,23.25293732257739,-4.395146367363807
1,360,59.755717403488575,2.485249155276089,33.05723618226676
0,0,18.462858255025253,14.434748579141017,-2.4946030041011227
0,0,31.425190498781717,22.19451849237217,-4.729307929330531
0,0,18.383331417106042,12.839126472263837,-4.375761649408645
0,0,13.941245148664642,9.733144949435642,-3.537422558461259
0,0,21.148011396779054,14.572405298601247,-5.378312949459868
0,0,59.31276957246128,38.90335726043708,-12.50570236768015
1,120,158.50255841819722,1.4139534489468875,0.864590424674077
0,0,23.390398712151036,15.04197210960154,-7.527947440415687
1,240,134.66377379682376,2.3853063377514307,6.89486142866069
0,0,26.641209423028982,17.75431864433062,-1.8022238448702268
0,0,28.74341823119994,18.81762903029347,-3.3801049139909622
0,0,18.453903258781683,12.804548864844666,-3.875830772557336
0,0,13.055730041777862,8.94274589911942,-2.354022165081801
0,0,14.458517977768985,9.954999967432956,-3.3201022174338846
0,0,21.66881125530103,14.181502086600645,-5.924857078507472
1,120,116.54139108056127,1.1183472564199648,-0.5095262831576832
0,0,18.267162815661756,12.70230943230578,-3.5767249075799583
1,360,53.009621458950846,1.2514850631231154,19.21249242583734
0,0,30.303556536928134,22.069675338469423,-3.8348464161246483
0,0,42.24083310207134,27.43084158169861,-5.359989894537037
0,0,25.591228300139324,16.87714801592913,-3.332467469222294
0,0,17.124015537026757,11.648346116237505,-3.7742608457458857
0,0,53.0197843042053,37.27874085128689,-9.20264801470121
0,0,55.3445425098859,36.67099040785018,-12.665926054489937
1,120,134.2380373545939,1.2180419387897234,-0.10897539290209579
0,0,18.172941400658807,12.091545441125525,-3.1886391903393445
1,240,66.76264990459336,0.9790962377707315,5.442556361035557
0,0,32.91399217563712,19.052970343650767,-6.378949092668435
1,120,564.6376224446232,8.290202921702281,9.611269933660722
0,0,31.996953496467743,21.04559179206865,-2.1275840121296454
0,0,17.520333410196944,9.024351194093168,-1.1727534245359124
0,0,17.902798707572565,13.078698586871173,-3.9413041562692825
0,0,26.89196954058741,17.580042881883017,-6.632973830923618
1,120,116.34876765900171,1.0959899091382241,-0.849932921785225
0,0,17.49436189881674,12.29946614684727,-7.546070652885362
1,240,69.65283955241433,0.9747259595564028,4.834402469036817
0,0,62.79347053488307,40.682702933019534,-56.39144647606166
1,120,597.8490359489988,6.337898064683604,10.566600127387318
0,0,219.40806351223452,120.02409235395211,-60.42595855547652
0,0,28.0398140098203,18.89250702724226,-3.0429124081515226
0,0,18.490410816861104,13.469748320127188,-2.962450840453627
0,0,26.726536510003516,17.432946812314473,-6.043892403046996
1,120,84.04153852590488,0.9592728981141511,-0.09274652035286124
0,0,17.445843872566666,11.808410021339188,-4.558967218330224
1,240,70.71776895583294,0.9166980830873521,3.164785387153202
0,0,35.16736779167587,21.64301671357345,-14.869193263808818
1,120,582.7017195519951,5.528461113171306,10.013461197385894
0,0,121.8247395890081,81.40871416787932,-23.488344143997246
0,0,71.93006696916426,32.13445565209123,-9.149036113260365
0,0,115.39835778463353,73.92328135481863,-13.703179163853065
0,0,95.00031399463067,59.45157419785798,-16.184040030745038
1,120,111.04552732970588,1.2377557397193006,0.4848814369278358
0,0,31.878007026141493,21.612471258394578,-15.656947233803628
1,240,69.0974054967598,0.932389857945123,4.897427782697733
0,0,45.858155208168945,30.365310113058662,-46.078855628220836
1,120,436.21432097975867,3.680460018205874,7.79391099152005
0,0,126.8550464873204,88.81390405186998,-31.939094450334657
0,0,49.21970011915757,28.556091010670723,-6.206156148232651
0,0,34.312100386122594,21.49572763042806,-4.579559317773132
0,0,45.992735693698506,25.762234983327204,-4.909607455912607
1,120,129.28128974794612,1.3792886684250363,1.0224742894282883
0,0,18.653782966560367,12.537280006389654,-4.218035993263172
1,360,51.277499793832376,0.94177153291985,13.761506406138764
0,0,26.070402409339398,16.246602246409935,-8.247043037601529
1,120,559.4021246120597,4.969804447876305,9.512506127962197
0,0,98.7723694642751,72.38082392192466,-21.927670342769268
0,0,106.59972375426294,74.30357727324228,-15.084111332013997
0,0,19.146116563157587,13.576403114343606,-3.0698911393262307
0,0,34.218002145980726,20.198076220447753,-3.03934022430154
1,120,159.5450074902534,2.4704240923876855,0.8752736691484984
0,0,22.631626860453775,14.383828216310429,-7.195930021435842
1,240,62.641947071447376,0.9603867766483882,7.361851607818437
0,0,32.29810316279235,20.052236852416012,-15.777543827508346
1,120,632.5926711879758,5.947883842223055,10.554842729727227
0,0,131.0580963111751,94.36771334222767,-29.203796670127886
0,0,34.771094040843984,24.34035327277208,-4.952665177796689
0,0,16.78056909415197,11.158512175239718,-2.8377741299971717
0,0,15.035102260129362,11.112960266675957,-2.2352491337620393
0,0,38.80462584096077,22.027202489556668,-3.8208407908666544
0,0,32.103762646900734,19.239250987034634,-2.2061220962160206
1,240,62.2022091405312,1.256774181061141,14.278557119809577
0,0,38.17487873702915,23.172495744497596,-18.08504136629618
1,120,575.7453328662713,5.33265870147295,9.8089973875109
0,0,141.25978393078196,100.09392179587712,-34.02813504414284
0,0,31.602117398492037,22.15841509149519,-5.419522128652346
0,0,14.551438703007545,10.297062995772363,-3.473614528525516
0,0,14.74882825631858,10.356180800185824,-2.986157151458073
0,0,20.572389532922784,14.196762838895168,-3.756441560340363
0,0,32.18092526285952,19.545580439781155,-3.4451286521833424
1,360,65.12723337443782,2.315955643834352,25.78930755887157
0,0,22.06849345676638,13.452016430505802,-4.248353758759194
1,120,317.3919226688,2.744856466595609,5.931820646950214
0,0,92.37774103602844,64.91204381308489,-21.16027115930426
0,0,57.75479142287889,32.458760726932084,-9.041387645165727
0,0,99.57405028996641,66.79229472946705,-15.118888082245839
0,0,15.199462566363405,10.819172469849471,-3.535865452680497
0,0,16.654382883483454,11.932736124273314,-4.139847633469813
0,0,16.35829074018616,11.814782287091417,-3.6039700953588607
0,0,34.22375643426699,20.643096494591745,-4.6915959930681055
0,0,55.873120768963524,26.76412760382408,-3.8826587230398104
1,120,690.6718463651544,7.878254185534806,13.705075893431669
0,0,146.40537514534185,98.63671155646884,-29.376269033961748
0,0,45.14130325471557,31.923896154913834,-7.737274083317217
0,0,25.986505621498,18.063360149160506,-6.149892170903172
0,0,22.87780193169082,15.869738306622676,-5.733986718830863
0,0,27.096204490842183,18.939910879942943,-5.798781470879007
0,0,16.036491819538448,11.328662800804162,-3.913267925446675
0,0,16.47665810482226,11.674195846952045,-2.8075479589588497
0,0,30.3592646658899,18.46750240190258,-2.116234626144731
1,120,386.1212302045923,5.567817919904648,8.10505736429947
0,0,158.5756397178635,104.63009588393044,-31.908556025463284
0,0,24.43165464264242,17.021248852911068,-4.871029535686546
0,0,43.15749306450367,28.07628743580669,-5.858180476692212
0,0,11.52377212199087,8.976357734225271,-1.5367914332479558
0,0,13.311343616548982,9.598408793076091,-2.956155803179527
0,0,16.03420848853157,11.108940794159684,-3.6771790473613493
0,0,15.315499720008182,10.528865257268151,-3.0087310218946755
0,0,15.620280287088503,11.325458352771122,-2.6758434555667634
0,0,30.992850413253375,18.888395978941354,-2.9514428519928373
0,0,222.52588030333084,97.7097053860701,-28.072967332079152
0,0,22.79293629083764,16.156798805424202,-3.973453810919139
0,0,33.685610981501924,23.337020799169128,-5.432653443177813
0,0,16.659580127248713,10.676772124745256,-2.5591854235428
0,0,16.43841690653391,10.053003667718011,-1.400707049424426
0,0,27.282463265102365,15.36224644106032,-4.2336153778396834
0,0,15.581733909293597,10.18948821713494,-1.407035393774052
0,0,13.939469224548178,8.80416215094706,0.6319987895188035
0,0,22.690568789126573,11.028173065400772,-0.6453858442214369
0,0,34.1851162965032,20.84780782127666,-3.4969461349303117
0,0,23.015621732223703,16.155079998389553,-1.8064788237684581
0,0,16.15455951996028,11.672307272501268,-1.8980316476159658
0,0,12.924338314405652,9.08412975301421,-1.5589989258537997
0,0,18.841177891031702,12.439179799316177,-3.3242905821810638
0,0,13.43329592117173,9.268235823727602,-2.7409338079101815
0,0,15.685248591800395,9.631779713425445,-1.5461174143947716
0,0,15.33670326120614,10.263773789200066,-2.628747250775362
0,0,24.37413565937971,16.380518447282466,-4.599343720634593
0,0,41.36386485979888,28.516564084306697,-5.9316350683766785
0,0,31.9920632706398,18.125726076211983,0.17281911957149987
0,0,33.850474098549476,22.812225336885824,-3.6226886718035445
0,0,15.240531271164302,10.92224876417408,-1.1945529054665798
0,0,13.829564156711333,9.67418071056872,-2.417230667658103
0,0,12.791290160916533,8.74424975049463,-1.9717068986757766
0,0,15.954565829474326,9.917389088255097,-1.4451719952494102
0,0,16.14631783485251,10.109096653522135,-1.4638406110807978
0,0,12.954237633109685,8.977722213416301,-1.2036041032403233
0,0,13.093173361115337,9.15126536958684,-1.0832822929086774
0,0,17.224077646561796,11.840808125084097,-2.182482399362627
0,0,30.664241945061793,18.772056693285446,-3.071789642631117
0,0,57.217737997986674,38.100964600050396,-6.71875204055209
0,0,13.95163871697978,10.312735134668621,-0.39012041740296866
0,0,14.747328096816474,10.487028507844038,-2.4287465890206335
0,0,20.002237000584607,13.084383329809542,-3.6259194581294025
0,0,18.386162600480116,11.883120364159188,-3.544924977223104
0,0,21.645064245143317,13.445637120462449,-3.126354959108852
0,0,14.67575706802148,9.55851697243176,-1.834731550581978
0,0,22.034960479660494,13.48458500609595,-3.2296818341542064
0,0,26.445670250280287,16.43690236231008,-6.3095662909668135
1,120,176.15331746040073,2.8429899579446536,5.102549407314314
0,0,23.916515312437827,16.52822173474604,-1.7977773502877312
0,0,16.15537578321878,11.366382162065356,-0.886445803328769
0,0,15.5733764030478,9.697336704356827,-0.7540085442751518
0,0,23.034393948738405,15.160503578655737,-4.645607248537885
0,0,43.66988577914926,30.490504072659462,-7.75325731618446
0,0,26.74559184485563,18.397115844975477,-5.7343988938904715
0,0,15.07936339994914,10.341975282701917,-3.1799293900897396
0,0,16.79005172002435,11.143121807988484,-5.401923502622168
1,120,140.56093021449234,1.526610947792355,2.4260844126368397
0,0,33.13059608806122,21.30210542683308,-2.8661600851127815
0,0,21.901850738740837,15.081131323968808,-0.7999140211165638
0,0,15.234576593924942,10.38950593264286,-0.16597212589310573
0,0,20.283388217076006,13.3605378570904,-3.073288461029719
0,0,18.199681376097686,11.478670980324038,-3.0876687908873492
0,0,33.330378359009494,21.748107675159982,-4.434032378038452
0,0,14.445069856742144,9.517117673486545,-2.7275943241626948
0,0,18.91441913417432,12.12360964547108,-4.2068031820425915
1,120,169.63624218965623,1.5325123026828353,1.7732157717466777
0,0,17.953388645291852,13.855603593107176,-2.3822249312820247
0,0,27.071876536563554,18.793471338307302,0.36157864333675604
0,0,26.437708006648403,9.104072845619926,-7.09416025217125
0,0,15.259963484322704,11.631088307408872,-1.4773383034370369
0,0,14.588946367421704,9.734149465350153,-1.3243422520160237
0,0,13.784480319125388,9.387855635760706,-2.2799139220401656
0,0,14.050022339228764,9.518096829953006,-2.845151647225819
0,0,26.776935250923515,17.399011644245956,-7.857425194886801
1,120,145.69154924892334,1.2507334372600127,0.6512336256340916
0,0,21.302257576173844,15.758100380864,-4.870413354789349
0,0,16.020343043721667,11.30238900376386,-1.5170569909997909
0,0,32.74000676514662,19.424551065093816,-3.372011294638554
0,0,19.030907622571263,14.225423241768826,-0.4930392807731465
0,0,12.442115167786161,9.253563269742068,0.638052350495343
0,0,13.040130037543651,9.230732017774852,-1.0135289499918514
0,0,32.266838809247254,18.657210797348167,-5.549423886581664
0,0,18.56847610232422,12.156992541115347,-4.524835792686659
1,120,94.82290542606061,0.9871026910104613,0.48548929105615457
0,0,17.551344060296838,13.54524057926213,-4.107106778229394
0,0,13.713186893375514,9.427545989678846,-1.1487973104650422
0,0,37.55287142660717,23.103937885546706,-20.477430313826645
1,120,1000.1076289922,19.28172665366384,16.60742947431514
0,0,23.19811356185176,16.258602900771525,-2.0418849068055493
0,0,16.072810019249346,9.388076122072938,-0.10984970363460889
0,0,16.85317424025081,11.669564929966068,-3.0768606448797016
0,0,21.492752094910557,13.798496933810078,-4.6837105429377175
1,120,112.21423982652259,1.0759747886557491,0.19248694766861263
0,0,17.053292944028602,12.680551025876994,-3.691426148916875
0,0,19.216401609634293,13.004468664705941,-3.1568059529069785
0,0,34.19421285191548,19.195331240724677,-4.795867956381457
1,120,1068.8930601423062,15.340771215134785,15.512292831075172
0,120,643.1956808892882,165.87053681825626,-73.97456695667402
0,0,21.416788135808847,15.279601408716433,-0.7681307442974656
0,0,17.026744165389015,11.194860717447867,-1.7507061258029637
0,0,19.042513635974196,12.008796153272979,-3.9197211713295133
1,120,240.92061550645596,2.0062461640984837,4.017854532251221
0,0,20.276918779223177,14.699057426465048,-4.011565432087849
0,0,14.761377384702614,10.553668910750538,-2.5680534324011433
0,0,29.39758704937907,16.254628511718455,-2.514803745406624
1,120,1028.8598624989056,15.356440536314592,13.19672665324157
0,0,611.0975622248279,195.3846288802784,-74.289738183782
1,120,920.448335813421,43.6316629800832,-13.975989092703976
0,0,52.02179584170663,35.32686640045599,-7.130398350341721
0,0,24.037296536664936,14.835277110535653,-3.4256356862327237
1,120,103.6677649595206,1.1099188501418111,0.7818556490716446
0,0,14.96597726346372,11.765866729515176,-5.006485248459569
0,0,13.750854501266002,9.874083604131293,-2.3249034543046605
0,0,24.57020062332645,14.059135705457665,-1.732495482260049
1,120,1008.6946596418202,13.43849984469398,14.20999450484274
0,0,572.7279532245855,155.7662056276806,-74.06373617787644
0,0,482.5312161392038,136.5607630114742,-73.09736481871929
1,360,95.9166320089412,4.546530957080742,17.819299090499015
0,0,37.650451654612986,19.583974644132184,-3.412287875716345
1,120,116.13062681846026,1.48158982656491,3.54646781912426
0,0,21.26934415023488,15.618789661847478,-5.281593365521644
0,0,12.616282582922143,9.657937984091287,-2.2037156600093795
0,0,25.253310018567028,14.354214016418362,-1.350804723520099
1,120,990.3663579727246,12.517627843007425,14.466400698997916
0,0,479.765451485381,164.1621327927416,-74.0749141495176
0,0,371.57791920398523,133.96861039850498,-73.76993700173871
1,240,92.42795225701067,1.6574487934429938,12.106253000575009
0,0,154.15181642061563,95.81915289834586,-36.09361920878645
1,120,163.8793359779884,2.4614759054781006,4.007987311127138
0,0,22.35599828997258,15.530974119817392,-5.458428956249193
0,0,17.720865760896274,11.363479209692493,-2.582242246574509
0,0,29.03912981932942,16.658937009731094,-2.9920025432125925
1,120,982.1974306008088,13.026344006367411,14.211618224774554
0,0,461.0554327602301,162.64232416467468,-73.99740292517176
0,0,327.09795464742206,138.03740422352337,-73.55206754933536
1,240,109.94537359287999,1.4252520516441711,4.232135602637001
0,0,194.76069291922624,140.31255246497435,-74.0654160384453
1,360,94.82213328514041,3.085332592251693,23.369623462948923
0,0,23.314364892680356,15.830028228689384,-3.3485964205449505
0,0,16.16205480217852,11.44133553292919,-0.6292069322854843
0,0,29.32190988547629,17.293178214374784,-3.626552292564355
1,120,926.4281480781663,17.36598659859087,8.716400408779663
0,0,453.02254926473074,156.19633567924325,-73.61772353648676
0,0,265.3083555534773,122.89203178220545,-73.85565100417277
1,240,76.7804723867927,1.2579538356637634,11.596912874888062
0,0,141.75482185903067,117.338943827259,-74.03567477158855
1,360,48.851668341697426,1.5211598992120796,31.069278399290482
0,240,50.91067035009083,44.52205856064391,-73.97835010701996
0,0,32.0586438791303,20.854708408863306,-1.9412475781087863
0,0,66.28096633740263,37.38471516698058,-6.72658336668475
1,120,981.5585391422651,15.086955543871463,12.004483231310417
0,0,468.36712192881527,144.8872052888722,-73.49791427781147
0,0,220.4438206963156,113.52222291587944,-73.63950961652377
1,240,75.48820263529767,1.2236496347939048,10.941129864889533
0,0,183.15856228206565,142.6500173234389,-74.26653238965078
1,360,41.351304700830276,1.244670680049117,30.569047758759453
0,360,26.22069596259506,22.83915988843371,-73.91734559608187
0,0,28.436707311819116,19.211072413673968,-4.714086595815914
0,0,68.94722041091913,33.12815717086725,-2.4625699242156003
1,120,955.2573897726467,20.907053127359493,10.478794349536301
0,0,475.84318151500366,176.53963982325305,-74.0317613203202
0,0,270.74908108890725,120.22673125018787,-73.69240496047067
1,240,125.06360601522285,1.3590827357066961,2.6976869599999844
0,0,183.48080242609635,142.46605425183537,-74.10464386948783
1,360,44.32842638568134,1.093161978465848,18.065313477090598
0,240,26.52998068504322,9.743982591332394,-73.0623717026023
0,0,15.886190912559737,11.805678949669788,-2.7933175109410797
0,0,60.45873700388577,35.717142670546416,-7.751525348257189
1,120,965.3329316270617,20.939003214188812,8.958059895246436
0,120,163.13972792855824,46.923556025440284,-74.07843071315357
0,240,42.71721463494335,2.0769291095746936,-9.191102949647586
0,240,47.64535993578996,6.347014786258369,-66.6268174714146
0,0,111.16759177860513,91.35885991429762,-68.56751771845241
1,360,41.857597502206275,1.0985796547169158,27.38010344652686
0,240,19.01006900987964,23.197583282912344,-74.21695454752128
0,0,11.700657657009035,9.208026154189671,-4.127324173072665
0,0,13.657066036707597,10.752592647846653,-1.7567596867795174
0,0,26.06311854665883,17.87745144434807,1.9402674090389667
1,120,228.93325273362237,3.3360899845228302,2.466577489705543
0,120,52.18705973666038,48.72017148214628,-74.43597883494705
1,120,151.01945396532733,1.4538993345256086,1.0884306257353416
0,0,209.167680601941,151.7174175894589,-74.27352642014071
1,360,53.08588324383606,1.0066834428914035,18.291826570962684
0,240,25.295189471334137,17.49056488714729,-74.11895065706248
0,0,28.90573144478007,19.619649752108725,-5.2605682740969115
0,0,53.58262355897072,40.34118724610059,-9.756244916991108
0,0,24.493907585118272,16.54517593462716,-4.273875305379718
0,0,36.80384325795054,20.911743216390924,-3.610598203388207
0,120,66.56040045956196,46.21128802571465,-74.2191676790894
1,120,140.32787602360642,1.5303261069320022,0.5027673364843963
0,0,193.1786570646873,139.06322207439928,-74.24988255990289
1,360,50.49156696605166,1.0390264250582533,18.696024585988198
0,240,22.7874890204887,16.891377484002863,-74.0721980615932
0,0,16.925049529336974,12.203228450347405,-3.41322880059991
0,0,13.243514713570821,9.736441677682429,-2.4003606339050236
0,0,18.809411645888467,11.786498049363864,-2.0371636288499673
0,120,24.62982460981209,24.596571047309233,-73.494982344425
1,240,115.01796439872712,2.635947147004439,14.42360110694915
1,240,157.78676172400145,2.810888418856134,5.169887987255635
0,0,206.82866720412886,143.72573129721573,-74.16550610977323
1,360,44.97922352184226,1.2431926997173248,24.890674334456264
0,360,22.67538518946004,18.54771997152458,-73.84913673868672
0,0,20.517391038235303,15.685366666133847,-5.3794662069498855
0,0,12.395927352527405,9.23556369705791,-2.7544897876485948
0,0,16.681744248520015,11.152613285851132,-3.006649329674417
0,120,25.837221366730887,26.57017290968797,-74.25362043344302
1,240,81.96838427750264,1.1915335668549387,7.224543188969392
0,0,32.234313292199154,24.08108672903576,-11.362116419705593
0,0,159.31911582561773,108.1651804006752,-41.14593202461212
1,360,47.76471453774546,1.7370911966945894,27.79063813267088
0,240,24.083115746555833,14.433183337652906,-73.61581709673028
0,0,21.569451426317222,16.289079321897365,-5.630643190247753
0,0,13.118426965282827,9.72544553923535,-3.1727600420831266
0,0,13.629821412024446,9.593017092648548,-3.2186904992311725
0,120,22.921716527311887,25.503802483660156,-74.25956415262851
1,360,45.484424295345406,1.0043383103220487,20.74621663958169
0,0,14.53134741242083,11.456762530494277,0.6708181860424105
0,0,38.31608125016482,16.318824545604368,-7.612930443616023
1,240,100.1680619767388,2.020087667838474,11.766579117608998
0,0,42.66928306810647,30.6519225949446,-73.87273720865234
0,0,37.637192891954676,21.34065742330532,-3.165940418369516
0,0,14.032718109677825,9.96772759263871,-2.814359255903568
0,0,26.909807834274822,17.48902500510723,-4.286715182994342
0,120,39.68077781997473,28.525448344274317,-74.29315222407614
1,240,78.19778484502203,0.8788720008156052,2.1163286102605667
0,0,13.580716007145785,10.747981454875827,-2.290405650830337
0,0,16.569772784506252,11.982512494225102,-2.5713924667224575
0,0,41.79703959289335,24.92033230287519,-5.763151226836854
0,0,26.476853712871847,17.600865806450322,-1.7028272047367494
0,0,26.283108848547236,14.837842641363599,-2.1656623262228436
0,0,13.914425201487601,9.797000039631076,-1.6396686627737296
0,0,16.792068478570684,11.68021308043154,-3.8247377187030054
0,120,24.952375448641614,25.3168160023055,-74.24552778988384
1,240,57.48606432147968,0.896113079452815,10.726582337899558
0,0,20.751542772286353,16.80851266977586,-9.305246297469466
0,0,16.682288424025682,12.357904177167109,-3.883974352523026
0,0,29.2345182407556,20.960021970049407,-6.002025409112903
0,0,34.17694631019517,20.511397836565557,-4.279620775907659
0,0,29.514985561003392,20.094146158038722,-4.141887691845682
0,0,38.7283861172447,28.771992898237784,-5.450543506118819
0,0,16.080511205712973,11.917344348163853,-4.9348791994666925
0,120,24.19387568469719,25.22011760916602,-74.22175112418763
1,360,53.3311446149842,0.9077883756180409,13.271009758429713
0,0,17.455775075545063,13.822315090963992,-4.772806969965302
0,0,14.314243446829368,10.33084178057789,-3.3279710140265024
0,0,28.327539454717986,20.05217768037056,-6.430999724944073
0,0,43.55044293251717,31.007977698746807,-7.880611082836182
0,0,38.71265650364174,22.35106095634016,-4.0228815109972516
0,0,22.616025937004185,15.799027712303797,-2.043325437821977
0,0,15.506909777264564,11.58797301914546,-2.0398448484296807
0,120,23.736088040555927,26.516315077458003,-74.22821429063497
1,240,57.2077369346393,0.9154927168221211,11.282410814249573
0,0,20.052896798672865,15.461256770547227,-5.752226506064872
0,0,27.57324418192713,18.16353419554136,-4.75358878738777
0,0,60.81475279788298,40.235686306770546,-9.185103512668775
0,0,18.96995445064442,14.279135961601606,-4.696009180575075
0,0,13.813824431739182,10.96542181562472,-2.000575806386493
0,0,28.961875281832516,18.33920050105716,-1.7430621519701361
0,0,20.522029399048797,14.673550048299212,-1.9289572672403068
0,120,32.06757865263549,23.798565571435578,-74.13975691059257
1,120,99.65287484733439,1.0403850046554663,2.423170043528458
0,0,33.01728992331396,24.349183996127145,-8.078301066226402
0,0,29.553316842399102,21.25611325007397,-6.024170450952141
0,0,48.28594275063507,35.84899207640269,-10.48967504680573
0,0,75.2474490963789,57.02926789707656,-13.520281685380091
0,0,20.916529064194986,15.229836309630446,-5.300769914254786
0,0,17.882517139401944,11.62429690633467,-3.038549181257835
1,120,138.85860215830905,2.935129461974917,7.584925746142645
0,240,42.62182581640629,35.92565368786448,-74.08904851442881
1,240,73.93127974497288,1.1209758336534865,6.350632141362013
0,0,15.752459782042395,12.71834223890767,-6.37148830775098
0,0,40.8929655274603,29.440569386685922,-6.606569646801702
0,0,19.35239584842013,13.005623928450541,-3.5364316729644116
0,0,18.089857199214386,9.566041684212136,-3.8223396092652564
0,0,17.89643038341167,12.054708025113259,-3.0743209803709703
0,0,19.691200253619893,12.493719518927104,-4.250460431286115
1,120,122.5186001273471,1.3572900516688675,1.2720941669453794
0,0,46.56534804639676,28.873233450295057,-7.803588470686165
1,240,107.55154554345663,1.9250108705161093,6.15654348551287
0,0,22.29905289710773,16.202999493200632,-6.417689384887666
0,0,21.901240379727728,15.32006663465839,-4.1346100958436125
0,0,29.796789420415436,20.470236634660388,-6.225998838476272
0,0,25.612896045104783,17.96298322719523,-5.352362574241965
0,0,14.080126642962805,9.889819141647683,-3.5104688075931847
0,0,22.661312001973993,15.046573440564789,-5.817479230401474
1,240,83.63955460912503,0.9821789956745768,0.9790668432512035
0,0,15.89208308315318,12.43009548148059,-1.8259384826435507
0,0,31.52863899778107,19.34932648902165,-2.6703061542608424
0,0,22.614308842672116,16.23115411597147,-2.4351248939835415
0,0,24.231712428217815,17.283526126674474,-3.757032760930926
0,0,24.30819482479452,16.920764857720684,-5.609813777891716
0,0,25.432224261931484,17.816022408016295,-5.933246298155169
0,0,17.567426652606173,11.903968648174544,-4.281927290887722
0,0,17.783949674076723,11.675026368875754,-4.620943359112118
1,120,85.36503218546824,0.9866454284627701,1.8125680814786733
0,0,29.597823412725656,22.70508448658174,-7.3745059068595396
0,0,15.134527353405236,11.330456981753855,-1.9272919134640887
0,0,33.328488452185766,20.456711595699215,-4.111386737434273
0,0,37.49466670867009,23.338339490467842,-4.16123077595644
0,0,24.641458199676457,15.978378182078291,-2.8988343262021488
0,0,19.67772639456238,12.929107429385935,-3.158088275314654
0,0,16.14947074361,10.401660856980103,-3.1490537310786806
0,0,17.786815787635277,12.00379047999912,-6.231440381940061
1,120,103.21380492822662,1.018781396524166,0.5486811400946863
0,0,25.54207417684546,19.299210584237606,-6.429276083785695
0,0,13.2074713592589,9.475140038239921,-2.3082582433113714
0,0,17.672437817753554,11.598952251293836,-1.7802828088685771
0,0,29.880180639797178,18.509318722882426,-3.4253275957841254
0,0,55.26503405627432,37.10303368888257,-6.538211037672454
0,0,30.491710733304334,20.90327316074149,-3.9319365412780627
0,0,16.062847562947987,10.204422114321234,-2.470347126350532
0,0,19.984902436926088,12.719801816028896,-4.549516335650196
1,120,162.14390146063613,1.335044708616024,1.3282748765860362
0,0,15.41981595832738,11.449506910634899,-2.965523418170747
0,0,14.612775187748346,10.215459814085953,-2.524121399784562
0,0,15.351899729888006,10.244101197373572,-2.383707096142871
0,0,28.704371800237663,18.65828434731571,-4.7264685011420795
0,0,62.0293231116366,36.39007816634308,-8.002119457733372
0,0,35.97602730054118,24.62053854343501,-4.824953360083086
0,0,17.438944241915436,12.477758564094696,-2.1213639157754756
0,0,18.899195089031018,12.18338749996301,-4.409468409839263
1,120,105.4506309905424,1.0886173540461603,1.3182910806976196
0,0,17.51781659848324,14.170676419998808,-10.91163822323903
0,0,12.355434995770514,9.158866864140487,-2.5799523851322164
0,0,12.505965706594523,9.14971139896453,-1.2060854803668803
0,0,43.79374085961108,28.774168175337373,-7.047884234114633
0,0,41.612656018010796,29.75209329970847,-7.3926416094825385
0,0,37.33208324576788,22.37783489805038,-4.818396029589223
0,0,22.374016749874706,15.808505101584194,-2.7977223716791713
0,0,18.650380031219193,12.123990037191863,-2.931583508211446
1,120,131.31060845325007,1.2472538216048783,1.6399624893427216
0,0,13.163653281252856,11.182284544501314,-5.491648600700273
0,0,13.317094227973719,10.093494253108021,-3.925882980301523
0,0,80.199049096892,55.48290510918255,-11.933403542483347
0,0,79.07584879202886,54.40625001811134,-13.726997886237406
0,0,37.08151616343951,27.1342149355485,-6.901241507349894
0,0,15.755305672862566,11.811603198506427,-1.8445571378616563
0,0,38.369987716979445,23.053382416996424,-4.640469632138263
0,0,30.90241432719018,16.82764637333124,-1.2721750449760378
1,120,127.64226253977326,1.4515434594122871,3.7284993136336055
0,0,21.59740476605927,16.642526629124873,-5.077100411955584
0,0,9.141306493894415,9.840378079953473,-0.5424003667002069
0,0,20.797218584577784,16.69834559200421,-6.92956917508333
0,0,96.91292176141543,77.98300776830015,-18.76157468434637
0,0,77.14776143822483,61.236191817918844,-15.361567597900553
0,0,30.19236456755762,22.487331359306868,-7.272419720377471
0,0,19.656400597718726,13.898904850656304,-3.211046525398345
1,360,82.45984829634925,3.2675441008668527,33.33430109001591
1,120,175.72622793312976,2.681082914069954,4.669091126440691
0,0,21.425949036297805,15.357494362266984,-5.89294473677073
0,0,13.787444788729733,9.885705275630325,-2.7945248924288393
0,0,18.371758495456834,12.690458116916053,-5.197459692747188
0,0,85.93762247699733,62.26304658844843,-14.008488471646842
0,0,34.58103339176719,24.484321677080857,-7.261028700548152
0,0,28.356272289103288,18.782492106158927,-5.702973668133268
0,0,22.59858106749992,16.297915680685332,-4.16562730992564
1,360,49.59652327252344,1.502351994121256,32.34913608338839
0,360,49.6780172313584,44.37510901233078,-73.89116239659973
0,0,24.820804474270073,16.678155244779983,-1.2269856702584008
0,0,16.055821080574155,10.097245338132408,0.6849487128336023
0,0,17.482765077567624,11.686454322368832,-2.83966430653318
0,0,62.92591108700522,40.75507879776051,-9.62875792203728
0,0,131.373541615108,98.40827364841464,-22.228528992596097
0,0,17.36457787914624,13.135798201877147,-4.839562676084938
0,0,29.52153221294824,22.636432234129764,-8.024364420799188
1,360,41.35386379645151,1.3896401661804818,33.82463952911621
0,360,27.86928484916308,40.82754201171144,-74.29668186334136
1,360,59.391730173705675,4.984993348401346,28.793539157015104
0,0,23.293467450204336,16.453231029139243,-2.0287369387423126
0,0,19.04091236278016,13.392585155137251,-2.3376017768483166
0,0,68.42553259033892,44.67994084878399,-10.268586842859662
0,0,133.25993335922115,91.09768577652449,-19.786741488678608
0,0,17.019179022801804,11.695642191283966,-3.277727290598051
0,0,26.970806966970727,21.19169320773026,-8.875564206283414
1,360,38.86506976756643,1.2945973575627985,31.05754598193704
0,360,23.654910291812094,46.8885853465763,-74.4150918020009
1,360,37.04351579958103,1.6863242233032618,33.8422506452997
0,0,26.44453777693066,21.09671925705833,-0.5738172656885325
0,0,99.28810076918518,63.03049111170274,-12.369334873714656
0,0,123.35257850467197,87.58782545744232,-17.04004436187364
0,0,137.66431341272607,99.7151305380379,-21.069005608983154
0,0,97.9014827509646,70.87832170829515,-16.641183805700905
0,0,78.09128822781864,59.62562454298956,-16.86487412492231
1,360,41.85800931069705,1.21009360095178,33.49750576008512
0,360,21.53557282422801,24.721085937245526,-74.11773553428179
0,120,23.27642887389856,3.6710488452620584,-11.799854659784103
0,0,53.68778179857908,42.57571810492129,-7.8866729705816
0,0,31.585630351414977,20.083576903633855,-2.394132210781976
0,0,53.648586454725056,34.40958416952705,-7.995891034610324
0,0,82.3426225972166,61.42193005088604,-12.033716127193749
0,0,21.868435421203746,13.89925847407081,-4.588144216489539
0,0,91.68686610924755,71.9533256175265,-24.58011677260926
1,360,41.01142665206528,1.2046326023102893,32.685579180028526
0,360,20.450812268175564,23.246345274942048,-74.05668789328301
0,240,16.818582327025787,3.1501953682926453,-10.322814925197719
0,0,13.998907529526818,11.571101941899624,-1.1144160817550528
0,0,32.61383158506267,20.35150369888,-8.1361596197966
1,120,237.25910855541522,3.268805028978337,4.046506943971025
0,0,139.94992407375244,92.1062592027249,-16.241494736024507
0,0,18.746311186831157,14.423400226137659,-3.352018722555073
0,0,37.526445822828656,29.80827293029344,-15.323164539820993
1,360,39.48973912573235,1.230939859733438,34.716194999982605
0,360,19.519978004565253,22.274333128541784,-74.05197403135597
0,120,11.007535248621132,5.17749586192191,-8.133765673743284
0,0,15.953817588154036,11.855935035847232,-2.3795437117023255
0,0,168.24563845354282,78.26427222436352,-74.27042330009554
1,120,148.02820945535962,1.507490980604667,2.488685061084823
0,0,38.62854461940115,24.93978299953123,-6.3492350179162855
0,0,28.084134898639856,19.397471401148746,-5.236878616630236
0,0,66.12374373860355,58.102778416589295,-72.19403815898185
1,360,39.37732643833561,1.2764417538302062,33.40710203034321
0,360,21.25579491551611,12.86228669262662,-73.23683403409298
0,0,9.535684822610287,7.255550825325754,-0.8391414293153332
0,0,16.633779589929414,11.834820477627327,-3.7512206762519327
0,0,115.53663719285701,65.50569722112104,-74.33006661200666
1,120,204.1046569897813,1.6540136448755898,3.1779416819853026
0,0,23.167830930333768,16.965962438440826,-3.775917872753226
0,0,27.398683342608,18.169565517603107,-0.6418636209847364
0,0,44.56252480524028,31.45814453198717,-7.959815308433036
1,360,41.22873652190213,1.634698374716444,34.986198807720584
0,360,20.091009306807848,16.377396417455596,-73.34258178708474
0,0,8.87473219491796,7.756327368158065,0.29922779795521137
0,0,15.993005578285016,12.062200333154458,-3.9721964688180975
0,0,52.99728926539677,38.97857056564345,-72.6997781280796
1,120,122.72910780336314,1.1724968103561717,2.4035771563512753
0,0,15.605376128897856,12.216901419422214,-3.3002262201147374
0,0,15.432295226342443,11.282324749350785,0.8122317019498269
0,0,107.4386879558154,52.38020481716067,-11.133592411148726
1,360,60.53789615565251,2.3541622939341598,30.8034129956864
0,120,17.301970119533248,19.126392990053002,-72.25668486487021
0,0,16.662170476192912,10.846905139581887,-2.5308411022715944
0,0,29.052219446357594,17.467542734890568,-4.559808221987211
0,0,137.98034701450294,75.14755097528523,-74.34652990261576
1,120,239.6842487575835,1.8081006450644714,4.453086414896518
0,0,17.257759536559437,13.447823668427839,-4.933771739205511
0,0,46.04750622297146,34.17718173442736,-7.024481850174354
0,0,16.156574440075854,11.912866996724416,-2.5181844135723424
0,0,27.95382508777131,17.807941197236993,0.4002065241760988
0,0,28.382058118976484,17.30110726846577,-4.35153907873358
0,0,36.30317973156896,24.189377207651546,-3.950405314656308
0,0,18.743858720194137,12.052839879106747,-3.619191428873478
0,0,66.07769472486736,43.21896895791463,-74.30320887919225
1,120,160.32061936773408,1.3095172542204805,2.4376419678437884
0,0,16.605442018158026,13.26068503038487,-6.605599578227057
0,0,10.853164055934501,8.671446297282333,-2.4581484099397386
0,0,12.2532651253664,9.676706793366364,-3.5982829122130795
0,0,24.739955804632707,17.07833437933479,-4.378384581606184
0,0,31.293437519764698,19.17874334398209,-3.746782508438315
0,0,18.477027040910947,14.019576375354463,-0.09268823297070128
0,0,16.42773930066598,11.579984793009018,-2.215939356726807
0,120,46.711870978158764,32.18781193079305,-74.22197861411559
1,120,261.83775125280255,2.097838502815565,6.036854509616177
0,0,25.405388688092966,19.543330493195636,-14.299180136669875
0,0,12.469529847314833,9.419774727709072,-3.291941085078065
0,0,18.321810170073622,13.387837302918589,-4.22638774245091
0,0,11.461351882315643,9.968444701475295,-4.080919090098391
0,0,13.561235994787564,17.529478960183386,-56.613250782131495
1,360,79.64459308640306,3.2102148419701844,33.99728675509658
0,0,25.981652164285308,17.16193179983886,-2.4944281419546144
0,120,45.618563557491996,16.307105662887803,-73.4710133498835
1,120,99.42555656042711,1.3532899509531895,1.992950875749571
0,0,14.501561157208682,11.625621937495398,-2.6710722169978993
0,0,10.165373096757511,8.372362602387614,-1.043322129048363
0,0,8.9030624129663,8.15240813413599,2.6264847592978526
0,360,16.560632106755676,12.911081088395498,-69.90199015921829
0,360,22.013028000665255,5.978203175656795,-41.09538853750395
0,360,27.147570246343196,3.469667002777663,9.635758960939981
0,0,23.62373785980511,20.158914188364033,1.8395801197289074
0,120,110.26937127671951,54.52711314752812,-74.16060089479413
1,120,319.723641173347,2.956324501220932,5.279892930943618
0,0,45.104435364206715,33.75477786137125,-11.010214676637723
0,0,10.674941981752083,9.587151311428252,-2.8480576895653087
0,0,10.292603536099064,13.378575468946638,-49.279611462111234
1,360,35.16312101661477,1.2718241329437296,34.265408713067444
0,240,22.742048527334852,47.184003192369254,-74.4410425024832
1,360,37.76473586452583,1.2469336585732194,33.0842898543614
0,0,33.5678411068636,21.175973167654348,-10.254535420372846
1,120,559.7347482130364,7.771145034540787,9.88832651464098
1,120,226.65284850851504,3.3159024550150558,5.341436079743701
0,0,24.053322137620636,17.377006687627773,-6.042918171087905
0,0,12.812395346068703,10.52407373044451,-3.645112660400301
0,360,20.420029583490205,27.022317779876403,-74.03155783490567
1,360,32.26116173505301,1.3214651644522675,33.555893063479274
0,360,21.85336396581372,46.99430325007301,-74.42643461764474
1,360,35.58703373552834,1.1480807689929713,33.464889806377926
0,0,23.40962685949481,15.166774406615756,-7.8118111549562315
1,120,390.53381701302044,3.3453835178048483,8.290927499262992
0,120,253.20580406279578,84.98360738263314,-74.11406050182555
0,0,24.82388752265859,16.99631910661753,-0.8837146231357735
1,360,39.43719677454341,1.6857624410859944,17.543333316242183
0,360,23.911897174362718,9.450715367620091,-72.08107304895664
0,240,21.810977106156194,4.098544684158313,-42.25795535514293
0,240,21.146415638877304,35.71109866876064,-74.37356025325225
1,360,36.788459269330914,1.111180658789686,33.2471947607509
0,0,26.429661195201447,17.180847130369347,-13.79995287178901
1,120,537.1176964316667,4.696923402681519,11.729624917314766
0,0,150.13555116221914,57.57698125610793,-74.1897922371139
0,0,41.91053695443989,20.381709619226616,-4.026012376096531
1,360,57.10136533072776,2.7002574745138657,26.345144361990478
0,240,31.86042427433005,12.133240600298015,-73.02265899990466
0,120,54.485120250809636,4.340143441322487,-30.14572492934039
0,120,31.171023769020593,39.98614370250402,-74.40328563094262
1,360,38.38255890653263,1.0864001634143745,31.787803612807977
0,0,30.757340078868925,20.2730528374723,-23.609294625379405
1,120,650.340911182924,5.8093899087625465,14.445167438351163
0,120,60.55824390733058,22.040550012381473,-74.06744614373025
0,0,23.202432035712597,15.678938046052615,-6.11650182769003
0,0,190.0271013922397,107.81609914508734,-18.08620711393953
1,360,49.896327207529986,3.543102681118483,12.466510656215036
0,240,28.605846618819974,7.618042297929431,-69.53166960338547
0,240,19.659452392784285,27.487559396125572,-74.18805031609571
1,360,37.942820975616456,1.1495935305121963,33.785611963370584
0,0,40.10541488060868,27.89438693264473,-51.100340663956516
1,120,546.4979878940865,4.414716420465537,13.734885726025936
0,120,74.12298395115124,29.850566854211603,-74.19900824636389
0,0,20.19245023941468,13.45884798403942,-6.038684009111876
0,0,137.64363474351077,98.21195770789323,-18.69964017740888
0,0,160.53096526184302,90.32954245959053,-15.814814445020076
1,360,57.565149936015914,2.8572928627533716,28.727766009623423
0,240,26.63638538070849,46.852755264195,-74.39497923987678
1,360,38.589669162499774,1.2547021028265426,33.18938200440955
0,0,41.25661816284445,28.73512307848634,-54.21145258576541
1,120,558.8530074045048,4.637139560542132,13.917783204498917
0,120,95.34824804699645,32.59416890866502,-74.16654542714065
0,0,20.76316716999691,13.39666379969898,-4.948426852436214
0,0,108.56742561413482,80.4253029495796,-17.934239418475336
0,0,178.46675460944658,127.9248340300472,-24.80147559654396
0,0,162.2285133980441,92.14159336701096,-15.693297743353995
0,360,35.721915723702935,45.35190705012178,-73.93965964530824
1,360,43.533113884150936,1.4334009756719164,31.9887285459085
0,0,25.662513452950765,15.861186537196184,-9.23045109599515
1,120,691.8292047135826,6.1861922110024565,15.413620619834347
0,120,72.05493318654538,27.95800815237479,-74.16012194295126
0,0,18.562425826685214,10.49279989556325,0.5428524018779228
0,0,106.11449569256233,72.4875871982244,-16.1234669505196
0,0,244.11999979361772,120.00985725044548,-32.52068594960274
0,0,91.22954542651992,61.06462669869637,-12.284389340974293
0,0,46.42948801305657,26.7084241673192,-5.471822563994422
1,360,64.34312059311186,2.4847382680622037,30.891510210448246
0,0,29.372380325196023,17.263744348335532,-11.168956198586685
1,120,636.0518625104777,5.879064640071403,14.758353869506436
0,120,82.22730151235376,29.837379941224462,-74.15666350406525
0,0,25.282640342950103,15.69144025394235,-4.308839407911378
0,0,80.97096940540183,60.11618897697708,-15.103391965358142
0,0,158.66595814435792,110.8492469242514,-24.461123081914153
0,0,74.51645961036279,53.338893391325946,-12.988617492322973
0,0,44.07155348583799,30.585255423731823,-7.578299411839595
0,0,50.14718843878035,29.200925420309105,-6.764286976178283
0,0,52.56322105495179,26.511378438237173,-4.643958548299437
1,120,380.4012396826331,3.4582274262042274,11.608104052264238
0,120,64.88599448979778,29.97848554561979,-74.17060889035461
0,0,15.348883784222314,10.510836098561263,-5.929528395849758
0,0,106.69157175515164,82.83535218380247,-19.04260313408291
0,0,105.88936881512383,80.84550900380452,-18.906427155801687
0,0,66.56014307925523,48.44711221638602,-12.170479142681089
0,0,23.72809454360108,15.999744925920492,-4.905623097003016
0,0,24.986265081315402,15.380850413923058,-5.241691489043504
1,120,170.30194532243857,2.7231364515534575,4.701790347836692
1,120,465.04588645072266,6.571037332635033,12.169744613293261
0,0,20.83478324034558,15.887125025978907,-20.59116148658891
0,0,15.496502420718707,11.599639069678583,-3.9818222136446337
0,0,118.13822997959893,76.38351975445323,-16.11779642091158
0,0,158.84165329545743,122.78200559025632,-27.9290349685852
0,0,70.48584723829667,53.54775380548384,-12.898442748725287
0,0,13.956262370347176,10.405812057740425,-3.9817222924180555
0,0,15.922501758547586,10.791599001096495,-5.418460465620001
1,120,120.77405434713644,1.3369375976951146,1.03488950182998
0,0,34.39513862679796,22.845601188238966,-5.312864546054556
0,0,23.249253190368997,16.14055889666322,-1.9652120189485345
0,0,23.442023686389543,16.646526377625992,-4.479787973040004
0,0,119.82876266401074,86.45716037745284,-18.145102350235426
0,0,122.77601720269612,89.69160581982234,-19.676686584377343
0,0,62.346974532484374,38.63028390609457,-10.174286185281403
0,0,18.051812713017608,11.636884350147024,-3.3193528082345836
0,0,17.458769879256987,11.683017412728647,-4.94261476775722
1,120,92.61400145016394,1.0284331320099211,0.4974048973249836
0,0,16.167910204156712,13.096383984171132,-2.9222908341401563
0,0,35.17939480572339,21.842739273283208,-3.8627161115696254
0,0,41.51830407442372,27.516508614935383,-5.461260057668767
0,0,145.04423042376487,99.36875429024228,-17.463027567494876
0,0,111.50708375691002,66.19566017742653,-14.704381527345554
0,0,28.765350710195182,17.14914500258765,-4.314293441528491
0,0,19.12335495188851,10.614741505951356,-2.8241931699521245
0,0,31.250940354261427,21.26316599434893,-8.583207187484163
1,120,96.4486665178521,1.0039295653294853,1.151480919702891
0,0,16.137522782085266,12.504335265653399,-4.202648124370938
0,0,30.864752234591975,18.965931082502724,-3.3611781683242583
0,0,128.21011703365846,74.52224334064704,-13.399797503055268
0,0,185.567083070142,111.3015016853814,-17.95460669515846
0,0,62.68106152434786,39.90647558758982,-8.375296095292413
0,0,27.638012097685923,17.08100557452962,-4.210450306812518
0,0,26.679459813471148,15.182053474067205,-4.62557304261
0,0,21.610771996132566,13.7877867935827,-5.174877495541693
1,120,147.04014851897782,1.291432885881896,0.7941043260957059
0,0,16.612189059055975,13.073023705940383,-5.0076676496406805
0,0,19.354550489273645,14.563025120538384,-4.435914227805583
0,0,64.90587895692373,45.9602576671624,-10.998757042657353
1,360,86.24849376519343,3.638924764441937,35.14226743685872
0,0,30.145616950131718,20.30248106807865,-2.9206338071328304
0,0,20.752638477020735,14.64253966990605,-2.8407384597188354
0,0,16.856257288639327,11.025610352289275,-3.3327339258264885
0,0,21.71776315121103,14.358537802311263,-6.804988222469021
1,120,108.10050832282757,1.0436701978755338,-0.112364387836692
0,0,16.49734045089908,12.648829174080145,-3.9151581019826835
0,0,29.221064604436474,22.325022438623453,-5.9791809186876606
0,0,30.80126018978228,22.069669703036524,-5.168528334269865
1,360,47.480882889202505,1.5781823792302276,32.594451021393965
0,0,44.44207082168888,31.745633323689134,-8.46028326187718
0,0,31.590980184933514,21.002577941597448,-3.1091518546005403
0,0,21.964234209800818,14.634034392800988,-3.2329792346311166
0,0,23.88926793010853,15.41872615844724,-7.105880179371383
1,120,147.5479525104405,1.297621383689384,0.9624382857956704
0,0,24.78757483823998,18.399733503557755,-6.002699877392274
0,0,15.8969255097813,11.804675842613502,-3.8882626384967836
0,0,71.83643201357451,53.66212491619926,-13.682566247487948
1,360,41.68802432554549,1.3315373560645825,33.550497317244336
0,0,24.33943527873971,20.530904887550594,-8.603882554615893
0,0,30.660886808920445,18.885248589666432,-1.5280066920784208
0,0,25.992695617874947,17.756553093475667,-2.0498869317002715
0,0,25.222931788649394,15.384944555925262,-3.539828994667886
1,120,111.46051262883731,1.1771699930889017,0.8236143950102672
0,0,13.469995595265823,11.293959100573844,-4.660195747617536
0,0,19.29838459105205,14.341530065817588,-4.9784032204081115
0,0,84.3529466358836,63.60733402339673,-16.899821573916213
1,360,41.89948430869644,1.2657569730508804,32.28194738528694
0,0,38.86816936183181,31.171994155599073,-10.35523103645177
0,0,26.363198246279737,15.506879826451355,-2.624950244165589
1,120,771.0476863178802,11.696395226005293,12.7022831170829
0,0,29.667746288342173,29.128115627234795,-71.35800896576438
1,120,100.56172883274964,1.1878995051168753,1.6508455762702994
0,0,21.738901428116925,15.989403906548096,-5.0386224129561015
0,0,42.200012585423366,31.61841624367706,-8.78861608562714
0,0,85.27393426433058,65.02436926165743,-16.63243237160689
1,360,39.73196340926103,1.2739618991930741,33.988660222535785
0,0,26.443715998379872,21.354692468943988,-7.4377976771246495
0,0,25.41112826893313,15.263609459003073,-2.938711222373655
1,120,637.6945077503909,6.912118386791529,11.956262912720064
0,0,37.382327558503846,25.17090619136251,-5.310624645225545
1,120,160.85063160280637,2.9575554910951323,5.230265388412363
0,0,26.84413541058094,18.7513380242268,-5.760848875241237
0,0,27.907882703019332,20.738980567677103,-5.771910987699755
0,0,43.72403859568605,32.54288646927058,-7.920254829479006
1,360,38.777795782414536,1.196693069836253,33.13255180679616
0,0,22.872529312264298,18.488609915831358,-5.968618412362005
0,0,20.336094188602797,13.71665213293806,-11.118266993023092
1,120,467.0959573624724,4.198016766928502,8.677764201171442
0,0,19.090187822504337,14.458583642593632,-2.411501850667918
0,0,29.170261408748754,18.51894122456001,-2.1688931125487017
0,0,44.14721226543314,30.066694159094684,-5.9015088185649205
0,0,42.92012591504921,30.93366606280452,-8.019613999152526
0,0,64.60764871864978,46.555951101908526,-12.618246975876858
1,360,44.380917260808936,1.160037220427748,26.95613768217767
0,0,24.524147932728727,18.98081848736759,-5.7302937968321
0,0,31.933060673751847,19.401613444330604,-4.93612405141441
1,120,578.1062309438788,5.229914193260359,10.443214066107444
0,0,23.33301577276474,17.153349035531416,-5.0195416220651055
0,0,16.53852497683801,11.833962482968229,-2.2804718155552024
0,0,56.899928472093336,31.80741739229364,-6.339409430636607
0,0,35.36633747622718,25.491920173389477,-4.752914319108399
0,0,56.7292338526675,40.54312453094024,-7.844239756363606
1,360,41.15653766900178,1.2758485364637908,31.449936638689167
0,0,15.076852103527724,13.326412493161492,-10.464215950951825
0,0,20.143783300272847,12.30223314440141,-2.2320599812805852
1,120,626.4161909539937,5.646140222999305,10.87074368753774
0,0,60.944398935246305,42.91068260109342,-15.25398574395696
0,0,19.15090935215512,13.205257730092116,-3.27705282231868
0,0,33.31139839981864,22.61776908922157,-4.879556147020779
0,0,34.05102483355643,19.256368614469867,-1.5102373672861802
0,0,82.65884739579276,52.156833163284006,-21.329849970951948
1,360,45.686975243021834,1.566125722754189,32.09487819560454
0,0,14.984864381901073,12.207412759276016,-2.333346797950071
0,0,25.537336540770795,15.267182323461983,-2.8254172049776543
1,120,586.8169806300843,5.403458406074567,11.283301778519856
0,0,13.542759765625604,11.59696153462174,-3.918538770148402
0,0,11.740386145784155,9.09728285340395,-2.7692614756436313
0,0,21.762874565258414,14.725146663077858,-4.9159399636466645
0,0,91.28455862865351,65.02550761910334,-12.484302571655768
0,0,31.98640458075318,21.42257407594682,-3.0244103276977654
1,360,60.61294825309608,2.6483202682592957,32.26469432016533
0,0,18.75694650879155,15.64523956616592,-13.088701090889145
0,0,24.350155168515172,14.57382260997572,-2.0878153639535952
1,120,645.0925296275777,5.968691269349883,11.892146792335723
0,0,36.51536037957876,25.99057427130564,-6.76504054876203
0,0,13.256781749167565,9.440003818534487,-2.4572241385939435
0,0,27.522406056054926,18.522887436448578,-5.096597541290635
0,0,41.181389576047685,23.767581961348693,-6.970220460760785
0,0,21.741864978505888,15.882281371400937,-4.1908907267108475
0,0,27.48985480097615,18.175505263880222,-2.193606962587751
0,0,24.96512496597875,16.76512124530032,-1.945111198869597
0,0,39.01311124313817,23.305679339093064,-7.750626057218042
1,120,422.01451709024155,3.6251137272610654,9.194931489606589
0,0,18.95557240679029,15.125069385435692,-16.44272775957363
0,0,12.037437949939415,8.88265175595595,-2.7184848390067913
0,0,14.028938296030363,9.572416767680814,-2.814042838686092
0,0,31.302589228099848,21.809391599094567,-5.678434680240713
0,0,15.02759778575731,10.903553919955822,-3.5952852754158897
0,0,16.34682996281346,11.432382238908538,-4.713420454305421
1,240,136.40794453715887,2.419087235844296,7.688285928263525
0,0,49.42443879944124,23.670993459150772,-0.01877983238220793
1,120,739.0880529658889,8.84663077328514,17.100024467782234
0,0,20.005844001740407,13.264117009021268,-1.8606444553399086
0,0,13.64806140283344,9.327560730300156,-1.5190221084557294
0,0,29.30876142866372,14.951647391072513,-3.4925662544988683
0,0,53.31605109842502,28.126854175222775,-12.69485324958282
0,0,55.23804956954404,34.520196446497835,-7.597892299016777
0,0,18.434812993745084,12.404851559802852,-6.0838442401384185
1,240,110.86610384102025,1.2692771814336261,5.535608003281652
0,240,71.34062194440563,32.98139922727273,-73.89913449716877
1,120,531.6288775474928,7.478463895850135,13.00673476768192
0,0,20.80202608102142,14.11220880365624,-2.2122922319568943
0,0,13.790239203488557,9.737914638956793,-2.073451687633735
0,0,28.544047768742434,19.477914388086766,-5.591215939595827
0,0,63.1466404380601,41.5310074652465,-9.196303016813829
0,0,16.151770620493743,10.57832252083195,-2.976406505098325
0,0,19.73160528491557,12.712257380233368,-3.662124249224348
1,120,112.00095979691689,1.1455488746551488,2.7952184039041157
0,120,50.708781237488864,16.004815406672705,-73.78544977216417
0,0,33.049458784794155,18.539252733591596,-3.7984584361143163
0,0,25.93068350982897,17.30915184893122,-2.004456080685074
0,0,25.032633982004256,16.541188865850064,-3.2101888682035877
0,0,46.29759163644009,30.682790678657028,-7.1938483292155695
0,0,27.42808536579081,18.952203167957133,-5.51283606411819
0,0,16.182422776594972,11.298592130847156,-4.083683577366912
0,0,17.40449388785912,11.794653929629096,-5.507132227434653
1,240,90.76508427871121,0.9780908413198288,5.0359186027278895
0,120,30.925107916521046,20.774172437282427,-74.19998530812335
0,0,14.022993730160193,9.086757273604062,2.737655450629191
0,0,39.14349642966798,18.43274446063059,-8.35208939042083
0,0,38.48009501220015,25.745385038954744,-3.7614542752067734
0,0,21.13606159682356,14.93395776719788,-2.927594985917409
0,0,14.063765528392967,9.360240605690088,-1.0473689387245742
0,0,17.456047163297896,10.730465120562885,-2.657299741268588
0,0,17.302608055007795,11.882310270679742,-8.20680392698371
1,120,126.01400118214491,1.1156485004361045,4.581268695051904
0,120,33.98713201084053,20.787011362287966,-74.22072104432945
0,0,12.789017860494228,8.04911698893205,2.067450476928613
0,0,19.317375580827477,13.303769323767328,-2.4682487805924893
0,0,31.62955781605138,19.36595383379454,-3.5909053949844463
0,0,29.35165201835014,19.534589936766977,-2.851296802660059
0,0,28.176984844294065,19.262988839269717,-3.770480492673869
0,0,28.448322517375857,17.32712183559265,-4.8712085612175
0,0,22.406158034893465,14.098231521204804,-4.630444202405428
1,120,127.48836382379255,1.1320295591805163,4.662413057798062
0,120,58.16558877673361,24.021387770604438,-74.18678607838919
0,0,18.7521886499785,10.968312792702672,0.6754395427714002
0,0,15.658122545901417,11.127256655515383,-3.59079714698899
0,0,15.441110501848076,11.040733740906848,-1.9294152395287654
0,0,28.95353615989434,18.078251780600045,-3.0466344738413653
0,0,72.36421607056279,47.948579280277215,-7.998318287739153
0,0,28.12148078114693,17.7595666412192,-3.95997277210067
0,0,34.58265488769961,22.253624321490715,-12.016354814076692
1,120,129.253213233343,1.224138332490744,4.967963841889386
0,120,34.97754246173667,17.417883300171464,-74.1250005425512
0,0,15.499076223786046,9.801075162047242,-1.7852455631217055
0,0,37.65256584998973,24.419942491625676,-6.283395256373566
0,0,14.29142668263742,9.99956285752268,-2.1418894010673455
0,0,22.237509588906164,13.616627425529067,-4.720273385094558
1,120,212.8816784281093,2.9992453670492765,4.022409274829172
0,0,48.264425756992125,27.685016511809334,-9.254544601752556
0,0,25.01773166224437,16.285092253120272,-10.28880840108738
1,120,151.0979034828198,1.3872642148374525,5.346265605694725
0,120,54.27779673687406,20.465197148789127,-74.10749256771194
0,0,12.384924344414536,8.059781341267113,-1.379931761066132
0,0,11.936643225745563,8.30015439177543,-1.3216610324363103
0,0,14.938325426366701,9.95024788863962,-2.6282809517180254
0,0,17.45551034151528,11.50512933779183,-4.750599477359458
1,120,116.87072756733475,1.3086078362361642,1.5456701585333406
0,0,45.84353600674646,29.929815129374724,-12.74618777973469
0,0,35.2156927826959,18.146000954929715,-1.2887536418182748
1,120,171.68500413870316,1.7551282802289934,6.203747938299728
0,0,59.09035621882805,35.42733771592235,-74.08869586275613
0,0,16.693918337028524,10.112383519761345,-2.8074563645011494
0,0,66.33228797056535,47.85935910659668,-10.961165844543707
0,0,37.075236083955204,26.50893266035836,-7.664177542694645
0,0,18.471781997945868,11.705333022585467,-4.225355223109645
1,120,134.25971613014391,1.262878851804234,0.2615325152305559
0,0,27.13951424274243,19.553682783433832,-4.742131153407399
0,0,30.733975462309786,19.45533602617096,-2.805308058129839
1,120,146.26383068408435,2.422151502483936,5.820308558094752
0,0,36.07621442336807,26.542223980217997,-50.72092311312112
0,0,18.38061237800848,11.75023615193656,-2.412459429089239
0,0,16.1776318260282,10.974828057564748,-3.2012792255008264
0,0,16.899096402264398,10.759832770265554,-3.421289112876792
0,0,20.592319960817793,13.475516185700839,-6.423568083717711
1,120,144.42700303332506,1.240816131998822,0.01833257652077691
0,0,17.73595376216316,12.801767778708275,-2.6133260748076026
0,0,37.166153838878145,21.20160875191867,-5.347828648586216
1,120,624.7118921000331,8.914880796713842,10.122416968194855
0,0,22.821637871899984,15.33656436447457,-0.8124624618203455
0,0,17.594655650627843,11.572590400614464,-1.069468183334962
0,0,19.873532139771623,12.861290629861458,-3.131825646263721
0,0,19.200530436862632,12.355176627643273,-3.802080580577581
0,0,18.005703031066254,12.241066155699508,-5.9869914278981184
1,120,89.15909734819992,0.9512988486135991,0.22850854984818625
0,0,14.97863210161659,11.926659718748361,-5.5782178533724505
0,0,40.61753918436296,25.208705857542533,-9.944438220472449
1,120,394.52250580998117,3.28773515252019,8.345567756660657
0,120,199.0783284556388,67.61946357060073,-74.12308297875192
0,0,21.637511971571442,16.06250110670033,-1.522794134758854
0,0,20.982067282443218,14.29417974972946,-1.906166900812778
0,0,16.328697520204063,11.306543726669746,-3.794544854740195
0,0,22.37129771077714,14.699101101070026,-6.7667516997670845
1,120,97.47994528459604,1.005611565943003,0.018940430649095674
0,0,17.195401803530128,12.703204057278732,-3.635745045409081
0,0,22.161470254143193,13.249381760844715,-3.804453709708696
1,120,555.8862802071842,4.5396779184591916,11.116325082147512
0,0,419.89120309691845,110.73308938130653,-74.16137739851874
0,120,327.97846003048136,16.715426589125588,-21.688667095575553
0,0,21.99613649882047,15.598820505364598,-1.3873342586014132
0,0,14.229992761066212,8.936781497823365,-1.9216380373938335
0,0,17.087177061410102,11.485637079818154,-3.3825613108108854
1,120,95.19240059440762,0.9816269874112462,-0.2008279804293096
0,0,14.533994752718662,10.959627181744795,-2.3798684556886798
0,0,17.3741248500953,11.07703860851002,-3.4977205244362466
1,120,551.8903259318505,4.57073795910479,9.88427137819589
0,0,374.18828498232523,139.13121920777655,-74.36378794428283
1,120,214.13882679831974,5.301751521944778,-3.3531927969673063
0,0,38.58331554578497,25.2239130732245,-4.846448913949601
0,0,37.338186835899,24.913530335364303,-6.333476607808834
0,0,53.09185814381381,36.4185286493412,-28.82755161823617
1,120,125.7811823103966,1.2407147822602522,1.1589999920025065
0,0,38.952979849762116,26.766548022254838,-8.481991148350161
0,0,23.4966177263093,13.681708222380356,-2.6355169138756764
1,120,512.7683428189639,4.0285589473962595,11.233257897544547
0,0,366.3177422768675,94.3748365294139,-74.12448919437315
0,0,88.67778146716167,9.659885026158406,-41.37026350503737
0,0,17.219078953318874,13.185835210600583,-1.4978887690355407
0,0,32.100343165682695,19.24566974510829,-2.282611795157635
0,0,29.6655603941657,17.929177674083427,-6.160079972629177
1,120,84.50929414163978,1.1466963016258718,3.032398088712867
0,0,14.732643631101931,10.79024156619659,-1.323809338807635
0,0,22.31118837857023,12.972549572757575,-1.5157580150543453
1,120,644.4085745541864,5.216331391111956,13.642841622814444
0,0,389.5627137619909,97.36375743117492,-74.11638022254063
0,0,280.51623721351706,31.69455939531201,-46.10508286850403
0,0,61.22564942699887,47.26094657547607,-9.39923470121468
0,0,18.82633256262545,13.363092117052545,-2.3021047611082537
0,0,55.74077949210254,33.45868939906314,-7.613267677755701
1,120,186.2836151366427,2.826582395054882,4.110156765298015
0,0,19.833805489427267,13.441479579840113,-2.8794496082470005
0,0,22.76106341671019,12.72175026695424,-0.6777769751688396
1,120,612.9048132014819,5.085871471680207,13.114441523158717
0,0,408.2774388698935,98.93482595690467,-74.09368980986612
0,120,137.3956377873882,11.656821102890726,-38.927293599938764
0,0,15.883238392755349,11.921818881886841,-1.891212023902355
0,0,21.762637407690065,12.85301217893064,-1.48614802491322
0,0,141.54375530006286,80.7217323555782,-13.33390778089926
0,0,90.90565804852615,52.165906210253794,-9.732842533050814
0,0,24.31008473161825,16.158848694141756,-0.33186634231091716
0,0,23.717812200347065,13.311764594194896,0.794970310059341
1,120,708.7687704922193,6.539817034366328,14.789837382645814
0,120,478.9320099298387,82.2611917381691,-73.70758114728527
0,0,96.40464713167759,16.75896171714009,-52.38660787840064
0,0,22.861050150583974,16.879386691648847,-3.720494899080734
0,0,20.715608804604795,13.53417540676202,-4.066821870382725
0,0,181.44285044993222,99.84802531669722,-18.080936269237803
0,0,119.07990363098426,78.56453372473445,-13.701434705772485
0,0,38.51221975134205,19.931182118280624,-3.279925557582658
0,0,52.68212707980127,24.63551470636806,-1.8334908620186923
1,120,608.9935738156789,6.3319695892722905,13.732978895952172
0,120,358.80073716073923,68.3991933375781,-73.78654109931065
0,0,88.12882604151378,21.30217446088611,-46.889474905563105
0,0,19.593360806876575,14.406965894941608,-4.033281645329723
0,0,18.865557321371675,12.35746179568442,-3.8254871279023064
0,0,143.56144041550246,85.28853502144567,-15.99509315467995
0,0,71.10235396387759,53.81300799667694,-12.07824352378534
0,0,20.630794639812965,14.81385260350622,-8.061472666317727
1,240,111.9992096108311,2.7009860303235316,14.519950149672155
1,120,611.8884698462516,8.501799338533369,13.726850394055688
0,0,203.3751676632673,78.9655905779635,-73.75091866161432
0,0,28.28443744549389,16.12740016084058,-4.259944621041669
0,0,22.509242524601866,16.065038460363777,-5.770428822838923
0,0,32.10204555256867,23.565045911763367,-9.88948570924174
0,0,149.91257157191112,116.54167659309532,-26.196176077049756
0,0,79.27335508569331,62.788443633193864,-15.285327702025356
0,0,19.591355078914816,13.7941294733122,-3.9396388024930644
1,360,58.26266895157206,1.3723402677123733,20.442089732969038
0,240,49.91121481984377,45.85755472026745,-74.0031053306919
0,0,29.505659201745818,17.78498667017508,-4.061276242307912
0,0,20.77878647775412,13.968275620803091,-2.24365084356306
0,0,35.87484374824109,22.284392376269157,-4.74143170482138
0,0,17.4365561203551,12.107751537289104,-4.76195719011325
0,0,97.47344459342025,67.98903526021475,-14.310870920178914
0,0,77.49255545084844,59.9791408842701,-14.496549539458172
0,0,29.6451409436879,21.731077396934705,-10.447096114132322
1,360,57.815669219144475,1.0965726481215903,15.25099049681792
0,240,29.04353837629762,32.537360927311646,-74.28696767912191
1,360,60.33523490213034,4.4121040451016045,30.536007139839313
0,0,35.94599469560688,23.842121832323453,-3.585026696154401
0,0,48.50814284629986,32.13233109388775,-5.772652070130164
0,0,21.600307648233077,13.832860394779031,-4.1908324393286875
0,0,86.2100999771518,61.879532837838596,-13.36095312622502
0,0,64.86002849370988,48.669903420673926,-11.756247371153876
0,0,25.607038804695826,17.41712533444635,-5.924424086525661
1,240,72.39894770452574,0.995524669372963,8.43713723404592
0,240,25.654264414119947,21.23812213053916,-74.18737070863867
1,360,29.583812731885526,2.85832326643777,19.654444010969684
0,360,56.281627438088314,21.926795981568667,-68.06287336999135
0,0,32.762354729494156,21.700698187026397,-3.0339361512977234
0,0,23.571351775230976,14.009495994753713,-2.1404905038953217
0,0,120.33587540550677,84.62542490291099,-17.408657930085845
0,0,95.17693571483444,74.02949799412703,-17.158363584289383
0,0,17.850192011306945,12.936379955544016,-4.610942909685946
1,360,52.2216663573315,1.037786893981063,14.45999741372836
0,240,25.11490927391323,37.08615274962916,-74.43571301260846
1,360,33.75684281982126,1.345690569686881,33.880262345241846
0,120,27.344909242808267,28.20341716660881,-73.88368281139941
0,0,64.2213061707963,33.95542463207669,-5.985609184263851
0,0,28.2686214256451,20.423435773280058,-3.449816623063384
0,0,108.40577607405992,79.29472240108363,-15.374561520739476
0,0,67.58400929316522,52.19538515975625,-12.636724076023981
0,0,17.513510993637734,11.989145398748976,-4.0276277692594675
1,240,71.6590749210658,1.0174315342372209,4.9772398624229055
0,240,26.79960310222371,39.65966335056358,-74.4550156500899
1,360,35.435569101877036,1.172404265981509,32.40004594832733
0,0,27.650074041917925,27.383833618159183,-71.975503670967
0,0,92.26305972507092,62.79192633072636,-14.270652626483283
0,0,197.78226418305022,115.26827163316936,-20.601932162136592
0,0,153.6016843992798,105.65573340095352,-18.999624516503204
0,0,23.36856550841696,17.62557577086074,-4.758126876427951
0,0,21.011268916672925,14.68172706143782,-5.058981362870341
1,240,57.742451875601766,1.0190004739781726,11.643259670480177
0,240,25.487588604340683,36.22217889622238,-74.43545021522887
1,360,30.886997246816826,1.2883080383385752,32.00375003696996
0,0,21.13698081220475,22.664932027165758,-71.14911505463313
0,0,113.20600703932136,79.36268008643061,-16.341815647503786
0,0,134.80615658250886,94.80417762037051,-25.077582925871774
1,360,92.3188303606786,4.0406754803468665,34.09555928143112
0,0,31.465117538079173,22.04341985658605,-4.929033807712173
0,0,22.925194838314315,16.56189062861001,-9.562314469750689
1,240,66.9760843623831,1.1079143090483796,8.049193071876275
0,240,25.650184936258217,39.71264769069397,-74.44915397885168
1,360,35.06081602154961,1.1552956200174607,32.413343798230414
0,120,30.63249959951847,28.09007452239774,-74.21148077035453
0,0,60.499465598995634,37.27889019025876,-6.91672513408426
0,0,119.52814981946875,92.18065818787714,-29.925365317671414
1,360,48.31569223723197,1.6989988402182945,34.14954172408717
0,0,33.963471406928655,25.571069828476837,-5.570165867864446
0,0,23.060177940180843,16.325492671583874,-1.9289322869336587
1,360,52.06347306708987,1.4077577307409956,15.337214188581527
0,240,24.61601431792506,35.780904776098986,-74.39972325381457
1,360,31.40658557946639,1.2980087316476534,33.618651920535996
0,0,22.7434733111757,23.75383995822085,-72.84753312901879
0,0,57.10627761772485,41.04356224336941,-11.111401572080638
0,0,117.7025218889139,91.25398450801954,-30.477921373851174
1,360,41.535504432636586,1.40942396975312,33.79781900655024
0,0,16.566263220180858,15.361394081834122,-5.981012807841495
0,0,33.91326018594642,21.712662211074136,-2.776131059970524
1,240,70.20650136081393,2.822542494094344,1.9266697954561494
0,240,30.018403056667026,31.5392553177239,-74.28698052706609
1,360,36.0966467428612,1.255673246411847,32.87435535733155
0,120,26.870410263036934,25.590210576323344,-74.21619095679374
0,0,53.36097866939617,35.72602693051403,-8.607658744303464
0,0,134.616901166106,106.68337713208918,-40.32229384412428
1,360,40.565956494031994,1.3017211611244892,33.76158923514866
0,0,20.936977929564986,16.669354107447646,-4.578460184280843
0,0,64.23996991989601,38.38573711309433,-11.97895929503175
1,120,628.3884594758792,9.220315624487412,10.197366214893478
0,360,39.82767211475074,31.876840290194757,-72.88126851271743
1,360,39.64680729634739,1.6883186382282003,33.42869334205186
0,120,27.48204882395907,28.615767427370447,-74.07270049752641
0,0,78.2498271430436,59.28998379486938,-18.267634917704996
0,0,172.63882614056632,130.2177789685979,-60.433098759792045
1,360,43.145642539809344,1.2955043980988599,32.21865561502183
0,0,38.1804234442085,32.37435039523212,-40.499466668991516
0,0,92.1293028565229,60.519111158496194,-23.997392832773343
1,120,305.6559395646918,2.6680273771123035,6.531930880209828
0,120,255.17771960597503,76.14804882613923,-74.04052303276956
1,360,61.64078915431435,2.600759856188346,32.55170971672736
0,120,27.523170843252075,32.46597971647761,-73.71253355813018
0,0,79.50007036731051,66.35542470015538,-20.580486568883366
0,0,121.96955645702262,94.44019064476086,-29.621933696260328
1,360,40.97167610212101,1.3167315769231354,34.02492330101289
0,0,19.146748983339847,15.597672285911123,-6.775482316938906
0,0,128.06691063099177,88.38474329476618,-64.6852111678379
1,120,321.0769027038149,2.7338261633365715,8.519763761652897
0,240,58.664016771308134,28.55917077475084,-74.19872390021717
1,360,63.910993765551964,4.144333280903893,28.63775363801892
0,0,58.228841825544194,39.154999063459044,-7.426073586540085
0,0,67.32868802888532,47.769411962071985,-10.58945471830775
0,0,120.45813840492836,90.57720846470119,-28.55473336261639
1,360,43.2831167153589,1.1838004321108826,28.181588258406578
0,0,15.676273372818436,13.583364282833934,-5.669945539366452
0,0,100.302142409101,67.4990118277857,-23.81782189846836
1,120,430.9324064473065,4.237549328725428,8.166117560504446
0,240,30.896020264998604,46.49431073684298,-74.44985227274904
1,360,44.06959004178376,1.6833504758045854,33.02383751228474
0,0,63.68326367015392,45.76340354279899,-14.158312024124157
0,0,116.47291321152399,81.68747649173488,-15.9893268672298
0,0,146.75257382540264,109.33148959376027,-32.32274616314609
1,360,42.68839907117375,1.461990759527041,34.13406226073724
0,0,17.039980866878178,15.388270870194775,-9.103022388423497
0,0,140.472553170883,100.3752087936721,-48.927980339032004
1,120,339.02089880634173,3.279580328898627,6.7448963211123925
0,240,27.728975813377925,47.738687581898525,-74.45752368263481
1,360,42.252683626765666,1.4714236817197068,32.19942077890653
0,0,119.42547713825113,104.0792210470419,-73.48623143075403
1,360,82.27670382380056,3.3215368312718754,31.9475276934849
0,0,206.18262792678098,131.30999348990736,-54.57971434799238
1,360,47.628652277021416,1.7890072700757824,32.65758458305034
0,0,16.559865481127762,14.025821843866428,-4.379000762503381
0,0,73.9245731495517,52.345011538697115,-15.062632431685245
1,120,156.94439274867705,2.0502326550668553,1.8453006099502147
0,240,25.013795581982105,46.86135211708469,-74.45600529958199
1,360,35.92801851961229,1.245702756752658,33.54830737702861
0,0,34.274453000970496,32.80614008178399,-54.077231316479015
1,360,42.581336217295544,1.5879212878186622,35.071648109978256
0,0,30.2955869395732,22.72939715297267,-1.9527634994713168
1,360,57.51284658082609,2.4971443213780726,32.06081338411202
0,0,15.260857880888603,14.838910555898241,-7.251377975414968
0,0,117.64470691829845,81.19790952937076,-43.272087109015516
1,120,507.53437456079473,4.823593845702247,9.410802972848657
0,120,39.23503925105013,50.543662318354706,-74.45759893255592
1,360,40.47479238938689,1.300819491860411,31.655782692198414
0,0,119.09209610380039,106.37824098225933,-74.14422731210915
1,360,43.87915067596992,1.2382405630560207,27.06076353316847
0,0,50.27178992213169,40.06406765093553,-12.55454303055214
0,0,41.30562705010808,25.188316861308564,-5.153444392441784
0,0,49.55665138614885,28.56527676629852,-6.867060121093047
0,0,235.75046285691064,121.25889459850971,-74.22125847871314
1,120,297.3019925208497,2.777942093154376,6.035630474590661
0,240,30.82466341338743,46.80912856039586,-74.46121610047373
1,360,38.83569532084506,1.2815533556318663,32.31003357672283
0,0,75.11599394314538,71.57303533453575,-73.39019607302747
1,360,45.984550999944375,1.3298808029527562,28.575852438156957
0,0,119.12342296399142,98.95560943344168,-46.94822026001914
0,0,30.740307017855436,20.61325265080898,-5.7617689832026
0,0,238.17073489442012,117.99590005306634,-21.945081616499607
0,120,412.17494150103994,106.10839391325234,-73.63421710921237
1,120,562.4605086134696,7.368070696333356,7.394284372610258
0,240,33.71252560786323,50.881241655392664,-74.4495140465529
1,360,40.97418004481938,1.3637502830065258,32.19524074092823
0,0,104.78410424077852,97.18635400346754,-73.96522315103758
1,360,43.90587778239346,1.2775680479275524,28.916275730322255
0,0,96.35398733358933,80.88857498203005,-28.690855216899884
0,0,38.51919843451606,28.850855146247216,-9.577889690942754
0,0,139.83227921240598,101.46657800004648,-20.30310524391674
0,0,197.53663512574963,108.20346753180111,-19.182068186072158
1,120,596.9266437594493,11.6837718563082,8.039334177521084
0,240,34.446908837066694,53.09441704123696,-74.41280413609336
1,360,42.09296811585279,1.4275096588962903,31.962465916857568
0,0,98.67382957541132,89.6507658375925,-73.77943485259946
1,360,48.45953841380395,1.2372851810721097,24.92702900739107
0,0,135.48408160299954,110.41416896260209,-46.94212922858263
0,0,56.32368705707014,43.18099741103114,-13.767003847326563
0,0,163.09320827654687,125.22014182205521,-27.198161156817065
0,0,178.83666158628435,123.8388183220849,-24.101843821617642
0,0,83.43756254440036,49.44060522414471,-10.705817150036431
0,360,36.20918076668826,47.2139808776834,-74.0201932265464
1,360,56.75429901768184,1.4854228014736326,23.095672766761297
0,0,95.27668161427836,84.544669149447,-73.62955262242268
1,360,44.594182582968536,1.2967794147925953,29.22054419200589
0,0,105.81937607913834,82.78348929481928,-31.85265426258014
0,0,37.540278175884836,28.72856625230662,-10.300349302756558
0,0,164.85255710125625,126.33807645912249,-28.03616717700921
0,0,154.24128181523628,108.43073326981201,-23.451173447712094
0,0,86.5210448025784,58.03409939583104,-14.712787400531006
1,360,96.27297136675259,3.3486295271555298,29.53445505205383
1,360,70.37094531564766,3.006236825991445,31.1727967900201
0,0,91.41300610915975,81.1072185077032,-73.12587346357013
1,360,44.6126293972383,1.361783252763338,30.08925933583147
0,0,83.31593931888408,66.88307591806101,-25.51074144306569
0,0,18.598944415349212,13.39153132918486,-4.702995339666302
0,0,117.20475572941383,69.04982097223818,-18.31857808971946
0,0,107.54742010482583,87.36682632081677,-20.354523041757425
0,0,20.14495254223772,15.055294272978294,-4.520172802113265
1,360,45.808778634752834,1.5165418380574076,32.30831826233333
0,0,33.23077585716505,24.951659674369008,-6.274314914908743
0,0,140.9450151693696,90.91153615695556,-33.24706746955954
1,360,50.29117065922874,1.7642818082248897,33.95317986033349
0,0,35.83303415584295,28.34583582686995,-9.374783144395394
0,0,21.164537050902126,15.072363999233874,-4.428311887817159
0,0,61.123223095503405,31.84945490401483,-10.974292995684735
0,0,120.00661980968682,94.59007625361515,-21.227130950034912
0,0,42.80533797510747,32.430445494323585,-8.169699844849603
1,360,40.508796004767945,1.343520839966554,34.530141676103696
0,0,27.71406797832575,17.692280981245595,-5.691249577548703
1,120,337.1206085256649,4.676670361266276,5.968183646653898
1,360,66.44985929468133,2.7815235868699144,31.91607748742105
0,0,34.804288746689586,28.066833997116124,-13.031837586200233
0,0,23.926161558648054,18.37300746302719,-7.45913085899798
0,0,128.0870010023631,100.76970036757209,-22.653860347041793
0,0,83.27570710008007,68.26361609285814,-16.843357754133592
0,0,23.03220070083888,16.90444464404087,-4.29258555505551
1,360,41.18288973554979,1.1984065055989186,30.628684077485758
0,0,42.917655064104565,29.688531252023864,-37.4228463055803
1,120,259.07131005645914,2.438143628304575,5.462249169439318
0,0,38.278305174859355,23.521120530020507,-4.084532907792777
0,0,54.65916449108454,34.63503529814398,-9.169607395781071
0,0,31.00927863054604,23.053905103397945,-7.9916277289432145
0,0,153.02188745916217,118.42849842423944,-25.606257808900587
0,0,157.11220470866746,128.5594964833002,-29.532754001543935
0,0,36.974479047591984,27.1376919976481,-6.229845805699327
1,360,39.39629904380341,1.1737705062453212,31.61474837515243
0,0,21.812335706489595,14.184570579814961,-4.0197090120535535
1,120,434.8815027993685,3.9206150479038553,8.540464109091275
0,0,17.95445125827251,13.725959050373216,-1.7132772996825025
0,0,29.61406411008056,18.707605656060785,-1.815754844301992
0,0,73.69978454337348,51.89227776577058,-11.501772987379113
0,0,142.84274635442517,113.03121891812569,-22.501030830998403
0,0,172.57773140947077,135.8673229930691,-29.30679463780244
0,0,51.96635612363617,38.313386607801405,-8.326263916736153
1,360,39.24349970941862,1.2658928398159655,34.00925232197869
0,0,24.164993937420135,15.645311417935401,-7.169067865025468
1,120,473.8825318755363,4.164147815196566,8.509946501142096
0,0,35.28656428858581,25.65844158016601,-7.637036439526753
0,0,19.68832862476905,13.113084589571729,-4.187251928709813
1,240,124.01158239575616,2.4835261216667646,9.900325388598617
0,0,121.66296503564135,70.02589485690147,-15.279490637039721
0,0,32.4254806765949,25.2008190691983,-6.824131464126623
0,0,21.77291239722103,17.008593079474796,-9.76618707903512
1,360,39.49440506300728,1.1638750382866199,31.645415864941455
0,0,22.483101877591526,14.736087856054157,-7.108070119587097
1,120,431.1355751077191,3.6774475271060068,8.275023370700126
0,0,18.44143318292043,14.024514423433516,-4.501604107508442
0,0,14.740149024689364,12.946091215289782,-50.86623772024933
1,240,84.32323024104042,1.2503150944207906,6.625398860899978
0,0,58.366238787001734,36.62684806194065,-10.629485659703548
0,0,50.899698595300926,35.68438389909588,-7.1232956164861605
0,0,40.76597408411786,29.99556090730827,-6.2208528953077575
1,360,41.94502591554222,1.3171208620614645,33.163960379015606
0,0,36.11064823154752,23.739328718502094,-24.608028101898647
1,120,519.9609310890388,4.568086135710554,10.343209571845634
0,0,18.105129043557508,13.460058193254799,-3.5285795299095497
0,0,15.486607986355557,12.160982427608893,-15.133601482858715
1,240,54.02225486090267,1.02545603847296,13.628452966187936
0,0,20.708006893402334,16.3690517501882,-4.749616918631489
0,0,32.88661058786217,20.13325324465166,-2.795357569316934
0,0,67.00741122257413,44.70149637962837,-8.729550150569182
1,360,45.468937354603085,1.461320143011883,32.32478028441122
0,0,26.48584915459219,16.082573109833646,-3.238200118719547
1,120,698.0287462230481,6.869387012394464,12.910677161869742
0,0,27.564458321313698,20.019530208719804,-6.007437808885612
0,0,21.01852704132282,20.381609590292634,-73.85086272174885
1,240,67.26001896304875,0.8809213612113235,4.661980065816238
0,0,21.90435835830073,17.337565701615482,-8.377398604434887
0,0,88.3354583054827,63.51034258774642,-13.24129745740386
0,0,284.8152531231682,142.1675904545597,-27.21923204547064
1,360,63.13726444117194,2.34758292602284,29.12139735493885
0,0,29.835843205100762,18.26486491452504,-9.928076119621124
1,120,420.8082417760878,3.676159478473689,8.464057677838454
0,0,23.224112649693396,17.537176961525454,-6.089052634073539
0,0,12.571727294180384,11.010443289066723,-24.5013538657631
1,240,62.70088716168941,0.8867159950912507,7.163133268471412
0,0,19.415499984338965,13.995832887686479,-3.387082746313311
0,0,77.50339483862346,22.381995256389164,-11.435454436625733
0,0,214.8513731469276,150.38259768178344,-30.164331094405163
0,0,311.70199416666736,157.822451113545,-27.021096579945286
0,0,54.3826681812835,27.217120606664036,-2.1491836506071706
1,120,533.8296409519736,5.612259295972456,12.642904928191896
0,0,16.291313030650983,12.547098339360529,-3.4444874909794976
0,0,15.38132841031687,13.776800517143197,-40.20803183984585
1,360,44.010646274680205,1.0454652593616176,24.666501062639753
0,0,24.456379697965726,19.480864537210174,-7.102924176418597
0,0,48.5281596804407,36.307986815281666,-11.446558182928655
0,0,202.6659893198161,146.75264628759186,-30.825409929412068
0,0,230.97639643825943,154.0735582725557,-28.919196036541372
0,0,197.78314662981617,110.18996890008907,-17.670697183389073
1,120,464.3601370689073,6.723534260209586,12.00684803367264
0,0,23.877713392766946,16.427382707282927,-4.647205988163051
0,120,22.241629512244664,24.226988086829405,-74.14010787089032
1,360,51.31483096889335,0.9222245936363107,14.649864397754811
0,0,18.295526125463816,15.0553449918744,-7.738115086974204
0,0,54.859060744740084,42.0426906840286,-12.425344884593258
0,0,171.38719306264304,134.36063365279455,-30.023288119712944
0,0,181.944727340617,140.18596937116357,-30.45841591774724
0,0,61.34450029892548,45.96089728879661,-12.182798597240648
0,0,160.26673128522708,91.94136643605661,-16.00531426348148
0,0,33.984230967097496,22.841847989927242,-5.477318231455939
0,120,38.135628240252245,28.920816227990333,-74.17677470007885
1,240,65.58331127797007,1.0212028715985946,7.813437264546195
0,0,29.61192233824238,22.99673363662249,-9.448416761610801
0,0,126.275881967385,100.72440275791796,-23.150552110798365
0,0,202.472395206814,156.03617667621137,-34.73275871701337
0,0,205.9494707837724,154.1346576360628,-34.10559481165912
0,0,115.67036464651284,91.8536171103631,-21.248251799301777
0,0,58.86589485332553,43.25859168663797,-11.413038774797855
0,0,101.18128735339612,58.22232849014026,-11.251345413280553
0,240,34.7608833963897,37.67158687877994,-74.07998990062654
1,360,59.72943152044801,1.1760323400721155,14.740875981625038
0,0,23.537901527509398,18.257668466711117,-7.265004732688865
0,0,135.23502571075784,94.82418340716724,-19.69590893033932
0,0,158.56706527678776,126.03514939898963,-28.522300597824568
0,0,173.0753431407868,138.62188878223043,-31.222517700735338
0,0,126.38284922286356,98.07361910105205,-22.51367919292877
0,0,80.5691546242521,60.833280907265525,-14.629403136955844
0,0,23.79686288469882,17.351991000982505,-5.526891649989452
0,0,30.419160740128373,19.161050902391008,-2.9690289878696774
1,360,71.15424183371512,2.2793934834978176,22.964276353817823
0,0,22.24041430951073,17.380196342649448,-6.640276407232321
0,0,74.43041369696016,55.37838473517719,-14.446522312020626
0,0,198.47961773983775,155.92291574577737,-34.552733973804365
0,0,203.94512532194466,156.42604719513298,-34.734632240011614
0,0,148.5389108137038,114.54091757956913,-26.1194157581195
0,0,37.54506177272856,27.215830092529824,-8.030892607601956
0,0,23.871258662360216,16.849975367341198,-5.858197130229968
0,0,18.8219754817186,13.025264820966969,-3.5551835564846073
0,0,40.41854743864251,22.450316427158235,-4.092859676673868
0,0,33.96192712508825,22.998200258034842,-4.259511629059844
0,0,133.92172431134114,95.42782843773595,-18.158429343829603
0,0,188.36855740309335,140.91299656965558,-29.45624764906455
0,0,196.89231661959533,144.63435468549307,-31.31661435247601
0,0,124.88905804491904,84.27536871743136,-18.74999214883279
0,0,30.449568384938203,19.77925225614168,-5.236287416039673
0,0,15.915153550790336,10.674372839187873,-2.250162376828058
0,0,18.20122749636885,10.877115990932293,-1.2357537578901798
0,120,30.854457022322627,31.761801380680637,-74.00583254265909
1,360,78.55487428258446,3.15189092916658,32.47903367793327
0,0,325.39642079332816,183.5677685273049,-30.16371075012352
0,0,233.7685903727223,164.34837257923692,-30.45672142027994
0,0,203.74120658178103,147.46676834474175,-30.50027874829688
0,0,157.03485824963246,122.74307601977974,-27.515365253957462
0,0,58.116980667376176,43.84884974635157,-12.376874762936481
0,0,75.8508588412086,57.75890993643439,-13.238487172906495
0,0,17.276767072211726,13.269105775996426,-5.271563772404377
0,240,22.867808222066497,28.779079455110146,-74.16761408335779
1,360,44.43267276363157,1.4585213580940388,31.736219279589662
0,0,33.81554391406418,24.397285233649264,-3.09305621035341
0,0,292.92552720004085,170.778638206876,-29.103758868790564
0,0,203.24560977058056,133.5939330066831,-25.287683958279246
0,0,180.50194158574405,128.9878344672005,-27.289843045582224
0,0,87.56831791695507,67.02924777663388,-15.780283334470226
0,0,47.56921581047354,35.82484706414055,-8.584223053287644
0,0,15.024484403261212,11.086361023385653,-3.4912256447090044
0,240,22.418804600107908,28.644927974914022,-74.2110515839663
1,360,39.89847376027168,1.1371615013728016,30.712359777971756
0,0,23.226019102393987,14.951522002690476,-3.9483402759737913
1,120,304.0292666112422,4.175584574053551,5.925026003543252
0,0,194.05301473527715,123.54422043177897,-19.687165823014183
0,0,128.03821640365248,95.26077166483387,-18.41148817689458
0,0,49.561111419178395,37.13273805570104,-9.613969580504488
0,0,16.31612449222012,12.203435552506496,-4.381407198710022
0,0,18.363230015150137,14.025699273200843,-5.405708019078617
0,360,22.205609138317275,30.67428117497729,-74.12883433656569
1,360,34.85822830525794,1.1821270607539938,35.0129527161355
0,0,24.460227533551397,16.288350942194977,-7.597434326728319
1,120,348.3853356418667,3.4910196580376134,6.311121623021279
0,0,110.48817395233542,65.59365505783187,-18.65325174797237
0,0,200.9057433408947,118.36085068770197,-27.604524131751653
0,0,23.384899965740743,16.898196357812452,-4.828583831315228
0,0,19.481225722524957,14.652060733791425,-3.7759428530598598
0,0,13.130511889899358,10.499699074291673,-4.102002468905297
0,240,21.37006809484438,29.137693045449176,-74.20746138046803
1,360,36.56092404759368,1.1572490900002315,34.181666398430394
0,0,37.640439560681045,26.295840036092194,-39.220108591026474
1,120,409.6792055575961,3.710136207859846,8.025886445778127
0,0,61.48070228038747,43.242750484754694,-13.026221180589943
0,0,109.7844373639409,61.44477046043172,-10.656472717647134
0,0,24.987713764756162,18.944736219363985,-2.5484771987617307
0,0,53.450561723585615,39.37628278944607,-6.792760362367147
0,0,14.401225121490047,11.363781409781781,-4.14048046790478
0,240,21.23816620293561,27.572755870715156,-74.18967367823667
1,360,37.07534638980095,1.1103009148817364,32.240255253499356
0,0,29.188108894589977,19.418774746370815,-17.955468515737657
1,120,537.5219158802537,4.8644799680389585,9.267399359178654
0,0,119.35721988090532,84.30072816548356,-24.271393489574244
0,0,21.082877633298548,14.687713300036364,-3.46851021920142
0,0,79.21454736246618,43.05542869514246,-8.936924166168097
0,0,18.20392815115879,16.199757710424624,-0.6453608639147888
0,0,17.489673900372665,15.288915370442716,-4.410434315029477
0,240,22.911230118243246,28.550793703744265,-74.13355307745887
1,360,39.92705032804217,1.1369127498424285,30.81508712565767
0,0,40.99028469829786,28.074453102397584,-42.68586592624955
1,120,551.2478458564586,4.917463603740238,10.792338831753469
0,0,73.6004725135895,53.17774255210358,-15.025890563997471
0,0,14.939124224532957,10.995813705257055,-2.818147935744463
0,0,48.39456091693825,32.177989371247506,-7.048900099918129
0,0,109.22511318879316,55.86369694570145,-15.047286196637408
0,0,25.618935290159214,21.16412185226462,-6.4173396605946635
0,360,25.16068436146583,24.394163203822394,-73.4771170015791
1,360,35.380750773404266,1.3165614572924518,31.778719107958707
0,0,34.71938633722117,25.177674346275992,-47.29070859086694
1,120,438.14958556725907,3.6009039075205673,10.440657748060943
0,0,68.61231715579714,49.10788363026698,-73.796566789255
0,0,19.10068342372679,12.629327758528007,-4.8493632830579685
0,0,14.096373774825373,10.454361312178131,-3.367273363145216
0,0,39.97063216769525,27.064783584498034,-7.812206676478084
0,0,306.617335901296,141.74625167832178,-25.11630656455325
0,360,38.76900440650881,47.16769424955524,-73.80956611148312
1,360,47.03351547062243,1.5312129831847165,30.543001625699418
0,0,43.726141760478214,30.421836322767014,-53.673012484531306
1,120,375.0386695157736,3.0929266902996573,8.397235357567766
0,0,26.735302147878564,19.43488504017509,-6.354539169693538
0,0,17.680214379878436,12.901879835327225,-5.94845097813203
0,0,140.86181514678717,107.13498945386851,-23.713470830850632
0,0,195.98448480168398,152.48220218838418,-32.64791481472125
0,0,184.59075867574725,137.58587079780463,-28.12251160692159
0,0,44.54615174087049,27.116266081760447,-6.393583388976936
1,360,63.849229845658904,2.4828039057191114,28.454506435252938
0,0,25.015174405053894,15.675780794770118,-12.304007208458124
1,120,259.31374759795625,2.2325209464552835,5.144707838159235
0,0,52.204778532348236,36.73809150739629,-11.53039209202339
0,0,22.35235268177077,15.836589281443779,-6.120677702283899
0,0,107.66416781196027,78.86370758655558,-18.56847691399407
0,0,204.45532662712148,157.05470227691404,-34.717982865633886
0,0,176.41836034655213,136.59166772550049,-30.090272811976817
0,0,36.1605689804693,26.098954916847834,-7.582658475348836
0,0,39.84925529190113,23.13259547070391,-4.7105976796547395
0,0,36.3120189066745,18.718849753555485,-0.3776635711568588
1,120,376.4761458826048,3.5215210863969504,8.802524179316705
0,0,83.91578250803475,57.013297080236576,-14.299492390502913
0,0,25.940386747392832,18.530259991540643,-6.541816528597963
0,0,120.0680454583196,89.74848424408697,-20.566968059604925
0,0,203.6365631027861,154.98786217719675,-34.39113220674476
0,0,211.2262671249821,132.79698135676182,-30.872014854839485
0,0,23.66738404453487,16.93294866365154,-5.074727282824469
0,0,18.97570690049992,12.110607292911427,-0.8508988269754241
0,0,44.14491790384169,24.640789471562915,-4.7423809564738235
1,120,408.42698418182886,6.666785450901668,8.59110751742601
0,0,143.01441166529355,89.61537531897743,-21.71647434025393
0,0,52.335009290694,39.21656898561333,-11.178198912044685
0,0,135.76546446176698,101.97203124775709,-22.36913064853762
0,0,244.20415580019662,141.6460649522169,-34.04955149370499
0,0,169.22965484224736,137.37928709853855,-32.15614833475783
0,0,25.02331313803897,19.514925093660725,-6.470227133142856
0,0,11.237457672703316,10.00490172576678,-1.9532381252975455
0,120,14.80572952684513,6.439265413981139,10.630449791167464
0,0,25.990235797514877,20.12240785403467,0.6115399183779715
0,0,77.06866479310402,53.94205377466522,-12.442856079550175
0,0,176.79035578073598,131.24419417536126,-24.797965863460583
0,0,250.47327823715685,169.0732209607986,-35.191309715910144
0,0,236.20112842027842,172.7968219789305,-37.321813455361685
0,0,212.34545965078323,146.35122313122426,-32.46042095982591
0,0,73.64880118147104,56.76616080581856,-12.914942241263155
0,0,12.110658051128267,9.830487895213116,-3.3304690446908296
0,120,15.516785827320092,6.193438673283373,-17.115738854387125
0,120,44.56560969205956,41.9308329763868,-74.2715461453633
1,120,509.1816085238909,6.25485784760757,10.823755730741794
0,0,234.94133270977014,145.10725767277046,-23.13575127911224
0,0,305.1323250686726,161.27941725942318,-31.45886470865598
0,0,228.82349106338498,170.59262383769666,-36.51812621311292
0,0,128.25976937168892,101.7656504240754,-23.216108762199127
0,0,16.685989185150362,12.761664629330173,-3.27548738976904
0,120,12.88221067348562,6.1726622410374965,-11.045878227755402
0,120,28.72721614089105,24.95195271687983,-74.0943593666529
1,120,216.84914438034906,3.7711975321948628,-4.214738592786276
0,120,520.6670649911475,26.23230898328854,-64.9709078123784
0,120,318.99965243167406,21.661826379737054,-49.34682305882711
0,0,304.7930537020592,183.42964406691394,-30.893527062243763
0,0,238.65861029641857,171.33661368921915,-32.3744637246665
0,0,191.81217354017633,139.52422302739083,-30.08320754858122
0,0,34.683474430708756,24.102340764219953,-5.374682478227712
0,0,12.232264730767687,7.824101901935789,-4.069153365669422
0,0,15.909237480596985,7.759822745414593,-19.58612464602669
0,120,67.97405076371264,33.664808175114956,-74.25100416916587
1,120,487.3189604827271,3.738403539288696,14.5074350160439
0,120,338.2759666614237,74.21676342941026,-74.07724274995105
1,120,441.3030090853612,14.056047488228199,-3.8636820167598245
0,0,295.02992741768054,167.5364384088354,-30.318463749778445
0,0,195.11424521600185,145.41790527597698,-29.837005809689813
0,0,18.795691437108793,14.912514945011521,-3.1654657925433014
0,0,8.548217699364734,8.98861973178762,5.071040913868302
0,120,15.40306693486668,8.910187185536849,-62.2183632121267
0,120,64.13588532385288,11.543305169117964,-70.9989880955147
1,120,471.4379778445172,6.898984305987828,4.070812782334912
0,120,601.1520341939286,56.56757942127115,-70.95439720731041
0,0,541.0759996449867,72.62067358160235,-58.33321567205458
0,0,280.44628859986983,131.73466844242236,-35.23802288933302
0,0,220.38646165652924,135.26198733263024,-25.501128188392478
0,0,21.280242367794294,17.963779232092424,-5.224775658061574
0,0,12.035156457363296,11.488649923132577,-7.370030268585964
0,240,31.830546097579784,2.328647167048086,-7.6049409088746245
0,120,69.78769947941979,36.52945369283796,-74.3250176301586
1,120,350.940224933521,3.0198481575189056,13.987011960976233
0,0,462.78796991070084,105.03602738661841,-74.02986919219774
0,0,386.70632182530557,81.06835092698853,-45.480450300889615
0,0,230.91255141474335,155.52648558295962,-31.708014123731296
0,0,276.67335803718254,143.9211793810705,-24.249852138478886
0,0,22.98585569974994,15.587566545862321,-1.5730461849561976
0,0,28.20969052755688,21.19702010067945,-72.4770802556242
1,120,122.23368012779281,1.558741896796324,5.388557264841737
0,120,152.9389668780556,30.31515757796077,-73.97433647431352
1,120,288.33727465540534,4.127565754737603,10.40368689422894
0,0,360.56995468178104,76.45879786713796,-73.73328568766252
0,0,275.12513460122534,82.94923864728844,-39.978804219318526
0,0,134.066886804339,101.85517491113255,-21.16281498719743
0,0,184.1077955607459,122.93790420601542,-22.494406886353502
0,0,278.2731163642709,102.68139699953896,-21.30745512604627
0,120,142.4662651491811,42.22378813800224,-73.7511769215554
1,120,285.0556316222114,2.83234849955575,6.6783737645214245
0,120,194.24680004507854,73.9666910944511,-74.36883547870427
1,120,362.78595500042053,3.7221199559227345,12.13995143423675
0,0,340.0425956719521,106.10280356381506,-74.18417453044597
0,0,282.2251542055527,92.79921457390056,-43.713620274011575
0,0,151.26046488455282,120.17213517624793,-27.22789188510697
0,0,141.04390803693977,112.83947894911948,-25.344031203297533
0,0,24.080880214748774,18.059688664625835,-5.597019697505942
0,0,28.62046214338093,18.789382831737996,-2.011467220082949
1,120,294.5839388221723,4.490665854094532,1.4300279923128727
0,120,190.8787360586065,70.32353024554077,-74.33839029087586
1,120,373.42120342358197,3.665246110447337,10.506988788967647
0,0,358.5244724932142,116.96699398496098,-74.22107171188925
0,0,202.30046516191587,100.74347306285321,-28.543188297562764
0,0,149.13316517333686,118.07689249471215,-26.87347962122145
0,0,108.97360115305291,83.59337989868006,-19.22933508962562
0,0,25.940055829855606,18.880675435867683,-6.269264729582375
0,0,15.592086112916581,11.56899147227839,-3.003443523655193
0,0,30.759362352707548,18.59763722729888,-1.8799542323751268
0,120,300.58431209656413,28.55977658378764,-68.23119431911493
1,120,396.3577303491156,6.670415374118695,-3.911652532283753
0,0,344.0581696803819,85.69113034785656,-73.83213816043904
0,0,145.54507779322267,82.1226108077132,-19.850599479227633
0,0,138.2601561765378,109.79540970099427,-25.041003430177177
0,0,50.483275643313306,38.21217141519219,-10.24289459747709
0,0,29.46200566329301,21.635714601392642,-6.242086155954524
0,0,12.903905075697134,9.754242601356845,-3.1725268925544583
0,0,17.106662589060612,13.592234454219303,-32.38886487144633
1,240,111.94931459994,3.485703331525115,5.33109423279339
1,120,555.3105131072977,14.124081251919344,-17.5033999064148
0,120,546.067118553168,42.38548561421595,-65.64525639444342
0,0,196.60818346840736,110.12164491160354,-47.73816833361411
0,0,163.22636949352787,121.66862438297262,-28.2946800436913
0,0,36.38690922221098,26.81224292992845,-7.259858789520351
0,0,15.90292614778972,11.302896897154017,-3.920229104231268
0,0,16.21672973305182,10.973887644699479,-4.098963198263704
0,120,34.2977459187299,28.25721582679332,-74.23725052624587
1,120,135.4939061769937,1.4459789977448894,2.6920996980807814
0,0,114.74828866705452,65.9585662444372,-21.047997171096185
0,0,230.69436645186363,138.90813496097783,-22.371283118293377
0,0,251.60128052317134,133.6135105005794,-25.614721969468206
0,0,174.32447595287323,132.75671055325495,-28.213073545272252
0,0,97.14293886468188,74.97142115541337,-17.660209617983348
0,0,27.40535868470622,19.937252888372672,-6.155666785122207
0,0,13.901307997997991,10.014779230783112,-4.295766380768086
0,120,30.901877505407562,24.674793673684462,-74.2418188323497
1,120,124.65713632738277,1.270783779198116,2.120308805785726
0,0,132.08021969272235,102.24369292615802,-72.93254839844852
1,360,83.58875509029883,3.1763409592344614,30.29657090066378
0,0,235.26114612519447,142.6704739448677,-22.636894555446588
0,0,201.90199632475367,136.63353899195113,-25.969429833649002
0,0,103.851608035759,81.30051949162285,-19.069869138784014
0,0,115.5480942933682,91.62729248964659,-20.84336682584358
0,0,15.63591614072258,11.31185582660757,-3.6395836858632578
0,240,28.232080775811955,25.650481531194067,-74.24997031624054
1,120,124.75189640259909,1.283278062260333,2.7570984559665135
0,0,186.8549847101456,143.58416922275546,-74.20395623361283
1,360,46.731505418701026,1.5705122028381067,30.306196645490317
0,0,42.30693571856362,30.88950681059629,-9.571886090579497
0,0,224.44546675328962,145.07850569411218,-24.22762799233527
0,0,74.38816655804058,58.01528832080921,-11.938907536713742
0,0,15.261392864240456,11.329660976856662,-3.425985410525726
0,0,15.630636167573014,11.425677482615182,-4.546069053333426
0,240,24.392104481651252,27.659028712988732,-74.2680887473234
1,240,75.74155310180029,1.124392931224881,9.026888966817467
0,0,141.50747203053646,118.81912409116968,-74.17015940746724
1,360,42.03482590456163,1.3691569525527099,31.195970187816158
0,0,49.49139444780727,32.62771945843808,-32.20168743376848
1,120,388.3902067440806,5.824615791815997,6.634108661149597
0,0,34.661825070050924,22.142489358118407,-4.143844482532728
0,0,16.635367994108115,11.806813784970124,-1.1580150436164018
0,0,18.521531772806743,11.36671324374826,-2.08853146607737
0,120,29.487135173384036,29.332442335624254,-74.31713390392959
1,120,123.53001648813424,1.182048340800665,1.5628982433483003
0,0,150.61110172438657,122.95216185125366,-74.15000378033531
1,360,40.673519401077556,1.260971698035614,31.103826163378088
0,0,69.99623635765853,51.22882388582899,-66.74694828648504
1,120,434.3752725046384,4.294466848805804,8.297014367315057
0,0,133.10466685075326,79.2575003667759,-23.14852454257582
0,0,48.91396540651157,31.690265195441835,-4.762435979323911
0,0,43.24570832620591,29.84383532961197,-6.417805959652
0,120,38.06237412809429,25.822520026780175,-74.1859538893977
1,120,115.14738992439895,1.287782886435161,2.086468817053003
0,0,169.82136481370526,135.07844128306135,-74.1225945291883
1,360,39.82740370385943,1.2066004250362288,30.698420766864828
0,0,36.38208150302896,23.774634705623654,-19.700276320617448
1,120,608.1096563051246,5.907663405397713,11.164761896728763
0,0,58.623836028565464,40.1964383343351,-9.800572471129541
0,0,34.73757209432267,21.29520483924643,-3.5679568199481793
0,0,25.435899285025492,18.83267986271245,-4.985730777023463
0,240,30.372881922546878,28.353204155387342,-74.09446332115814
1,120,168.3236320402062,1.6245317015494067,2.4575096383940433
0,0,195.88763626912157,144.78493345259412,-74.29681863702552
1,360,42.39980956381774,1.1165462072864245,26.71167207459797
0,0,31.284877786135038,20.084902639223696,-14.05670046346831
1,120,704.4931982516501,6.924866440441547,11.837897893075478
0,0,103.04580912515996,74.52140929657776,-22.280313168267554
0,0,33.477379282769725,23.724958364605847,-5.8286495908554485
0,0,51.400670978050584,30.17150194017797,-7.165279185184573
0,120,92.55627472422508,55.8620063158313,-74.16257398122809
1,120,161.20658121329612,1.7450889326240513,-0.12567889127754484
0,0,200.9134794575428,147.61371789305488,-74.24464001320477
1,360,41.00645185842227,1.2121913908489867,29.88923369377011
0,0,34.57636745449226,22.976757435848484,-27.124648277750424
1,120,602.2863312668734,5.420846886503581,10.974836625320151
0,0,85.98798077244055,61.31747166664258,-19.339202641627068
0,0,41.64178411501001,25.95754499907588,-4.437546274506275
0,0,20.499247565041333,12.590382690610955,-3.649276044840832
0,0,39.00895271275366,22.339211049808657,-3.2885853972189807
1,120,161.62469919844665,2.59998392752086,1.565029896181855
0,0,134.95992293147467,106.71574705866958,-73.57062934833469
1,360,39.32789471199663,1.2406735731571674,31.576020573086524
0,0,22.5231796682115,14.754226905702604,-8.233528691707534
1,120,423.97193109156717,3.4987535852644207,7.391461597959577
0,0,90.32748628120245,64.7978812133868,-21.94225051508004
0,0,24.793915585939445,15.879164977006967,-3.136555250988181
0,0,19.222165090074366,12.775148811402818,-4.024796667839894
0,0,35.12870191588141,23.71874529983306,-5.45299157616985
0,0,34.157830307127895,20.722691348878243,-4.361731043844017
0,0,145.92029415810222,100.97959770138368,-46.40091631331113
1,360,46.749007279558924,1.5561739004664827,32.650898187638816
0,0,24.513560409968157,17.603717335497972,-21.59062355538525
1,120,102.42402978015251,1.0430044243105245,1.0895464127654009
0,0,19.034062369759514,14.940804818171973,-7.333958705793108
0,0,14.564716769188863,10.297370831294552,-2.70486224511734
0,0,14.596765213454123,10.314988603399703,-3.1117331529536756
0,0,11.577360540283603,9.56067886537821,-2.754090102742296
0,0,14.477262617822252,11.437220258053609,-1.7586748436221598
1,360,79.64451954917256,3.1417753271102034,34.70566996411692
1,360,66.0910932082636,2.7141942522913296,31.1424706977552
0,0,42.69255392469673,28.46384742723908,-47.55611394049035
1,120,273.7518121142783,2.4233361761439856,5.543160382656794
0,0,84.42958713750586,60.929291777591146,-19.07172184486005
0,0,14.520270867077466,10.479074094304998,-3.214993413847978
0,0,19.190404360223418,14.250757330372972,-5.450805799338568
0,0,32.485148785418836,24.652212494052208,-7.499499034533471
0,0,15.758817075618719,11.292353002197203,-2.484535940523898
1,360,45.15719832708714,1.4392797888307947,30.44397969016559
0,0,29.097308799235826,21.345103779863805,-1.496481545094639
0,0,62.49835827518213,31.526164207096066,-8.631956255898459
1,120,269.47476912909923,2.4929601885567383,6.580684112008569
0,0,62.50624146629123,39.87024257175613,-13.299280912507278
0,0,108.10974459897778,19.50788784682624,-44.93124993256894
0,0,18.408558364027478,13.755067470162464,-5.7873987778185665
0,0,16.341969151877713,11.936761232222487,-4.065098229224333
0,0,56.49653264048797,42.50032164814566,-11.798722219216273
1,360,41.71364469665008,1.3510464322833216,33.380864381598926
0,0,31.716118490067473,26.079915606793534,-8.037191808260488
0,0,30.776866051996205,19.76152177537852,-2.6807729027443656
1,120,328.8621128070058,4.487480073432975,8.063756590649291
0,0,71.66914216792061,47.264119324199044,-11.789554446678203
0,0,21.470097112625698,15.26415609599442,-4.630169419032356
0,0,28.884308211106006,21.945392910140278,-6.523622538592804
0,0,13.123722565093875,10.251819627159904,-4.473975888361011
0,0,13.032774476063352,10.487134876640035,-4.962382517080911
1,360,37.564714597578444,1.068181601329847,30.21389441244351
0,0,10.991940759679208,9.92141701392072,-1.005210507879653
0,0,13.337620307435738,10.342453590069345,-0.0551844659302958
0,0,43.15286757270551,24.264528523096008,-4.012364801900446
0,0,145.24622248848954,82.91278303185517,-18.311379598021766
0,0,29.705281529217768,20.94688014052547,-5.192388690498618
0,0,26.474015175774724,19.501238036003663,-6.146761305803892
0,0,17.880083057072547,13.54881626143749,-5.352724788688292
0,0,20.658858285400758,16.302291594332562,-10.023213617471924
1,360,38.724918836826845,1.1726996859405892,33.40710203034321
0,0,20.81680338748946,17.32589472007857,-6.651530035375103
0,0,20.665449059683905,14.361206179789644,-4.6838520980087
0,0,156.09971470431512,111.9234956854741,-21.73147085100876
0,0,77.22363715264994,45.45224029748208,-10.157561869983752
0,0,25.84061510991825,18.0751367950643,-2.744564279142338
0,0,28.40800205389525,21.559915211164622,-5.646996964330199
0,0,35.43098773241718,27.53185953415631,-8.067280587612288
0,0,16.707215706732846,14.79780570832208,-16.229495862066862
1,360,38.729202380503196,1.196959344040801,34.377661884353316
0,0,25.36718425841986,20.793893634717687,-7.059933068685567
0,0,17.661225228533773,12.143053297835989,-6.086841876935608
0,0,104.61693940841646,80.44577647730708,-16.82820719815446
0,0,25.319278429613657,17.88411393489467,-3.756250044656099
1,360,82.75921100797284,3.4220870427988395,34.78544873676657
0,0,114.10645571929099,73.09991643089278,-14.120054684500026
0,0,66.88903834264575,53.31193911576291,-11.448069491480567
0,0,21.558520117004086,16.019054736754015,-4.329956093793811
1,360,38.58976843776094,1.2061554899980074,33.212646996663295
0,0,16.825079341340054,14.138789731789618,-4.857365307952691
0,0,89.06508735273465,65.75491297027934,-14.70907782499448
0,0,125.88920850199429,95.47196514821258,-21.552312091763383
0,0,85.68469852643157,62.52595080412201,-14.708877982541338
1,360,53.989243998133304,1.8391078535266274,33.218417447497885
0,0,88.49621804506862,62.384585969813266,-36.930288782573186
0,0,23.236450358539756,17.61978395469726,-3.3257810738107736
0,0,17.151746426646557,13.139804994669394,-1.6421167328247748
1,360,37.898805266303455,1.2242964768265139,33.73671717650086
0,0,14.475274354952735,12.43580840158346,-4.27070280643602
0,0,19.590077369534956,14.317585111423414,-5.560365260891416
0,0,172.7993284998455,104.955012403241,-24.010107808854755
0,0,37.533185510003555,28.077676570016664,-6.786723454928364
1,360,44.46736027525623,1.3992686555055225,32.856419497161696
0,0,64.38073488651024,42.830245249588295,-54.30211860872707
1,120,533.9637728603972,7.661334397900095,9.602376944495731
0,0,25.30753821076507,16.84113759969501,-0.4694995051463309
1,360,43.06073645347939,1.3422958377398102,31.140114222161856
0,0,15.743662890844387,12.906019060792634,-3.4984449533289137
0,0,17.281456909086568,12.5233802111406,-4.509955856696166
0,0,129.5163000291632,90.12132448478327,-19.834857722657944
0,0,94.47077239783357,72.10003847765782,-18.560549830019276
1,360,45.96990606049122,1.412594605188757,32.65566942620768
0,0,103.0110480763048,76.32448859482062,-72.60685620127997
1,120,491.81676223385335,4.977546476037907,9.44822347220024
0,0,92.07736351062402,54.855816677747804,-20.532053917686547
1,360,68.27875227827018,3.0087748840840023,32.76330956753344
0,0,42.85385783978831,34.101244276093276,-11.409683086938777
0,0,21.138076516939133,17.156062496473,-6.986049648403721
0,0,176.0916785537995,121.39582434712578,-28.067471664617642
0,0,88.1736469835007,67.88170844062495,-17.210951293157862
1,360,42.121798387068495,1.329866978531422,33.85322532668498
0,0,68.53964766462163,53.78890525016155,-71.20400069150126
1,120,188.76489366057118,1.6226956070675165,1.6620117733398274
0,0,102.23757613223152,70.74527477294751,-19.714669140628402
0,0,49.036283558856034,26.71627432534958,-4.863610384613509
0,0,54.45071953438391,36.298079724242605,-7.68996554591935
0,0,25.906544913918868,18.128022515118932,-4.602949211560102
0,0,151.91050458723964,84.44049817228147,-17.352564651518435
0,0,102.25594573240926,78.3180906085632,-22.838448159597633
1,360,47.3846263313456,1.4879196504631051,33.35942295173014
0,0,134.8421457031133,101.4808018326873,-74.04258800639919
1,120,323.0041370257452,2.6720880587316618,5.662191543811872
0,0,77.22935099545944,55.37015136770958,-15.874055242224536
0,0,32.3386074693492,23.014165439441925,-5.856819049980146
0,0,49.14988387252527,29.613661708224424,-7.700282412563013
0,0,25.46355847584556,19.38408865686831,-2.9906119728094467
0,0,91.54124768542063,67.52505879865174,-13.091498885233186
0,0,97.15449891731576,73.7693889531721,-20.96990873252939
1,360,43.01134517261718,1.3019796866087991,32.886912124804226
0,0,47.44223907457719,33.34441972613994,-43.25275235167364
1,120,347.2316541549632,2.9908971776363154,6.35014918876692
0,0,120.00909801435452,84.48826410154601,-25.61700766752606
0,0,33.77268273926996,23.523236635074642,-6.058655764273155
0,0,25.567404075889588,18.062054137585815,-5.912558440870114
0,0,165.40766023937354,89.09762555667797,-14.087921683387925
0,0,221.08900694178973,142.48753652205204,-26.049616617973825
0,0,47.36522720994092,34.655652529410425,-6.295452417713378
1,360,44.919434076588004,1.4584687020178748,33.41925078614071
0,0,84.93262591643244,65.03180803308608,-72.05352367390205
1,120,286.41630570551325,2.356376490742217,5.193993983166365
0,0,106.47784314843992,75.93318667594231,-22.177835623648072
0,0,16.28736224294262,11.46053474839204,-3.1640668953712776
0,0,16.33340022609424,11.373224986464775,-3.6035704104525763
0,0,19.42217348800642,13.22710912116376,-3.3479552593411057
0,0,33.82511478461315,20.274470148846774,-4.237762108742459
0,0,76.42366239070614,52.213328378111406,-14.336783824936838
1,360,51.982854201297805,1.7122313649904757,32.640739529603906
0,0,118.48735533509873,88.50100791093615,-73.58335772530978
1,120,359.84752492939464,2.9321118637639834,7.1474289823616886
0,0,59.138570904002336,41.98706896130078,-11.925459804970792
0,0,28.86163852137505,20.209866954933798,-4.536210158978221
0,0,16.514434180127726,11.42175733460378,-3.971738496529639
0,0,39.936985207882095,25.283389432056254,-5.17344945467859
0,0,32.574930390130625,20.670639672892882,-4.174495318783997
0,0,32.11624559177732,18.558555500133995,0.5041162730431381
1,360,81.72107121762369,3.0105514543058813,27.249831147382324
0,0,125.75838576894303,88.91727479756364,-73.29710617968682
1,120,300.8348387334158,2.507073778041455,5.481392411096934
0,0,60.22210154987474,42.597360984975616,-11.354593184021539
0,0,20.234513535258028,14.057090043314789,-3.8136214822467593
0,0,29.496358580518915,20.671045424061717,-5.58416732973798
0,0,22.388968707265175,15.499028259562749,-4.8929622449193175
0,0,20.57145928695702,12.839205368324444,-2.766663523752726
0,0,14.996525548226876,11.081581471856925,-2.3018549580418295
0,0,29.99689893203942,18.287215041408377,-2.19157523098076
0,0,53.0500375208311,29.08884229535129,-8.964173517331446
1,120,179.7461112232666,1.796431072385785,4.507260373236846
0,0,43.876400383549395,30.21157550353334,-9.422761986688187
0,0,19.489349748063933,12.469943627519942,-2.4121263583339925
0,0,18.979731225438776,11.539196234104395,-3.0270915472774647
0,0,20.060042779046253,13.885258649887772,-4.290237406231043
0,0,14.751962780768444,10.10061250929045,-3.0871275509100684
0,0,14.53586627523477,10.294827137769094,-3.050981047197297
0,0,14.819994830345848,10.830087598948605,-1.8172370091628238
0,0,27.133173495042964,17.356202078217397,0.44165717966613727
1,120,429.637092254469,6.076306904875834,8.994422894950134
0,0,243.12823258081897,137.70392184620408,-70.43188725579192
0,0,85.2665143577736,60.55162760633201,-16.284964632968197
0,0,24.52064939898791,16.92734563449023,-5.339177135718771
0,0,20.338590777578116,13.188933289837626,-3.116029765696311
0,0,17.55647328212389,9.13192597273059,-4.59388968701748
0,0,11.440375387316841,8.726326960583739,-1.7166579678482208
0,0,12.728541761350222,9.207594339143672,-1.9833144144960073
0,0,16.854727714245023,11.096296291589212,-3.5191453007672777
1,120,162.56703468490645,2.550634089396727,5.1435504172847715
0,0,115.15648647981124,76.51500003945453,-13.257830257017247
0,0,37.860617382507215,27.035589224357054,-6.83153812504635
0,0,55.51096461621996,39.3344932367725,-10.414417709658508
0,0,79.79566797273273,58.48850689232902,-13.400813368858756
0,0,17.389174244316173,11.348316373044616,-2.860955854562107
0,0,15.378259150159069,9.315384673089538,-1.6671969606945964
0,0,12.454342570786778,9.168933860588096,-2.49710103476545
0,0,16.590085605999832,12.077875289767166,-15.442512118193555
1,120,128.88015886304,1.343972995403179,5.417975739298612
0,120,87.85797371415326,34.151749025747456,-73.91302836157568
0,0,29.723450740442413,19.92592707710092,-2.912273731176228
0,0,27.693878331693252,19.079952796378304,-4.075673225703312
0,0,75.62265810753539,45.8143027727562,-8.570746177853621
0,0,18.229756264939525,11.931355443212693,-2.9524836981029665
0,0,18.788892920149497,10.712745910665523,-1.540879876768571
0,0,20.51562246784189,13.119118729349927,-3.6051774768466203
0,0,41.247672358754684,27.050610470753305,-14.907213290519842
1,120,169.5053165044823,1.5050673922429008,4.424866995158538
0,120,67.00804364275639,19.911183375775014,-73.87996614509876
0,0,29.43480975702506,16.751772313617288,-2.5967224976587175
0,0,139.59410683027758,87.91084283586541,-15.409896164486355
0,0,33.427734298462305,23.867086800072617,-5.94354234787663
0,0,30.10861117731569,21.166547906128283,-5.856985585357776
0,0,13.254006637931747,9.328929436065863,-3.037000402245951
0,0,13.759933591586035,9.237729816579034,-2.3829660137124478
0,0,19.769074342283723,12.811328290623953,-8.206033700862207
1,120,198.25772650054105,1.572665994849762,5.019772997867477
0,0,62.89485631456703,33.54097517255962,-74.2498882195036
0,0,34.043494621153705,20.650233770360213,-4.492827693107785
0,0,37.644314972728154,23.052194749512644,-5.322627682567628
0,0,33.068243870324196,22.210768263140725,-3.43381257327394
0,0,19.503092018012754,13.373158409071042,-2.455167426680319
0,0,42.46978023863408,27.005236782755023,-6.316927154657691
0,0,24.184964810791914,17.278094978216625,-5.386768783258603
0,0,17.747984453072203,11.43291901389231,-4.4166710649214025
1,120,151.52555189304252,1.2973699905498388,4.641654422977524
0,0,100.16789284110867,42.98223851034737,-74.26760712831238
0,0,40.638750998499354,22.78570076308145,-1.223097069190942
0,0,15.81775532742999,11.940970900599151,-2.3234629232882327
0,0,27.444250687484452,18.06276842870595,-1.6005078687259982
0,0,33.724754849294605,21.09729407121418,-4.4942182635109305
0,0,16.84651360559869,12.0791221292964,-2.3622490127363136
0,0,18.937686313903054,12.668525012067352,-3.6371689228877386
0,0,19.910122427235354,12.947485984932653,-6.2509458380439895
1,120,139.75309432260858,1.2085462343524005,4.593592312995909
0,120,38.63234649421776,22.303552848130817,-74.22999033188971
0,0,15.814867152702284,6.6801681951821035,8.172895550373639
0,0,13.496711671104789,10.121806668000074,-1.7251845791824536
0,0,28.853531041712934,18.64981147394983,-17.589552820642922
1,120,225.9854246045391,3.062150886800978,4.15005864177617
0,0,23.588125617506968,15.896936314658658,-1.2157778393444687
0,0,15.227391087290163,10.544485972839192,-1.162086833599247
0,0,17.212252859898143,11.140406938188674,-3.416218110628222
1,120,120.94330763684458,1.1753807431429966,4.571976020980614
0,120,69.29166144483636,22.295908383401304,-74.07968340397355
0,0,23.265506756739235,12.631063471861356,1.1597910350462115
0,0,13.417869648644565,10.112343367301929,-3.226434394290578
0,0,36.347776385002874,22.88829945446774,-8.078059589928841
1,120,172.34214753785582,1.752947015481948,2.9156817693067296
0,0,48.71820929893292,29.283535231197366,-6.988855769516647
0,0,34.069655490902434,22.28894580605275,-4.209967354217412
0,0,25.148710661910425,15.401242227873475,-3.5086369184393504
1,120,143.45264943670762,1.3213710351121015,4.553224137460418
0,120,115.84381691208225,34.26318125820526,-74.10907504411664
0,0,15.25017567894377,8.874932621740506,1.4618695565141309
0,0,11.783095650040481,9.347810249569836,-3.0687337184517673
0,0,20.710196464440333,13.129089219009115,-5.139555341948139
1,120,256.65284703481984,2.2431412719708104,3.5860033177716417
0,0,29.05235549023401,20.086545367914187,-9.125746140699974
1,360,80.511538204159,3.127766697563258,33.35438525655708
0,0,34.052160983767585,17.58267322018932,-0.765949130850629
1,120,195.34565217292464,1.822384706394428,6.778611408311903
0,0,115.5456013812544,46.76964671749504,-74.2337063151351
0,0,17.695017424377156,9.682081587495205,1.5720410355797299
0,0,12.3083702490381,9.14211976641846,-2.3683025737128673
0,0,20.73113802925465,13.103786125285923,-5.553832910704202
1,120,174.5962695567841,1.547820780049734,0.5679159762099886
0,0,42.27931881165109,32.84542750224975,-40.374883634684984
1,360,47.14126589760577,1.615627541459357,34.164188510548996
0,360,49.148188839362355,53.83662609596288,-73.97538519182235
1,120,284.7453633393054,4.210593644304167,6.25787193602676
0,0,72.39513847598609,48.08585279030021,-56.71092586279882
0,0,16.690155069257923,11.24995200505393,-3.3701044645647755
0,0,13.99565442629278,9.623501262494628,-2.7343556604941313
0,0,24.37587849174245,16.388684189555274,-13.778244985316029
1,120,176.95343194308248,1.4998709947868158,1.0947506433160754
0,0,28.46338294218131,20.63043508572257,-12.875290167851439
1,360,41.96431840796267,1.2233553595321323,30.979599098441227
0,360,26.527609109359748,34.55531646433368,-74.2467310405136
1,360,54.77564011046614,5.1253335905658775,25.787608898019826
0,0,55.37684373838099,36.75826353946359,-6.578799872583289
0,0,25.3757256077419,17.986253338499573,-4.373580035961794
0,0,12.961566537343929,9.814643875613392,-3.0111624384079505
0,0,16.14783637866224,10.498665676783546,-3.47823588525452
1,120,115.56873619396823,1.165761059181863,-0.39388411693721537
0,0,31.89447936577245,24.4519545682169,-19.74890465088297
1,360,37.763702666437375,1.2836988706014492,32.82778373897966
0,240,23.93434625240219,44.39066562485257,-74.44287244005058
1,360,46.49727830898872,1.4144734056855965,27.57648196381831
0,0,40.70462197271557,30.2197722406871,-12.979624581931404
0,0,37.22607932800882,24.524243083747916,-4.441493162955908
0,0,21.51036793847572,16.05834215721977,-4.073233482421159
0,0,23.95192716578287,15.263654542466277,-6.174377034797999
1,120,137.95488842530546,1.3509809203758534,0.1104682741899552
0,0,68.33261829960803,55.545954332473215,-63.0658950559188
1,360,39.3187319730769,1.1721557786120531,34.3024461810505
0,240,23.27877471155136,26.71843551386692,-74.24618238450779
0,120,66.95605282079617,4.6499862342679075,-17.32908316327378
0,0,44.24537343755988,30.534992997692367,-6.210694237272833
0,0,165.36764127853797,31.657579684619005,-10.829890169749
0,0,44.173523886504384,25.02183490256234,-10.219463069845716
0,0,23.27272075905083,14.672104559760237,-4.930316130119863
1,120,151.4066863136698,1.4287103583186507,0.3962180018820618
0,0,56.333467508726024,44.16203892979621,-49.34387954602765
1,360,38.22052329599762,1.1767012835681314,34.3638477747796
0,240,20.876670046835738,28.73989629015305,-74.30331605381517
0,240,24.343457765247805,2.3748723337361763,0.3067052364104228
0,0,40.4733694439768,34.80676384492057,-8.57764906925604
0,0,52.14255868162611,37.12330152330917,-8.29518425188752
1,360,85.86449705499274,3.6716521887969673,34.606631375045325
0,0,45.777249547177945,21.50617994960024,-3.9063650340442564
1,120,156.1301444102941,1.9519253458342856,2.222711409485285
0,0,64.91835087121575,51.162105995720104,-59.929495777864176
1,360,38.59140831800099,1.3062047643723012,32.816825711132154
0,240,22.213808539517508,42.16899482391079,-74.43382062427446
1,360,34.078435836223576,1.277425929354093,23.17217911924068
0,0,43.785570873303044,36.969310501586875,-15.436083852617358
0,0,83.69672980583518,64.45560192530984,-19.992608359110058
1,360,50.86533097062892,1.6321050189385506,34.05992071062008
0,360,51.2540781859196,44.967130962542235,-73.90509815506256
1,120,242.43804155028167,3.3296159287638383,3.7609737122698306
0,0,54.00786362489473,39.798869814071445,-52.31642987027088
1,360,43.60066518408398,1.1816337842679228,28.972456439962926
0,240,22.116982068124262,28.659067276061347,-74.31352899848001
0,240,32.27233204036526,2.4160587189821174,-1.5626960112370085
0,0,119.17557556785873,100.6268646852763,-28.38452587991818
0,0,118.59275624756772,93.62535213081344,-28.968011719106713
1,360,43.566602738918526,1.4898346410056025,34.30907428907983
0,360,28.145111970166614,45.78834033338365,-74.30418408694457
1,360,61.27213966411804,4.746570862105709,30.36931355360892
0,0,39.064605688792554,27.10962754180367,-5.201802102718673
1,360,40.92285105793361,1.750404554707437,33.085314046933775
0,360,21.32135703336425,15.325685161260177,-73.29604646824095
0,0,13.45036850844661,9.868613007643145,-2.4929209967871486
0,0,65.37181084934235,52.10773163642205,-12.660438713797305
0,0,109.0800830628102,82.81053937274162,-21.983980117327583
1,360,41.87487139764964,1.413214766968728,30.15575691211579
0,360,23.94990856880577,50.65767839679739,-74.41390226126599
1,360,39.23488482286609,1.7133663763980898,33.87501648084677
0,0,37.985976299332656,29.848738156235395,-13.95794498453867
1,360,60.36937088452628,2.4258495792176036,34.79270967923087
0,240,25.00347279325132,22.640423529481534,-74.04176807987592
0,0,25.767728683912768,15.27412095022071,-2.8209540568573885
0,0,124.38196001086912,97.59580201628543,-21.721666080651282
0,0,127.7289041047429,97.88227361234885,-28.147262927420613
1,360,42.39397438457794,1.2146783778308834,32.719885467818585
0,360,20.34747223659119,21.569209448875753,-74.03228948466821
0,0,11.664894663388377,6.9752133979745095,-10.443211676449295
0,0,31.543155247080854,20.868664558441367,-6.974233963361456
1,120,252.10892273272694,3.321345226553259,4.213475313574492
0,0,43.22925069402105,28.669974656440242,-5.087995989036486
0,0,29.72458137536128,20.455793020136436,-5.659978397015806
0,0,157.966913231269,106.58164629736956,-22.07647386605865
0,0,108.4988080243596,84.50912083871071,-24.102872177574454
1,360,39.28000726749804,1.3684195033254976,34.19384013453454
0,360,19.951141494405668,18.048172657493687,-73.74317964552105
0,0,9.945307419207849,8.486609029150102,-3.368022772344517
0,0,19.91069785606398,13.301126305737,-4.990701858045469
1,120,132.3900467522454,1.419019086748953,1.486608386859828
0,0,37.533560549879084,24.37334309697154,-6.320262025594559
0,0,84.58801574688508,56.29758583100875,-10.074065195028695
0,0,44.81019452068714,32.640976814336476,-8.29375204763997
0,0,73.48871798440568,55.9253880296631,-13.420168943122832
1,360,37.44818750213549,1.4201601738576628,29.575306180184413
0,360,19.627283531304087,15.116859968557906,-73.24493572000274
0,0,9.253276119477418,8.422150243205204,-3.56691597383805
0,0,16.0945807163375,10.916209693392094,-3.358638503815527
1,120,98.01559782524731,1.0618605827955587,0.2922582924017547
0,0,19.810010680069727,14.761064094669122,-3.0776933217678106
0,0,34.380784159405266,20.90245320525447,-3.149336841220645
0,0,49.17876561980233,29.281447303307733,-9.94506689152297
0,0,141.9096912664539,109.44179755735443,-50.245275176019256
1,360,40.76296641139059,1.4731145757507706,30.83522957958101
0,360,19.86763996917818,15.540420514216837,-73.33949893101229
0,0,8.72975354499635,8.876530266967794,-3.836153718838972
0,0,22.725311453674106,15.158577669461994,-4.98054736339499
1,120,155.89806091085072,1.3488721237737629,1.0402935748337967
0,0,15.94679478264173,12.598479398830733,-4.24201708764069
0,0,31.082455528611977,20.74239282229835,-4.961670578341582
0,0,136.78252848185616,78.47010641105386,-14.117048720933951
0,0,116.12097873381927,83.7532345883353,-28.792196157567098
1,360,38.5313467849939,2.486596375953862,22.412070021931072
0,360,20.55772804759277,11.450518470840535,-70.88652363246848
0,0,11.107258167680513,9.399602695641775,-4.2700283381566635
0,0,27.84119546554461,18.48527233069604,-6.430229498822584
1,120,110.99708835597858,1.064607856334547,0.5420530320653398
0,0,18.01431424075726,14.117923132617335,-5.648895467635086
0,0,13.77886850922321,10.436804825405773,-3.059091320087475
0,0,66.44944748619056,47.21904994957739,-10.226307673865975
0,0,92.82977439188343,54.217401026183076,-12.086574456050862
1,360,57.928012046172235,2.3965060562120386,31.98196720957705
0,0,15.193105272787081,12.771626665840012,-3.530486359983314
0,0,15.499817111383287,11.639216010509601,-3.334557488211445
0,0,50.19616423429026,32.289742823380635,-9.668434975755645
1,120,147.18128117174453,1.273260992226076,1.2161049729889726
0,0,14.675439019499589,11.503065360492027,-4.196094957261522
0,0,15.67541298722164,11.25803110254589,-4.151430168983396
0,0,95.27757141476735,68.6714974553297,-14.835490666762638
0,0,117.03809830394219,84.49598464461968,-17.088264680463993
0,0,72.93087190759091,42.576625409618266,-9.231383694109823
0,0,39.84856404193447,27.150921176382,-4.885697139070572
0,0,22.029590423403572,15.851301987888728,-3.7050320892685704
0,0,34.84340319959007,20.922418135162676,-7.486646666765523
1,120,208.25961346489203,1.7988949893142456,3.9193655099257825
0,0,16.815194099130714,12.220064306137614,-3.610381707397295
0,0,24.067750142243828,15.702711119743325,-4.976767010322973
0,0,90.06784102776942,66.79229472946705,-15.380186253118652
0,0,171.74273086464203,120.19395557243863,-26.495498438018032
0,0,176.82088843883764,107.85448771400547,-73.22567421220587
1,360,99.46817873922222,3.1955863148041854,25.92524206085524
0,0,63.06842623970523,41.14372642774269,-8.259541517692043
0,0,39.86761753835582,23.83737116238834,-5.401253197727243
1,120,145.1195766701304,1.3797617806277602,1.8965685259510394
0,0,26.76777986572684,19.23454117398805,-6.702156790172097
0,0,17.795879251293833,11.331414300917826,-2.006837536585067
0,0,66.93648456376135,42.82676536977225,-8.553909451176068
0,0,265.4382223025321,64.4481969664786,-60.11133887922759
0,120,54.12107419124234,21.388674129333932,-73.8233257717947
1,360,53.479072107848665,1.290679498946012,19.298599542836612
0,0,26.860594881196565,21.030853726175646,-1.5014526261166452
0,0,48.9706037814391,26.87215039937709,-8.266427755556691
1,120,204.22584634563765,1.9293628335735116,5.270675197792258
0,0,18.18655498045426,12.982215749040138,-5.095739884095892
0,0,18.564416847200874,9.683714454178121,-7.105942630137989
0,0,102.26619682234032,64.5070196150939,-25.75379149993561
0,0,411.14297883805244,27.02758409192191,-39.49023313691323
0,120,53.46447129073381,36.498377098108215,-74.35303167794848
1,360,50.21997558952466,1.078546042970236,18.353844345588996
0,0,19.97830982421218,15.931304002202285,-8.15102706563377
1,360,79.4917385990954,3.3516726609217935,34.96278393362698
1,120,261.81613130703687,3.556506910486851,7.122964935389064
0,0,17.466833236580804,12.846873783643783,-4.6638428723874625
0,0,16.091786301578676,11.89490123663766,-3.710211339512597
0,0,116.1323990657152,78.1636797470898,-19.258940916382315
0,120,508.02113219688965,17.238300368789826,-16.296172463882137
0,120,74.138684149862,54.30895426908442,-74.43475453971
1,360,52.65493301196408,0.9568040501819027,14.552158091704186
0,0,23.164937240313776,18.83719666218219,-18.63375461863731
1,360,46.318435764423995,1.5172249581893136,34.10948996576917
0,360,47.879965762239316,49.439010396633876,-73.99000992535723
0,0,45.47424306578333,30.48593937201007,-5.025291255977493
0,0,18.679122057758306,12.741970200201193,-1.6215163066129747
0,0,94.03159334986915,58.35613057349655,-10.626796113354956
0,0,108.87106819257323,21.72262988301687,-37.36222742812602
0,120,39.83077170901612,34.715833317354736,-74.3673825225874
1,360,52.52835337711241,0.9260287750050576,14.916878895464478
0,0,23.02777375956306,17.75974979278847,-14.179670186304136
1,360,43.719769759455794,1.184033422039862,26.08887972290627
0,240,28.76229707669886,40.22317001029857,-74.38259588712398
1,360,63.796886044992306,3.8289568450647495,31.34700944855011
0,0,31.382483752171535,21.31457382212541,-3.6282592801849773
0,0,125.31227951386596,82.2184526150518,-36.365971165348896
0,120,332.98260973590646,13.89567152102965,-18.627571992743114
0,120,43.38564232211554,43.095764306127705,-74.42929245579876
1,360,52.508792473800646,0.9457172164865826,14.669798682456118
0,0,22.643556437670885,17.895600356004092,-11.855140241770052
1,360,38.028580093820146,1.1826080097305949,34.691014850886205
0,240,20.956070033032344,25.483827691744374,-74.20885507340951
0,360,22.460643607398243,5.890816278741703,-35.643378325232995
0,360,58.238920102983585,9.700565102979693,-24.591399544443128
0,0,98.05240320911024,60.27447138085309,-19.87604192154378
1,120,106.21427100689844,1.5547749042489365,1.5639474162273217
0,120,34.33250696758506,41.22091776989713,-74.45475179560098
1,240,57.58807149076132,0.9066525717276753,8.810076558691847
0,0,19.658209613588912,15.41002364119066,-9.17046921636026
1,360,37.2580974381665,1.1678986493239294,34.251744485333575
0,240,19.54219176346714,27.927596538727308,-74.26330784840158
0,360,20.560105138568534,3.2437967388387507,3.6617103004384433
0,360,28.450863228689474,22.03615014814442,-73.00567824614663
1,360,59.062904770684135,5.432311822525068,28.774554123966226
1,360,72.30482004949168,2.769138138105588,12.368479606178056
0,240,32.81667300479956,39.17490341246357,-74.3995121084232
1,240,66.3576656688093,0.9983769909033618,7.0983343530388225
0,0,26.414422442612047,20.006405285494566,-22.327209530605806
1,360,43.678622002132116,1.0066057795817436,24.5583779687189
0,240,19.502253693585107,22.47919379419856,-74.23047377238142
0,240,19.2658811351731,3.764548425801399,-35.91729571434509
0,360,29.290853274607336,5.409259379816508,-60.48883294645147
0,360,32.028971606625426,7.214195200985521,-57.583820003756585
1,360,73.34235683455077,4.539541259211355,20.735766544635936
0,240,45.49787425480301,40.047826333316316,-74.17527048229105
1,240,68.6464531381931,1.2124011346172516,10.449500776612652
0,0,60.375386229980805,51.67639560221867,-69.00694212922934
1,360,39.54890718138891,1.099551590784972,31.47754820429884
0,240,24.443749678628148,27.486339324902616,-74.34992938732756
0,360,23.247708908528594,2.025467745185659,8.646130806192204
0,240,24.30020684313196,40.10871718580609,-74.42119690112311
1,360,38.59009200157512,1.2118976439090487,33.30733068561008
0,120,23.49794507331974,29.313076170461724,-74.07884877549898
0,0,34.181796090546335,19.557075314039928,-3.4055015590782602
1,240,79.70626140789646,2.480793465031862,14.773050616581543
0,0,19.407324482738645,14.719384432937108,-15.368083294549997
1,360,42.201251687757214,1.1512035913025935,28.872143855252517
0,240,19.287006543063654,25.223929979523202,-74.26806962177612
0,240,20.200829806829624,2.615811393036438,-3.916432097621481
0,240,27.16834819081966,38.81441885840158,-74.41339066913964
1,360,40.433471819571544,1.085441787606735,31.140272430770594
0,120,22.882471545827272,21.91988271425799,-74.17419271867045
0,0,15.715922809070774,10.106746678002631,0.826528764118649
0,0,31.284101968353312,19.714871661828276,-2.942508228983428
0,0,41.29050044179518,28.793365277512887,-5.730772586042761
1,360,40.43421822246107,1.6670098336805068,33.86368374839961
0,360,21.73937574325362,31.993589553594173,-74.2126447940965
0,360,22.65029244798426,2.477160371883828,20.4143782461328
0,360,23.420407417485432,34.71366931112095,-74.2154179984512
1,360,33.378644520245125,1.2298744987543284,33.94778411409854
0,0,30.499000111277187,24.74680041757045,-69.29241238974087
0,0,18.011019772831066,11.35840943336939,-1.9340865568710512
0,0,20.232610759418957,14.545162207102061,-4.225513431718397
0,0,41.55292172567941,25.139068813191198,-6.448186175914628
1,360,48.28003403416477,4.72312816566879,-0.9744930574773321
0,360,27.98286677852469,11.936744325923785,-70.56627480024441
0,360,26.587464738121447,2.175051858379772,14.07017972856049
0,360,23.697786174052418,38.57086953702472,-74.35195477627856
1,360,36.59911560825145,1.0659744488129153,31.020358632114124
0,120,18.857611623616652,20.116396255988075,-73.99805202282718
0,0,13.564800712035826,7.024410022766661,9.074160033755376
0,0,34.414173738911686,25.579165127838387,-6.785969882344631
0,0,71.64727219557129,50.761122403118755,-10.585491176320346
0,0,40.70451166686983,24.149106404144657,-5.301277847156527
0,360,38.120641352677296,20.737635108072112,-70.97305151150778
1,360,34.68696744915729,1.915632805740584,28.69619090202636
0,360,24.69762225946729,37.580399939017134,-74.34327364808665
1,360,31.73566468593314,1.2540617767632245,35.156731034405155
0,120,19.680774512766416,20.96568276239795,-74.00110371856921
0,0,15.729115388221642,10.265426379898134,-2.659731157781863
0,0,21.220410638632504,15.010367193037377,-4.920174125622694
0,0,15.46653783772261,10.83081245650543,-3.46072469029761
0,0,24.628989962245967,14.049094772887221,-4.179541340725933
1,120,249.07733569810947,3.523980600643457,4.352590641270737
1,360,55.78254496216238,3.137428295056589,25.212953597229685
0,360,28.10488158979336,33.57060909646684,-74.1873314817509
1,360,33.12096638772785,1.3123865701032198,33.83031005872424
0,120,17.116602984192824,20.114435125338705,-73.97189243754116
0,0,12.540576923342547,9.058532207921967,-3.797375956159769
0,0,25.80081859920492,18.70171521982155,-5.429943079907019
0,0,13.720052513057638,9.94909051160768,-3.804678532468486
0,0,17.848647729466542,11.343986951718815,-4.086189934800117
1,120,125.1942816738131,1.3669327176297983,1.0608940010455967
0,0,78.14259515353525,46.27599406627806,-13.58609646661617
0,360,39.732540676520415,36.91120073523349,-73.4268429635077
1,360,43.10121869886709,1.4601517592750612,33.010939347287945
0,120,24.603581010679058,21.132553566014312,-74.1238678742983
0,0,17.8243252904802,12.214616251381067,-4.451793376061815
0,0,16.441930147720825,11.899337731188568,-4.436205664716425
0,0,17.168432024245956,11.896104401561914,-4.368958679232804
0,0,19.176057246553775,12.067179238122039,-4.601092342099619
1,120,134.3822732784875,1.2678291393391177,-0.09758437307277745
0,0,21.340785569661126,15.797532913726943,-4.090786311222473
0,0,43.545468138874156,25.659244629354326,-4.106140873039195
1,360,58.647901087245074,2.331719358515243,33.3937292395202
0,0,19.484106543529613,20.250626632244806,-69.55572772037513
0,0,13.674072440475031,10.12688841961809,-5.133938936337856
0,0,23.271251852871686,16.75556777767577,-5.264910684068397
0,0,12.656532266818399,9.213344593989508,-3.4755879727503327
0,0,19.504796243329483,12.607035394831899,-4.81738849055462
1,120,110.21279173157639,1.089998123160419,-0.09972435267521007
0,0,23.263565373854156,16.632427933367197,-4.802121359811153
0,0,35.64359121950232,23.000272688483996,-17.666354773417588
1,120,172.984965884508,2.8023366494296433,4.932050487705268
0,0,29.176934912416208,19.42218700099206,-2.2264976996680304
0,0,39.67558241464023,27.106454793080694,-4.692786721018095
0,0,20.811528929632182,11.579788257286614,-3.852915504596595
0,0,32.26753373607543,13.625148200074605,-11.721583032301929
0,0,18.650098751312548,13.149954409323174,-9.845624454160642
1,120,111.59350471018818,1.0567881648632849,-0.15568023955609078
0,0,12.90849012201852,10.790938951018026,-3.685747292539972
0,0,15.422433883733015,10.462231898652776,-2.2924373824373134
1,240,92.48324490062014,1.1871916419123905,6.796613882632798
0,120,78.26740989485504,39.63715543155903,-74.05256302014854
0,0,23.958326743266728,16.72973495325993,-1.6236396326776514
0,0,21.443127333341522,14.662369349424642,-1.9916245298393278
0,0,16.08478739566628,9.938273298155194,-3.146972038858408
0,0,17.342022172122547,12.073603631628595,-7.961114284378482
1,120,104.53646026336233,1.0129985618318742,-0.28656871959782393
0,0,18.436807691122272,13.425011436046661,-3.7859599560238024
0,0,46.04227404902171,31.47533260233366,-11.208820604604867
1,240,91.21293336615102,1.036192154523864,5.055128458536558
0,120,45.166897887789474,31.00317630991559,-74.31666926372074
1,240,101.0451258174109,3.123613031301042,7.723266684332941
0,0,28.20588313744798,19.322389119757315,-2.721349247501877
0,0,31.6744964176071,22.47035461769415,-4.933363727530335
0,0,21.675074788908475,12.759107551651578,-3.3793555047916612
1,120,184.21643946507976,1.5600081081261525,1.3390663690559137
0,0,16.40140377999483,12.104495665930848,-3.6083166687147923
0,0,31.16533198738025,20.417776389789744,-5.691191290166543
1,120,115.13560190635054,1.0594145407558295,4.815034404619425
0,120,47.94060823936732,22.04159397632629,-74.1797362325266
0,240,47.41420300545084,2.7327522611544723,-14.988561659103574
0,240,119.55046101520104,11.871671982221846,-63.62294236306379
0,0,29.27295798956629,19.667398775074563,-4.476515552869742
0,0,27.765841865456014,18.26019173179231,-6.277245937554895
1,120,91.65969410257951,1.0510571057107663,1.0684796874962643
0,0,16.39883733065054,12.412353729851628,-3.997842916971834
0,0,45.619648231641804,31.970351846029008,-10.53638405684417
1,240,74.263381231613,0.9486554783687138,9.068073165703296
0,120,42.972072614671134,24.510571523531333,-74.27259509055723
0,120,58.691850613050626,1.9439579003566638,-0.08533569604870195
0,120,62.29201280641214,20.586735121295735,-73.90154184411575
1,240,97.69007056701349,2.9047405661663115,12.35370791818302
0,0,28.340763287191816,16.47730559849013,-2.892039682795186
1,120,131.58087248276664,1.357084974743473,1.921698714434143
0,0,22.97058569383758,16.126322384298362,-4.4238071058524895
0,0,29.28859568163113,19.390346805104304,-6.900866802750244
1,120,105.75850931345732,1.029157197083995,5.426260874335284
0,120,60.58087499001552,24.920112520992074,-74.19012426702304
0,120,41.51603545086294,2.80594385480779,-22.82871000339121
0,240,39.22612653871409,5.477306879875348,-66.482982947455
0,240,38.849593857408685,2.7943869907871135,-18.45027426634266
0,0,34.37287523026549,23.19529670601297,-2.256282551955664
1,120,115.23873051839725,1.9460930249968365,2.827351405016202
0,0,15.67776434016673,12.644801248414522,-12.108723661274539
0,0,24.240981796121755,16.25692917720008,-7.5337511983258025
1,120,120.85297450290408,1.0629497182572172,5.141002426007162
0,120,87.33824933762727,33.94353105094021,-74.23974081561725
0,120,71.48237230990848,6.502071609227969,-51.43402968178924
0,120,96.19280107806654,2.53116930415844,-19.77403483936608
0,0,119.84041831504426,40.40163571710768,-73.38000449823431
0,0,30.1030977234593,20.02980782947207,-5.122918457723742
0,0,30.889449713453846,19.38286435907068,-3.2671189870435597
0,0,27.493899348653397,19.538179707524588,-3.3464481141736258
0,0,51.22479566073635,34.90304239830896,-12.949456698275242
1,240,93.39665084060304,1.0588495005539165,7.515330611834557
0,120,44.26995325685295,21.355795604934258,-74.17938745150038
0,120,33.49346922880211,4.885379675379532,-54.04866217244802
0,240,54.60835394167377,2.1154254561470425,-21.65263300324267
0,0,27.54849522700392,14.037802774212867,-72.33614227628335
0,0,25.130366799763355,14.810340319950992,-0.40049557142879166
0,0,18.723419046977952,12.721193767955317,-2.980469968312292
1,240,102.7264075182264,2.61632914843417,16.353271507757867
0,0,30.173601543196728,19.714113696103162,-10.778293346377374
1,120,87.66629156914404,2.023850552050497,-8.01914770009519
0,120,58.151888790692325,11.210541309493475,-73.11367539768816
0,240,54.11817682436082,1.8674694023492822,-3.5016091255037196
0,120,52.05761214981939,8.516819880500508,-71.17074695934008
0,0,45.18074494829175,13.001789016361759,-51.24315307703597
0,0,13.632597442475646,10.224472280152058,-1.977552290430296
0,0,14.825304218387615,11.01427961001373,-5.9220592841634385
1,240,73.37080838902942,1.1817628709027996,11.446306606135934
0,240,51.05056022366216,38.70629744277281,-73.97103614645692
0,120,117.33082795737509,6.0380049807385525,-47.421343104457804
0,120,84.74937849176105,3.332727039939464,-39.43327387438219
0,120,60.88846651773153,11.59986660028194,-71.33060973276118
0,0,37.50211235325774,7.956054858871611,-52.52037117539857
0,0,18.913865766514842,13.085878128386396,-3.210322096505692
0,0,18.976925780095378,12.702682779735438,-3.2693588878725706
0,0,15.947179014671068,11.443551666917307,-4.680821154135984
1,240,61.83638347998591,0.995032361476922,14.608588604411281
0,120,51.311459286875134,29.981097568769165,-74.2796333244804
1,120,144.24980772272346,4.089974247360338,3.5747122191688874
0,0,33.10511543769457,21.486954670260225,-1.800766660316043
0,0,16.706583286550586,10.38972007909308,0.2973792552636212
0,0,18.00073559114629,10.073663164731203,-1.6545402719953444
0,0,20.632576079221717,13.52706208158338,-3.45927583251229
0,0,22.932520984902418,15.002049294076254,-4.261493400053553
0,0,16.389339997332065,11.753746322204451,-5.257662231757422
1,240,61.3500707441355,0.999885173633355,9.963092572424216
0,120,42.564771956126464,44.31746416919168,-74.45409817677026
1,120,101.17975042527877,1.326545947480253,3.7142189050025394
0,0,69.68232062811992,44.09589303612673,-13.985906274441348
0,0,30.629672093005922,20.770402332672003,-3.207066329873186
0,0,22.420506986993875,16.12345817552669,-3.7532607346278013
0,0,25.836357304272568,19.047974532384483,-5.942384927002152
0,0,13.792896655155582,10.403986177480666,-4.015287497777706
0,0,19.092215611635247,13.589232177341568,-5.253282351325964
1,360,53.322011290956674,1.0558761052697963,16.422941582985885
0,120,48.72348927208248,49.0851221167819,-74.46522233341487
1,120,106.80845918302403,1.135091712532819,1.3032446093295107
0,0,79.34194326057634,57.63639562517778,-19.78789474616864
0,0,51.234921737375565,29.834877809016646,-6.391622434905443
0,0,26.267901349280795,17.94528092359657,-2.0428591387646264
0,0,16.288871594598536,11.601202197879356,-1.3778167617703332
0,0,13.396807666615313,9.638552094913607,-2.268123217304563
0,0,17.787714780278083,12.0762452408007,-5.1091584721477545
1,240,77.06620864960547,1.0026718071490075,4.337943854808913
0,120,37.526967937165175,40.392089293774255,-74.45660006181784
1,120,92.98435700410774,1.1125772775589773,3.0598347921760336
0,0,94.47355945886935,72.0029906876785,-21.472141960976323
0,0,38.37346235112035,27.242175741339608,-6.722623988081793
0,0,44.53991578372448,26.706964590197973,-6.532315685304653
0,0,27.275523188974365,18.75150849607204,-2.6361997089239253
0,0,32.14010474621154,22.662374949487162,-5.19108138778428
0,0,27.30458877932766,19.111800036557188,-9.634353510725376
1,240,72.05279325313798,1.0762828002852165,8.061883067651053
0,120,70.67110958308363,61.70283947467668,-74.47288260299462
1,120,105.26394937720686,1.0279725234239454,1.1650035923657782
0,0,54.302347141274936,40.42678383642611,-12.863337091122645
0,0,29.425299554691247,20.456539714995753,-4.555819699693174
0,0,16.16362849891112,11.402557414711817,-2.064741887384116
0,0,39.75958766989661,21.902518536633362,-3.9460420877626206
0,0,32.6462431194035,22.48725528096271,-4.447754893154482
0,0,18.671869448400702,12.837754244352569,-4.519315144918508
1,240,85.11097576155285,1.0969179064403844,3.9813499774765546
0,120,54.76127093562735,50.34682228257355,-74.46386098801891
1,120,139.8586790781538,1.2817641560438005,1.9945829224502631
0,0,91.94980583060676,69.54979657916951,-22.49103454495667
0,0,18.6998301418658,13.244433850758087,-3.5449333039919964
0,0,13.940175181960935,9.708320867508991,-2.7742908440477976
0,0,19.301156944641725,13.111324925648551,-3.3464148070980997
0,0,34.21809406751885,20.847633122856745,-5.198100853951033
0,0,26.502325171084678,16.802933591204372,-0.7829107590613944
1,360,57.623560558198385,1.3560782574879844,20.329819908145396
0,120,59.84941118886272,52.81767783779268,-74.45277866037735
1,120,209.09337858424846,2.0719730985532703,5.457228127804029
0,0,63.68388138289008,47.61084215111804,-15.026494254741351
0,0,29.539938581741232,21.05961134026684,-5.221753040957751
0,0,16.918616860099394,11.879315038093134,-4.179999313014392
0,0,15.03457646893132,10.036732059646964,-3.0888595188373387
0,0,63.759521778177614,39.1366585470844,-66.78171983248632
1,120,382.2189035311253,5.820168378613842,6.5546463057174265
1,360,72.27564783015417,2.451551379818506,19.823677261708795
0,120,50.7779944788311,41.427526828611285,-74.40766305562778
1,120,105.50471762357172,1.2184750746403092,2.892358489670812
0,0,80.82032838873208,59.143186403244556,-19.06942782003332
0,0,25.8261117296338,17.724092999968853,-3.726098814537707
0,0,15.253004104671698,9.734944765818236,-0.800122190338584
0,0,22.82588648539185,9.741567808334535,-56.942018679555495
0,120,92.77704084389521,11.95896765556686,-70.78659850272258
1,120,327.42448936571367,3.9895473109280726,5.946683929402937
0,120,275.7686736127364,47.88093717917265,-73.1891520931531
0,120,69.29246300064877,45.45524116550158,-74.1810123749105
1,240,98.56256774567183,1.1955525110493774,1.4305942125967732
0,0,26.04555050229349,18.907619849423146,-6.9688174002043155
0,0,13.974222000464906,9.698568750874696,-2.4320273359597877
0,0,23.952063209659286,14.817983375822278,-2.6388892552725167
0,0,38.885259414198934,19.230985215827843,-7.128712179643301
0,0,175.9034820735158,70.8847968206978,-74.2224096219845
1,120,417.7447689983276,3.8124337558005177,13.426212403604211
0,120,131.49796660910616,20.09582974361774,-73.40618034674081
0,120,94.39228611172587,7.304452294319742,-26.107366923548575
1,120,175.09369009130083,2.6450518932842906,3.9469687487665652
0,0,100.2710582217706,67.54693554917144,-19.427936854208326
0,0,34.6732233407777,23.921522264174882,-4.439153340900319
0,0,19.18967082634923,12.27633410364899,-3.409939726891878
0,0,55.727980337134824,35.867290327030574,-73.88336867103278
1,120,259.8494810295611,2.7421215205660903,6.7523321257232
0,120,260.6013845039301,49.06185904976869,-74.01432948987917
1,120,184.08152806201295,2.7238945933858516,7.2210875798837435
0,240,52.64339869736088,27.437964768884825,-74.22551921479142
1,240,133.3860055871824,2.7477190904017785,9.854802943125748
0,0,96.51574717950999,59.014529470126405,-11.768546008791233
0,0,23.516241136266988,16.067464514227435,-2.5775459489255894
0,0,18.372714479453276,11.196859887269316,-1.1301536749402885
0,0,27.01235734063137,12.866778132648308,-3.5427183834696194
0,0,144.85298950213863,69.04046051819047,-74.32047560541906
1,120,316.8123904627122,2.5046998519321244,9.324013060801136
0,120,114.68631148919303,62.08398070803541,-74.42084094801668
1,120,116.58270429665356,1.4644387387468296,7.452954786146364
0,120,29.482107065248915,22.760809055959992,-73.79100938660858
0,0,26.829102562236926,15.955773051856207,5.14408333049316
0,0,45.584618771895336,28.59977970423176,-4.3738714728726364
0,0,95.38250168896118,61.67027794337766,-9.272355560389187
0,0,45.10252339621383,24.126139197358714,-4.956970117308202
0,0,157.3366256286932,78.73646514709544,-74.30440796643758
1,120,454.9607553414509,4.077604119929211,10.546241177473078
0,120,75.2957998254296,62.65198726094144,-74.47347416137602
1,240,77.32055186871979,0.9507840870395952,3.2278023740452255
0,0,24.066512878340745,19.6029026543867,-14.68699107053741
0,0,24.087266923217296,17.249235926333224,-3.672232946645977
1,360,82.9720865828108,3.173398558831294,33.2709676859064
0,0,42.13629992892218,23.9655913494567,-2.85854941835548
0,0,143.9160075260589,50.14266181945465,-32.083672138416894
0,0,163.07316202751383,64.06591174024106,-74.23508637949782
1,120,329.35984219789066,2.9061069825374015,8.725518220704444
0,120,81.53850033547285,65.80017113190317,-74.47473381285437
1,120,97.29750676946009,1.009774037569126,1.4521272369232605
0,0,43.77903709037353,33.652731442409205,-11.467033707607236
0,0,17.349892494216313,15.003969567837096,-28.36359654633558
1,360,48.158403454925434,1.5271373324467163,31.69835746148739
0,0,54.28502176977023,37.73582799612905,-10.134267734038929
1,120,524.021833446346,9.31831157605223,1.486708308086392
0,120,318.328492836389,98.02801717802129,-74.27640741712068
1,120,247.7747266120068,3.3233898320524675,5.230032238883695
0,120,89.67125474370792,60.91417191111913,-74.4528505926015
1,240,91.80718037206101,1.0963370165834387,3.170172806619263
0,0,83.71409929967818,66.27993807645335,-21.374939424443006
0,0,18.260777945623996,14.519923920857224,-5.471610231387956
1,360,41.501813350485136,1.3318589279544666,33.603064209190606
0,0,46.780153973535235,37.14920197291982,-9.4798003535236
0,0,98.99252522493212,59.528086470347915,-10.710263644618927
0,120,260.564704133359,61.8692256310636,-73.49684337726991
1,120,492.75059681646786,6.524869753026895,6.141830084899993
0,120,80.64048573783262,57.58768857861885,-74.45116255163272
1,120,108.73638475492098,1.1924446578583972,2.0899244261386514
0,0,95.67457686104267,74.32736443551525,-24.701729232117472
0,0,39.194534944493284,29.635473651265766,-7.355096208597743
1,360,40.35196683015201,1.2589417974941304,32.657517968899285
0,0,34.49004209961375,28.251549399011882,-8.947186908814032
0,0,73.77343207971458,53.94748633198129,-18.968449093812424
1,360,90.30805039118253,3.405690398560312,28.69926347974348
1,120,392.3380088408859,7.778369659519213,-5.131224409682616
0,120,114.17711029035094,46.98992733642579,-74.3106566210069
1,240,88.45549312682029,1.3782090427563976,2.492065729250541
0,0,83.16284215871578,65.94730664950201,-23.15463639093454
0,0,36.753143014385515,27.935517139668942,-7.367361539159575
1,360,42.872826768394596,1.3669003138906206,32.87370586935883
0,0,93.74630566416239,79.09157068045393,-31.54624165790962
0,0,77.51776401346225,59.412560095887905,-20.69608710125943
1,360,47.46251328902476,1.5678535112600231,32.4644118717781
0,0,34.20310717994389,26.711247519202345,-11.792481305939909
0,120,101.20099533116888,56.364241731355726,-74.21754519516234
1,120,135.94561596903452,1.4434795071462445,-0.13679512773379088
0,0,86.49759377977342,65.37342797551368,-25.6257507748512
0,0,31.378935580800132,23.47011140912174,-4.948901478262442
1,360,41.945202404895404,1.3156783673462176,31.74664439422878
0,0,54.296037646898434,44.71732631064584,-15.10757200333645
0,0,89.42624339914347,68.75972579281975,-24.51248675575711
1,360,42.60247081733991,1.3203290964009846,31.563713608680274
0,0,25.600144689336886,17.20600652055358,-9.92012821872413
1,120,193.0169045724897,2.9344267939351374,4.181841918595254
1,120,142.97902554997918,2.4594385203772955,3.710646721152557
0,0,45.73517889761155,32.2015821110854,-9.197106550010844
0,0,25.705435295960147,19.03987359759003,-5.646235064977574
1,360,48.87654966363554,1.3950788872512876,28.23671146839935
0,0,133.05272015113133,109.05280616596532,-45.54958121783258
0,0,110.56882958674274,88.41284156320802,-41.313083583130975
1,360,41.353179900207905,1.283062154737333,33.276313471528056
0,0,41.72423038097989,30.026169761107273,-49.584681375299674
1,120,199.3577993464134,1.7282386360370348,5.565126398965091
0,120,114.03763222527037,48.65473847073871,-74.13337128718044
0,0,22.280273326869978,18.500992370771954,-3.9088880450152317
0,0,20.802969196002522,17.505908762077095,-10.685691349650853
1,360,45.61347478114172,1.4379457761988823,31.63049429510656
0,0,96.44628391158406,79.85072548191161,-28.04145883863314
0,0,112.27874668511312,89.95702907400243,-40.46770004571019
1,360,40.551447598455255,1.1982458957612547,31.967486958492856
0,0,33.12104360181987,23.606748115226978,-33.304022568706145
1,120,164.2283730888116,1.4397543098917436,3.0232469697125595
0,120,98.24361471584429,58.30449873726227,-74.40475106094958
1,120,193.42378606882053,3.679379071732649,4.138384511804887
0,0,65.421933825648,43.08992881535925,-12.288082262973056
1,360,56.48036548036356,1.98924881793422,32.14909378778927
0,0,111.7928788495072,93.8647509558591,-66.1050095705974
0,0,81.25011673236223,63.223932981444904,-26.244333944873496
1,360,41.699084325011995,1.1980874872645675,31.011374048491433
0,0,36.8988754209197,26.73976562739527,-48.75347624359115
1,120,187.48739018495962,1.444726698890034,6.409352515511415
0,120,111.82119068324792,41.038064878574986,-74.24195697214438
0,120,97.13132733598667,11.537446432188794,-61.04256099535124
1,120,201.0118869793917,5.335848356494627,-14.416362755133349
1,360,75.25754575812591,3.069250123397368,30.952412198044485
0,0,120.65763755753923,97.74977331399258,-69.17736662834152
0,0,127.27125250447804,98.35382409573012,-53.427277044697234
1,360,39.95229565927123,1.2130986074923262,32.72891168528568
0,0,19.227320049932093,13.129730249501547,-7.424333291843936
1,120,165.35997869912035,1.3120199147501317,5.21037273755546
0,0,172.7152754453893,61.21792737988836,-74.2464281217691
0,120,155.10969767760213,11.202039554533977,-35.292429997202014
0,120,253.48342181536188,92.18673318454387,-74.28825003405605
1,120,518.3240511679965,7.1469278561688405,8.901837551761375
0,0,136.2605170974618,97.25677437299206,-17.06857603544467
0,0,92.72501325331973,68.54605835439773,-14.760249983153173
1,360,41.08679128273845,1.3725202493506325,33.94607712647792
0,0,18.524287580519555,13.110404941227547,-7.286317097639994
1,240,101.08152674650611,1.0296201831182257,5.153725728857452
0,0,92.51335839650798,46.00268684147018,-74.28573121899595
0,0,265.1717233792169,43.3997198327649,-30.620925302614886
0,0,359.3513251129041,160.37316075296403,-74.36777098587157
1,120,352.52274613378125,3.216327877808989,6.486991308558629
0,0,123.92492612334043,71.71417475152847,-22.94645467875415
0,0,136.21009997223416,92.8205165102644,-33.71556479388477
1,360,45.22790437420843,1.5796442457460698,33.82689608348299
0,0,19.97784653966006,14.28195367805185,-9.11345999321594
1,240,87.86854101417543,1.0586471532913333,3.7681846941208477
0,0,119.94539271157639,87.50744727798265,-73.43899588268962
0,0,122.4466439473074,55.674233691587034,-5.659524588111779
0,0,305.73241828440695,163.52239844987815,-74.18197515756238
1,120,493.11931249017164,4.41556560976073,9.478524584158507
0,0,33.775263896060345,26.70981048381272,-47.65345803209465
1,360,81.35087009186392,3.3809927616593654,34.527218980226436
1,360,65.34741119626399,2.573631058312673,31.253741310313103
0,0,62.69819569905328,45.57913897553527,-65.92028020297059
1,120,167.32730551911672,1.5062901050750286,3.932421883531319
0,0,178.10053920157966,99.44314200452872,-74.29195274651353
0,0,173.38737631722472,91.27861134979467,-22.503041745683184
0,0,331.1837714184211,169.50669845950415,-73.83153420948364
1,120,663.0711470582218,6.683150748044687,10.199023241900818
0,0,67.26687263293093,51.070406231563354,-46.24043866005046
1,360,52.336513127057636,1.849530938890637,33.3079385397384
0,0,100.64814243230474,67.20478024061829,-22.50158872451344
0,0,31.14416429558216,17.59477249462667,-2.2557995993605573
1,120,114.58953649386113,1.3170218897711496,6.161381338232772
0,0,80.57994988968883,40.29879751982312,-74.25996536627753
0,0,273.69574732974866,23.23383461390296,-19.00446653260755
0,0,294.709187433152,162.00455095246062,-74.36682984956614
1,120,428.5109725215552,3.4769465732268685,8.147448944673059
0,0,64.70574003040755,52.86225974746844,-62.11335120722903
1,360,42.24700655257143,1.3933673886686815,33.330096071730964
0,0,64.19812723574415,51.90590987795686,-16.061032837449247
0,0,75.4638471045576,47.145259591178394,-9.648613102434226
1,120,241.72886320683048,4.016034902204037,3.1058152099373757
0,120,462.6989016171248,76.91440007541084,-73.3396507644386
0,0,378.4313537670155,50.296774002984314,-53.681537014173315
0,0,345.2607093032265,163.92286358265267,-74.34287767119461
1,120,556.5470563455233,4.678115497590695,10.366141493344145
0,0,39.471979884567716,29.712481841850938,-23.236792456099742
1,360,40.220835240732676,1.2607727848649546,33.67733898760987
0,0,46.406537043418965,38.296249256351025,-12.275621253342514
0,0,74.73245316377377,55.93142357829952,-11.281908818458568
0,0,46.09699677909484,26.478391431754165,-7.292287390927726
0,120,253.9013486037131,24.347727236722367,-67.78720267560674
1,120,498.30045160195294,12.017802983906185,-13.564621729671856
0,0,354.34999923713,165.60751989392466,-74.4268027356401
1,120,404.5075674559948,3.2913833908941434,7.812321477516122
0,0,32.10174404992363,23.660412933880103,-18.395813034475943
1,360,40.01719961890644,1.1400052817002106,31.34423663451271
0,0,24.63765264799832,20.38424415517361,-9.639395369282866
0,0,98.93302625173833,69.02253420613403,-14.611991863225498
0,0,161.3465813927132,119.36015946221397,-23.503236570141063
0,0,95.07498369847568,55.45368538959352,-9.890156014136664
1,120,617.793627114598,10.042120942358055,6.943523066001731
0,0,334.2390080263658,144.79876280493193,-74.4113406088832
1,120,526.632346299147,4.804303406669319,8.503984534623243
0,0,37.374238463149354,28.929776566302106,-30.39131881410347
1,360,38.29552759424136,1.2265901860706516,34.611194444392154
0,0,23.43606165542713,19.87798785827469,-8.465258506283618
0,0,123.81256123514352,97.71829378581045,-21.8157877126986
0,0,146.28530355538902,112.87261529457435,-24.73800480074791
0,0,69.36830194645863,51.71550550654806,-11.804988112799293
0,0,41.131494565156586,24.77953664728939,-6.1250326024086945
0,120,325.220931546474,118.91795831337845,-74.09536179903628
1,120,431.1151611725336,4.258728342209132,5.723343334474549
0,0,90.88591330213814,74.4087626283299,-71.77502161788635
1,360,40.49694548007362,1.2630841048369066,31.97672134518197
0,0,42.32667311122858,34.42016469479771,-11.320395144226929
0,0,87.55668432709071,70.11788202813615,-17.001745388405105
0,0,118.12158850433784,94.02205842984333,-21.69484555808532
0,0,51.1700692538017,39.39668869197874,-10.512765176912978
0,0,45.41840624666819,33.205024475629905,-8.090949428156762
0,0,35.23174228325151,21.28720534224419,-3.2075326289305224
1,120,314.12689904969807,4.681037821764154,5.57302850263325
0,0,73.17780257387129,55.04278343508731,-61.24475992409056
1,360,44.71229808259019,1.3518183104834105,31.568518154324664
0,0,70.56532627701606,55.88596254109128,-17.74400189323368
0,0,43.966053298107816,33.646284507171046,-8.801847321379185
0,0,59.86090505798914,45.99957044707621,-11.467849730957582
0,0,14.85852098540237,11.071112246386043,-4.44461570128631
0,0,12.818192837477882,9.572677406452462,-3.192810901548768
0,0,19.11611337311548,12.732436456591792,-6.650639071104834
1,120,150.70530291665114,2.695577423597288,6.210042975573813
0,0,33.45522986894452,21.75240610160483,-2.266532804448275
1,360,55.452903295882344,1.7596390920512779,30.758565018492888
0,0,134.86180955854775,112.31417770673335,-56.13924530019143
0,0,48.672811089686604,36.683926544073245,-9.70924863342627
0,0,14.329646738972004,10.117220130048189,-3.393552645733905
0,0,13.498489433652013,9.941097354467452,-3.022536804699513
0,0,10.268400595112277,8.950918685683353,-2.7218488536347394
0,0,16.27313462727253,10.876854647731534,-3.8968475372131763
1,240,112.24469894739377,1.2470332472390078,4.779362526732868
0,240,67.8691940267493,34.34467525337922,-73.9473196872029
1,360,76.6955736541858,3.2769147691366958,31.61971112940556
0,0,90.1117648155443,69.7412209639333,-21.265175957052577
0,0,64.95184707970638,50.558900528917626,-11.57759238142581
0,0,19.02530776246904,14.067893168185025,-5.0522491702299845
0,0,12.605730909561439,9.202551331126848,-3.5522775141451035
0,0,12.033672843738051,8.690074220734898,-2.7511840604027924
0,0,17.218363803752307,10.811237075896472,-3.278510006872878
1,120,156.72378105719096,1.2762549040080995,3.7656783366876425
0,120,129.94012450340017,47.121052589154345,-74.25025654892083
1,120,173.51524285361006,5.642847721327194,-3.176315572395353
0,0,94.92432062063678,62.540405689511765,-12.38692517297595
0,0,101.86072724083498,78.61565837200767,-15.26327841802825
0,0,12.623661124786972,10.051692725139535,-0.6125950283677213
0,0,11.681643686849078,9.007382201200684,-2.712922557394222
0,0,14.37281952778045,10.089986196127466,-3.5339169887623143
0,0,20.96088488319903,16.3459971941923,-63.34116970835851
1,120,148.96700044730952,1.3831064100542,6.755512951435776
0,120,96.8596955139829,19.925238145428832,-73.78979966321707
0,240,37.06679033303281,2.394590185133151,-6.674078925505086
0,0,29.264363325752143,20.977032524259535,-1.9142272130896743
0,0,23.386433216996572,18.538182001340502,-3.085137453147496
0,0,10.1878359630277,9.990011503185466,5.23913339727072
0,0,10.920064551377658,10.097969491260121,-1.9804250256942737
0,0,26.727077008647658,20.293619349842633,-5.888248439121796
0,0,16.29155202665009,12.521076727942525,-21.107745901202392
1,120,159.8791459581782,1.5736983357142202,3.686182674179946
0,120,85.56091330633873,20.038318742010034,-73.82204858856468
0,0,15.775986180508625,9.324377415140493,0.9047754112941817
0,0,23.11929819663759,13.651740399073784,-2.6648687741814996
1,120,372.349236507205,4.868775576767356,6.230085508270591
0,0,33.047443864678584,22.10736793142434,-3.3753170218843422
0,0,16.578323325982097,11.323444389938311,-1.4096416724338354
0,0,13.007137559081906,9.79485012197954,-2.6829378626534464
0,0,32.45667149290951,21.30685609676819,-18.400138790909665
1,120,235.73719674052927,1.8345162084636764,6.743464116864843
0,120,47.683713278354816,23.118739350059837,-74.21936680596085
0,0,14.741069159285939,9.167121364481478,-0.6455773599057011
0,0,21.371046140009966,13.460117365300253,-7.532552143606921
1,120,356.15907393710035,2.966661646233209,7.366905956529266
0,120,184.22886725703347,68.41697312837914,-74.14495375764115
0,0,19.844078640527467,15.114283166864157,-1.118521178813424
0,0,17.15465666254341,12.760979924232766,-2.1314309793527
0,0,23.41687579199089,14.077580477340964,-3.9640612156212853
1,120,228.6551202204428,1.8582429659402355,6.377960596829723
0,120,52.782049468598366,22.403152080355824,-74.17927705675982
0,0,13.725387639130076,8.56451466242468,-0.35461507489402777
0,0,32.38526684209851,20.05275249452641,-10.40532487804036
1,120,415.0193027468162,3.314645401263691,9.009227890020696
0,0,382.61091579944997,108.47410356141417,-74.20106817839518
1,120,229.08276863066553,9.14113215680265,-11.499503942859015
0,0,21.021113713405494,14.708113567136133,-3.3033404316762613
0,0,21.811346630739433,14.096873381875787,-3.4192157474254117
1,120,162.61601048041635,1.6600664520252706,2.517370779880153
0,120,53.04044091225145,14.096895923607388,-73.7725834830795
0,0,11.833943887281881,7.906183390989627,0.005334490297400407
0,0,18.90881192034905,11.910908683791495,-2.7367787502385283
1,120,279.69635592327813,2.2012029086472102,3.6515516424035184
0,0,325.7430752978833,146.39365794096494,-74.4253448355042
1,120,350.54277091013967,5.834799723496292,3.496840276593005
0,0,105.99149732083579,64.55048007362247,-16.990291917809174
0,0,30.760748529502383,17.69315447334517,-4.846856925624763
1,120,161.88162357435135,1.6391966829219808,6.179825131304369
0,120,82.62977077485489,31.952521336331863,-74.18159661484269
0,0,13.02190843104228,8.602329826045182,-2.8979516887007577
0,0,23.70832957447469,14.260021982061375,-3.1950841094533047
1,120,338.2574941091233,2.460198247175193,8.729440128847443
0,0,261.09640772473267,74.45118053177188,-74.1799080046612
0,0,223.7602468395338,25.83066040960493,-39.68697386865101
0,0,66.48380408027799,48.62821248807611,-10.959837724907175
0,0,84.86097859276082,49.8570411737592,-9.372293440499945
1,120,250.1028270848134,3.5215341183355324,6.702246610903487
0,0,15.85170011302665,11.542371096114708,-2.158334769607478
0,0,13.26767261300393,9.724525554814345,-2.1204396444296805
0,0,19.441541356088134,11.362076691329383,-1.920555557439286
1,120,421.4989622746847,3.185566515107117,9.867909277344566
0,0,328.16774486177644,92.14159336701096,-74.19897698845415
0,120,474.6671447100296,36.39246195445999,-34.973573036438715
0,0,84.33330484161829,65.32880098237472,-13.05320407514909
0,0,26.05476655570532,18.91094757255088,-4.294051066378586
0,0,31.310979826099366,19.185821447705102,-2.88542822830361
0,0,21.451847010447512,15.19925422413772,-1.3805312884255585
0,0,16.140934909580253,11.567945395046237,-1.582980020231318
0,0,29.3873561821864,17.370587929554116,-7.087478020144189
1,120,402.02739199052377,3.047197265599532,10.350811911834072
0,0,411.41980238852915,90.21725645904829,-74.02861803012047
0,0,380.19545309681484,50.16187301021242,-50.1852037836189
0,0,138.16248402699387,98.97607732573624,-25.200735837622986
0,0,46.07692479203112,33.88138349691362,-8.046546933098384
0,0,19.23747370303274,13.50099538670217,-3.7331432610110937
0,0,55.191478441471325,31.694545306729758,-6.827878510123114
0,0,23.389606348492446,15.716385497676361,-0.5045135682912729
0,0,26.735642257569605,15.452537346991946,-4.2145970377152935
1,120,567.2696669985132,5.097723139284491,12.747247669040732
0,0,470.93015914560846,94.12013186861053,-73.9356273424247
0,0,439.98825164878076,51.54617765418708,-50.01493176846187
0,0,123.05838546035221,92.83659440032949,-22.04048140757017
0,0,53.650104998534786,39.69345904166781,-9.86585850254167
0,0,48.80668561780341,35.02267136792053,-8.739975265208301
0,0,30.48934651134391,19.695752046855144,-4.743713239494795
0,0,32.7648255804388,19.92498173323186,-3.4858132449363097
0,0,51.592974512657484,28.584251268874464,-26.65662557925142
1,120,528.0898542075652,5.758065555835905,9.069688558866233
0,120,543.653744307879,63.805971762273145,-72.83191809546301
0,0,345.79956071340433,63.615623745193346,-62.62702437527246
0,0,66.44140986689742,50.14596418313434,-11.615558284139105
0,0,32.250509867215754,22.745260896587546,-5.967411030874246
0,0,16.342169540830813,11.00329685571979,-3.570005205092926
0,0,60.67352086985511,38.33770631848346,-7.5749187436738765
0,0,30.80938789218278,21.76686098699458,-6.115107093902452
0,0,33.631373597150066,20.442635693172022,-4.574613217057774
1,120,492.37282135596706,6.851238100738441,9.752958232941225
0,0,355.6420777918258,145.80670506264747,-74.0733535959341
0,0,123.93041200073539,86.9378740747303,-23.68579681447435
0,0,81.50619543011624,61.05602702809023,-14.326158867844583
0,0,51.325960828728824,35.89290055184684,-9.389854596070151
0,0,16.282225667392517,11.48851044616829,-4.22638774245091
0,0,15.141497763640816,10.281433122622857,-3.231172325783916
0,0,16.647657903754652,12.030746164420382,-4.245938995783689
0,0,21.2674763045803,14.105767503850982,-8.33058134640099
1,120,156.67327568728675,2.9424264670446587,6.613799671848625
0,0,150.11068087086562,94.32022354917527,-16.691577410969217
0,0,83.65900520659105,61.392699060431205,-12.43611556014094
0,0,35.247784430084074,24.797479865644544,-6.880262213154012
0,0,18.01234895827227,11.718532615296636,-3.1742422069439584
0,0,15.239269188445926,9.615483450335457,-1.5825303747117516
0,0,16.63275742242553,10.160034627080536,-1.394203842928306
0,0,16.19200651615928,10.092060739863959,-1.452183134647285
0,0,43.51589146476892,24.270490811104725,-73.74113874145773
1,120,101.17710308498093,1.8510216870000942,0.09143328052779509
0,120,138.98423316288734,14.921793685282175,-70.01822092391404
0,0,82.64987585367233,56.1596867879338,-10.720376505425001
0,0,57.52523760416456,41.182523565546106,-9.324056468371836
0,0,70.02559977379534,48.45721654757659,-10.374191089194
0,0,15.221283820297522,10.251809765152329,-2.6251251063120833
0,0,14.533588459520177,9.27718559560269,-1.2793610465204068
0,0,17.801850474410056,10.71558053341447,-2.1008800643280097
0,0,42.77022027068441,31.227514440534684,-72.78963801572895
1,120,123.56993249684712,1.2583365167791623,6.887667100347429
0,120,80.29392683167711,23.67514677319843,-73.82843704177716
0,0,43.60429424640893,22.80957245684792,-5.197830233962392
0,0,82.08941185145191,54.41270822421531,-10.014237360618125
0,0,27.03525867263839,19.0470559568217,-4.677273950592635
0,0,37.31279810707048,24.59269668719015,-5.7574182464622226
0,0,18.273808742867775,12.064692603354699,-3.5356073228451805
0,0,20.72910104796993,12.62296958135803,-2.917927607246483
0,0,46.341390410923125,33.46233834186621,-74.21640862373651
1,120,165.24395165684476,1.299649258997169,5.068917587803625
0,0,40.38711394946727,28.017467604907846,-74.1026144147317
0,0,17.892457534534156,11.041833354751555,-0.8706415959924811
0,0,31.12744560622904,16.911138129468426,-4.450511053654125
0,0,24.914706002320365,16.71110843866559,-1.7129275753895001
0,0,13.3327640925769,9.629643179927047,0.3279135167505416
0,0,16.7406622775929,8.49923028555986,-1.394278783848236
0,0,24.64567188298384,15.802423060626342,-4.515909496446142
0,0,126.85400225864736,75.40370394234402,-74.2339842210465
1,120,197.9619009297043,1.4772149695613495,7.3708361914411284
0,0,88.67385457905321,38.89116781907333,-74.25488545178413
0,0,15.899804492355193,8.546753186780565,4.076658174089431
0,0,33.98303598710194,20.73730825296388,-4.596229509073069
0,0,50.23274532960018,27.117083219531015,-6.57907049257193
0,0,34.927706280629955,23.042039699425967,-3.750654455968018
0,0,15.917216270105731,11.088839909432755,-1.3211114656901657
0,0,16.39056439221981,10.949381260302593,-3.2988772835559956
0,0,35.22555412530533,26.32911444965313,-71.24907843547358
1,120,118.57195256506058,1.098205778965424,6.077131090693982
0,0,42.282719908561496,24.893741512734238,-74.17620350324947
0,0,14.667633961697886,9.045064227718912,-1.3344426226687744
0,0,13.864088967213526,9.526996587361102,-2.7457133732479235
0,0,53.183735559594716,31.618610666112126,-73.97352305307844
1,120,252.4851980337256,3.4817926933067325,5.85844515957011
0,0,30.97992256813229,19.751768249886,-2.210510303416342
0,0,24.15677799034304,15.60006734489383,-2.8678171121201217
0,0,47.23378308729198,32.75916311312552,-74.17025418951614
1,120,121.45207496602674,1.1196559096038252,6.504194413066941
0,0,95.30382420605419,41.24174351218088,-74.22705348701064
0,0,27.192915141097398,15.97542380638021,-1.9777687864212083
0,0,20.131236010319576,13.197530142727322,-4.504235366474873
0,0,82.92301518890125,42.33963291442113,-74.25446657627768
1,120,447.3636240589749,4.315763854165862,7.618732427799841
0,0,259.1703205835981,137.0662726135138,-57.47558866184028
0,0,26.03052684610329,16.644807570591343,-2.5951487383401997
0,0,54.33897235892315,31.802091908202677,-74.1241743058984
1,120,119.6136074350274,1.201850811744786,5.736774412679736
0,0,78.38996704319861,40.63759692808403,-74.23628328747158
0,0,18.760437688809315,10.958032354233955,-0.5338487750593259
0,0,14.936085298482736,9.955121129240316,-2.80939650165044
0,120,60.63930031964409,32.020293052393136,-74.24931806352033
1,120,387.2484677034096,3.3223782718468295,7.465986179445267
0,0,150.2871996389467,99.74675658747543,-29.94020778320195
0,0,190.7709893084847,82.99666081514604,-16.25196564789247
0,120,108.71545605912199,28.505422833462433,-73.30574351102601
1,120,154.56596339531941,1.7621679925653722,5.455979112471866
0,0,76.39462253838352,34.38296238450514,-74.15721905567653
0,0,32.28494367539521,19.30785392944873,-2.575630792082933
0,0,14.536526271878465,10.174528256071481,-3.664922043568396
0,120,67.61152692481659,33.9417699781588,-74.26919357294287
1,120,506.1530512231698,4.306281533881678,9.001284152508134
0,0,158.84984534293463,113.66145192111891,-41.05942105932212
0,0,118.4560137674616,77.28184157138848,-29.690916813055658
1,240,134.08808023416773,3.096058582134104,12.650465634335916
1,120,183.46815402245113,2.5033903182118733,5.228466806334055
0,0,31.017941316298394,23.27559035397913,-72.37748078060501
0,0,17.84741781928651,10.834633280011962,-2.29427759836004
0,0,17.91559418567876,11.523060580852071,-3.9886668176648783
0,0,90.95570013387824,41.777639368419926,-74.28992956936051
1,120,419.6863872025428,3.327520252153969,7.939104860499484
0,0,182.9500106963808,121.32956292708184,-58.34530197708547
0,0,158.22897050586226,96.2072200787393,-73.43921263889207
1,240,84.3401805726696,1.2138634414012894,5.157181337943101
0,0,33.69723354078172,22.27920918685893,-3.398931738431088
0,0,49.54728641984527,33.6353461319112,-5.586623726557903
0,0,16.478373360723563,12.332410887583524,-1.768467123826312
0,0,16.85367613184894,11.019262037126875,-3.365483107835786
0,0,97.52494271593615,40.9978673356958,-74.24742886277755
1,120,548.0453288832778,4.693478392106539,10.134807200289899
0,0,181.80883053866154,120.80532114608101,-59.341508279249304
0,0,123.54240015774965,77.74966139818963,-73.9693970089921
1,360,50.54314597952111,1.0370223242330172,17.903707546646558
0,0,17.24550271866662,15.141431864862259,-8.952482733822407
0,0,41.12493872105792,24.82376070697597,-4.508698514595125
0,0,39.51106859943753,25.60698444235165,-3.342892583861399
0,0,25.551321483580253,16.84481753737903,-4.2596198770553
0,0,73.26501037551574,38.824108985273966,-74.2580739862632
1,120,522.311828103299,4.425423038547353,9.612960267743574
0,0,177.66162488764502,119.15785869195224,-56.14237616529071
0,0,152.87009190797363,88.88533879931657,-74.1345161528487
1,240,58.00092788706991,0.9231015198278102,10.012020666369466
0,0,13.751466698709876,11.577412922319057,-4.008342972530883
0,0,16.8826553159564,11.836082814597036,-1.666930504090402
0,0,50.524636658605424,28.247232657410105,-6.584778492639913
0,0,27.203122108690156,17.750001902728847,-4.155485305428485
0,120,156.65202342767358,45.09782510465391,-73.95053772316392
1,120,425.34078251490007,4.082811612143818,7.592153381531418
0,0,166.53989826986455,109.98095069380994,-52.34885638998604
0,0,152.30014895674236,88.57553651104512,-74.07967680110605
1,240,78.531945374116,0.9112209706299118,2.7920625584981735
0,0,16.789616011933663,12.814675737766843,-3.8463789910249346
0,0,18.931586400633464,12.67349969046026,-2.150940598841089
0,0,41.11484941303396,5.856933238427517,-1.735060127075414
0,0,38.13798878535115,24.344114924233157,-4.3437702033675265
0,0,434.24343495780636,142.87453297019437,-74.06173053247508
1,120,499.67053845075816,5.021145002672536,6.681671164998335
0,0,167.63294095650153,115.24348699927302,-47.27277273069709
0,0,100.75941896949031,75.8441693778462,-65.8201945227122
1,360,44.13616329655122,1.016269050094217,22.242087361992645
0,0,12.288836002972388,10.820342526605435,-4.042957350769541
0,0,11.644414544695419,8.77970155444249,-2.189901550435664
0,0,15.905106526673908,11.588672517254233,-4.123776969529331
0,120,25.642384474533422,27.859937531324043,-73.6870176060575
1,360,78.34448426613723,3.093110898512592,34.0352235141188
1,120,495.17558994417516,7.840598222893743,9.1972629848933
0,0,245.9256182437548,135.42514438596518,-59.848407620807976
0,0,109.57537837136562,72.62519883422144,-73.13179145434083
1,240,65.07639708699638,0.9918120637888491,6.3355440361495
0,0,16.002683077818205,12.911134625008053,-5.949891509148458
0,0,32.470573706334655,23.07311629415571,-4.921060926508531
0,0,31.410372746836902,22.045385213810093,-6.343830944912469
0,240,26.45994382671944,27.852312790609684,-74.18193518256646
1,360,49.25043500464311,1.7749768032263478,33.486472791317695
0,0,137.4955601761853,93.97309778880388,-30.82079273606751
0,0,187.67796927151142,117.98894592886714,-29.37240124981649
0,120,44.36208805294059,34.34078962239433,-74.1503347368719
1,360,49.52868150052994,1.0207503639474131,15.418724929158444
0,0,12.7028303879229,10.871975067268822,-3.425960430219078
0,0,14.659187291560112,10.99472324899081,-3.1087521696942417
0,0,31.200118774266084,24.305348781310695,-7.298990439877002
0,360,24.459628205122858,24.846403876370136,-73.58069010178238
1,360,35.72577275144241,1.6548101780946183,33.72168735867051
0,0,64.25885428068723,55.29722323054436,-12.99578267694514
0,0,31.07871983730281,22.108890907165698,-0.14801128541661512
0,120,48.91185121113483,37.86198279703939,-74.14119285538082
1,240,98.53553545974174,1.1933440377278595,1.8082048545849858
0,0,22.49852815011869,16.924288412141713,-6.100472797593952
0,0,56.805760371582494,42.926991543907434,-9.149502412317702
0,0,48.56247950591288,37.40758093597431,-9.065277145085545
0,240,23.502153241334838,31.123202577546643,-74.15488795070713
1,360,40.36184288020753,1.2533206292831713,32.24852373499827
0,0,66.7313303981254,56.67443286449731,-18.213835663964325
0,0,16.01682061038094,12.445033605241559,-2.8222780131094822
0,0,31.403298465263248,19.39298982313463,-3.3848928060975823
1,240,84.26359890083172,1.9967169992783143,11.478223111257122
0,0,15.940678323495277,12.708290035471423,-3.0744542086730604
0,0,25.47830452899064,20.01070230308119,-5.548657823844607
0,0,33.63284066489845,27.419832763527502,-8.928076974231956
0,360,26.949505069726982,11.038014644532362,-69.60954570934578
1,360,30.639103242816955,1.5995510602524887,30.73479209333739
0,0,39.66695649750312,35.11174502034565,-10.540909655731028
0,0,13.805769347353795,10.717780465532998,-3.0655945265835953
0,0,15.375341560539166,11.24432995630658,-2.8257336221951306
0,0,37.101047651859076,21.99515378265159,-4.581857505984317
0,0,27.677451952831348,19.51053086485657,-3.3414687063827415
0,0,49.38471398752764,37.5113010785078,-7.109976949660876
0,0,16.343245022826807,13.02922089486311,-5.0655178764420015
0,240,22.070052446052884,29.94950251421258,-74.149510484332
1,360,39.13068256725416,1.1769227384703926,32.22599149840606
0,0,52.4384651434164,42.46312215556953,-15.180218898439456
0,0,22.95295881968784,14.858769821439564,-4.314809701199124
0,0,45.338460246535156,32.69935426375264,-9.239610541764335
0,0,84.88815059942885,60.33722192620004,-12.92601684387499
0,0,70.2267461603693,39.82684692070592,-8.765842372737382
0,0,26.132989946214003,19.128255500626615,-2.791285779334089
0,0,19.341332172092105,15.507368700255473,-4.4650662456582495
0,240,22.845064995105044,29.64290396954506,-74.11485183760722
1,360,37.99516845314458,1.2649199351578797,33.85564008966048
0,0,58.58686886279545,49.165607369466684,-15.489412643916253
0,0,18.660522653735267,13.939019270900205,-4.564912531311322
0,0,19.83159569565088,14.480408265359,-6.785899104809133
0,0,129.94968434336457,100.12392484063932,-21.167386383313143
0,0,50.97905262072847,35.02219235612399,-7.754568782283229
1,360,88.20911398976861,3.7486012073366854,33.95454545042999
0,0,61.90046382263957,48.00458984787517,-12.327934178837914
0,360,26.38907048239877,37.879128601639124,-73.99545055808066
1,360,41.012309098831224,1.262770809989095,30.791822133403926
0,0,28.217820068388143,24.44458623969951,-10.121552757957517
0,0,11.104735840674522,9.513965353207835,-3.4831986395076484
0,0,25.86696717646626,21.071132982831887,-8.219635477829456
0,0,117.07951447215719,95.06001500318688,-21.82440591849052
0,0,20.06995008242474,14.224597650848905,-2.284860022755538
1,360,44.70831971842039,1.6111170818516287,33.028317313942765
0,0,30.69869229911811,21.841512157769124,-0.5305513745824157
0,360,36.75160240940664,44.8456253937748,-73.84975474106461
1,360,43.70927231980258,1.5468595865256443,32.67193160583244
0,0,42.813096152924736,36.24565047425291,-25.12954612707417
0,0,14.791979903173258,9.528069432899532,-2.0538338201499045
0,0,18.968117858312798,12.644670224599585,-3.855222019576644
0,0,23.72905604288981,16.521250704248136,-5.226894820741819
0,0,20.13673843359139,15.068903843432974,-3.3730771210553314
1,360,39.34180795600635,1.2691204459560812,34.07137834460045
0,0,22.67542931179834,18.60339663972318,-4.64460803627216
0,0,34.71390413668774,21.165233441404244,-2.9421335243837774
1,360,67.62166035517885,2.902508934737718,33.96958359502922
0,0,54.14926468855274,42.67669379163224,-12.968183601488796
0,0,16.431190035206974,12.94807629652898,-4.640178195227421
0,0,61.74571942850818,45.26142453947154,-11.807856684678825
0,0,101.51869087435495,78.34507869672363,-18.127549521434105
0,0,23.102515162207787,16.846827978066276,-3.6678697197522894
1,360,37.773225737786525,1.1572381713489868,31.816639213443167
0,0,14.238166424235772,11.697380722333767,-1.6390025212632509
0,0,28.610510717664145,16.639029843010118,-4.023922357107381
1,120,358.81844492584247,5.204910481910004,5.8733584026361285
0,0,53.42540831389468,35.60336328028555,-5.851269258520915
0,0,22.887431632024185,15.549127258048092,-3.2762784328127452
0,0,35.67780441599029,21.302639384100402,-7.183947801015961
0,0,133.89797178589114,98.46178771923768,-21.820642218956273
0,0,27.823610875302407,20.645097073271415,-6.884342329905735
1,360,41.26537277013492,1.1167437115988588,28.463316156729135
0,0,24.321376373360813,19.19131035935018,-7.17019197882442
0,0,29.241360880053193,16.77420274541946,-2.8429950140856164
1,120,789.3628689450554,9.417326836542923,13.423073211736039
0,0,72.67808032404005,43.78308142668642,-10.481493996380067
0,0,24.269782652445265,16.516670506158263,-1.311927039614332
0,0,42.549921112427924,26.004335998448635,-4.9237629630104465
0,0,21.032649866439453,15.198969634776246,-5.039101202166762
0,0,19.60355858231552,14.296934067559574,-5.3548689316751705
1,360,42.81792019524523,1.070417635440394,25.281790995569594
0,0,24.378163661180093,19.14620717213112,-7.522893091704873
0,0,23.090563523821526,13.739672876336556,-2.3818252463757403
1,120,711.6376637580888,7.473868200319787,11.561066134855011
0,0,112.08707924755001,75.01630174303286,-17.142292920348893
0,0,48.62394560002244,27.796265592697875,-4.86483858302347
0,0,178.00648508377608,120.97937712664549,-20.607294601296005
0,0,82.05850415347471,64.55254264206404,-14.06531450587579
0,0,22.693379749762258,16.722604721782588,-4.0094754130986985
1,360,39.55560642308704,1.2433841283286633,32.98271160078107
0,0,29.721718938664246,23.59328506602771,-7.883979260848577
0,0,24.211201056201897,14.094395200257797,-1.5310126556444885
1,120,752.4964785957071,8.067978782849986,13.749257729114689
0,0,46.370930316413116,31.819601198224493,-6.623181550719465
0,0,15.831401998979167,11.262283741098422,-0.9969253728429663
0,0,35.91428544181728,18.42306701348223,-0.9374056288809953
0,0,76.96782318892573,55.652137159184214,-10.701720379746938
0,0,31.63429361369528,22.86178615152917,-3.999316755063788
1,360,41.08481680809965,1.2766114331926943,31.991060041195198
0,0,24.301808116325997,19.26994578118537,-6.765277861675131
0,0,25.762380688824994,15.10048480940731,-2.0728188531987684
1,120,824.1124459922565,8.419309985023357,13.660094687936052
0,0,49.163105866568344,36.334890371948596,-9.587702788069109
0,0,12.55560057953275,9.46878608764462,-1.7323456004201887
0,0,13.989571978115432,10.46731858127458,-0.17738812602907217
0,0,40.29021761770505,24.0399649751609,-4.657073209287134
0,0,27.320077558500746,18.459836804299687,-1.085314024515668
1,360,41.38675332279057,1.4415307920599836,33.52122039785844
0,0,15.875193419739157,13.289439826759612,-6.713168942017319
0,0,30.604774225190955,18.377239673135456,-4.666732261189196
1,120,657.8505919908949,6.22099030473386,10.976135601265597
0,0,92.56420203767247,66.11354064920062,-18.05365777438338
0,0,15.832532633898033,11.294147183146897,-2.7987382374826666
0,0,14.352903807331543,10.228152217836078,-3.1504359747129485
0,120,30.144385201520922,29.118059197223875,-74.15737706912664
1,360,94.78754872563844,2.6750957949350194,23.98497168326091
1,360,63.298994872200396,2.57993517054826,29.02625569370359
0,0,25.356238241660627,19.350911454524912,-5.6541871292590145
0,0,24.310165622571795,14.292527159031392,-1.6014821006850894
1,120,689.3261738768736,6.755672429611959,12.844779112944863
0,0,19.35308893681755,15.110834281929058,-11.004997955933725
0,0,11.89030282073353,8.934196242980267,-2.1825323599759088
0,0,11.910263582736114,9.101561555833646,-3.006674309981051
0,240,27.13549543309586,15.897935195140269,-73.82510698475356
1,360,46.00974485511208,1.2973008684431686,24.432993482907563
0,0,26.032083996959027,21.533222983231457,-3.3051806475989878
0,0,38.74013001295481,25.350656776872935,-3.7283470421355958
0,0,38.431284675458855,21.27405224185445,-3.0601321661976044
1,120,578.4035566742176,5.59977152887953,11.24700539296721
0,0,47.10821826622115,33.26987985516518,-9.080943960735311
0,0,14.81489042733409,10.466488763779983,-2.4146243889983197
0,0,16.72815359468564,11.685619573870447,-3.991747722150876
0,240,25.322065490649432,19.5729052450574,-74.09522587103959
1,360,43.70555133593952,1.0360710807701425,21.418145254440645
0,0,17.24874019523918,14.511697597680735,-6.789612843730097
1,360,77.35974721257382,3.162445742774638,35.26488743540153
0,0,62.961716364533416,30.61370872444639,-3.385583927914709
1,120,837.5351084298986,10.16027483740792,15.764294164492256
0,0,109.38627738314679,76.10597468410418,-34.62507277845877
0,0,12.981186270440093,9.752976742241573,-2.761209490135627
0,0,17.503914385058092,12.122076807722147,-4.683544007560101
0,240,32.121323337543025,18.854231166982142,-74.09357583721706
1,240,54.57707855754409,0.9364950947058506,9.76489049274781
0,0,22.73762158605903,18.018397847763957,-13.00792310597376
1,360,54.4104431932416,1.8078158795957187,31.686758272436037
0,0,154.86671596059935,103.81826669115188,-38.520256156724805
1,120,559.298701851091,8.275657869386121,13.046120384489427
0,0,32.144204446811656,21.469321400714595,-5.173874119891522
0,0,15.086093894970228,11.130706949308708,-2.5120309313692246
0,0,13.869164874548467,10.57380079035842,-4.598294547755572
0,240,22.78197005134002,18.176547818966814,-74.00184766332643
1,360,39.27161666949853,0.9955937034259941,20.329869868758692
0,0,16.037151816182146,13.096486830821565,-3.033053513796318
1,360,44.94558759261368,1.5107162092965276,32.607549028843906
0,0,128.23598743134673,109.69285609307119,-73.9599754651618
1,360,83.1062993821879,3.3749396022951283,31.59767017217733
0,0,87.59974772926878,57.20941578060647,-9.458067486743971
0,0,30.1052725870512,21.92354011021041,-4.311104289047037
0,0,16.07637473649761,11.199798061097807,-3.394027271560134
0,120,26.818617991599048,24.975069262637636,-74.27477088177115
1,240,79.01389367533652,0.916643930099324,3.248885752852132
0,0,20.26698757624478,14.998153801083793,-6.752292265605092
1,360,49.417695435404816,1.3563488463208468,26.983757574556222
0,0,189.65709146327922,147.30858174322503,-74.2633201759227
1,360,50.14176139116979,1.5289892765836395,30.073455128495183
0,240,51.97069849709692,42.40103659130485,-73.97960035835688
0,0,22.972881893859796,16.222623479418356,-1.2117227028993796
0,0,16.067109045455194,12.110798897630044,-3.3393620338558208
0,240,24.714072537929102,23.55471334554032,-74.216643529693
1,240,67.7112728242605,0.8980812543933107,5.197416285176487
0,0,19.50591033237149,16.412930639609623,-33.79498551547253
1,360,50.32039067776607,1.2471766866170528,24.25820627732476
0,0,171.10795749100603,139.75289762362684,-74.20646639663963
1,360,41.604919901362685,1.287790282940843,29.523946669725902
0,360,26.542049982998275,28.414137273623872,-73.96666029930415
0,0,37.20574260691533,24.683773736011393,-6.609679694978794
0,0,41.35507716075469,29.834641120834824,-6.927479156094179
0,240,26.448069402425197,22.880463385019613,-74.01230810168042
1,360,47.83840987328639,1.0472397162961589,13.235354534080912
0,0,20.30849198913636,16.452843593127334,-9.119909075714332
1,360,43.37767088632984,1.3853936913826859,32.492956035502445
0,0,158.13276910092821,134.3858691213229,-74.2203417209752
1,360,38.40894038797284,1.189667093867569,30.940571532695586
0,240,20.704197664862676,26.704172233195784,-74.19508071114662
0,0,18.449614199813038,12.232179078015438,-5.982986252066311
1,120,262.7773805691801,3.563633619818631,3.987037160622336
0,240,40.20163834671186,37.74802870835861,-74.17229509357948
1,240,64.94580967308272,1.1858696045753916,10.02380304433619
0,0,21.9339626088674,17.07792721930773,-12.94021814820168
1,360,44.754964383723596,1.3820922082393903,31.005378774897054
0,0,153.0544938671638,128.95717771222186,-74.17413426865608
1,360,40.50575891714848,1.1175521320591617,28.303342272985773
0,240,21.682507564480794,20.053559770289404,-74.09842647282825
0,0,18.134672625909023,11.816074914512965,-10.585957475377683
1,120,356.09403761045024,3.0673925438275447,7.485554086315801
0,120,153.666735433376,55.934782296308214,-74.1005448548739
1,240,87.32365219737395,2.168268910454922,9.21125195661351
0,0,20.1150136972723,14.644831882238323,-6.015131743331736
1,360,48.69332797699481,1.46317737036715,28.70351845864171
0,0,178.24336321064774,144.7970947167934,-74.23887945040823
1,360,38.15285801335731,1.1835325729408313,30.92788153692082
0,360,21.42546736743806,22.302048187546387,-74.0899335263604
0,0,22.194545461989247,15.099368993693014,-12.254758533910966
1,120,237.6004389644825,2.0224459204000502,3.7778853798672998
0,120,63.073970946884586,48.91760887381489,-74.39450778537855
1,360,68.97638527653359,3.416277263692992,30.018331918502412
0,0,32.87307238372798,23.495476492606837,-6.865444727930125
1,360,54.94352193082553,1.8957279284142248,32.477384977694825
0,0,190.94874350203807,147.24858692456644,-74.2598828792233
1,360,42.55088077328589,1.1912686134549766,27.138835318197494
0,240,21.57257492018251,21.99751643789512,-74.16097813645618
0,0,19.56219572859264,13.366525504547168,-14.848313890839506
1,120,290.47438423316936,2.553767037874842,4.25813177508374
0,120,50.74046843010931,53.74248618936022,-74.45585096161972
1,360,55.73867265044885,1.7387112075462017,26.784489668463024
0,0,200.17994558335155,134.13314249746762,-68.03330969750212
1,360,88.6670376777863,3.8381274554666254,30.217608151364473
0,0,183.06346393558906,141.04770595770884,-74.16237560246479
1,360,40.83460270447765,1.4312767696829887,31.14157140671604
0,360,21.121661168661802,23.11629498103925,-74.02767164079484
0,0,16.35361193389589,11.85274960740023,-7.372470011868117
1,120,116.31066801988206,1.2144047951742925,0.7435358586809002
0,120,36.408657858129985,46.371556919688096,-74.45890735743248
1,360,41.13538100778826,1.3051883612165147,30.81277228390873
0,0,61.29103505549382,49.63760305204708,-18.331759364858215
0,0,94.49223791541516,56.27255887349769,-10.331895266662542
0,0,161.2815009437248,113.06066969046364,-50.38705506975745
1,360,43.56418336403523,1.9386516119590196,33.08507257063623
0,360,21.265222388465617,22.79131083653389,-73.89363050293838
0,0,16.46805241042354,12.358522665927937,-7.370509057796625
1,240,86.52000057390536,1.0965601445048425,2.7406447606574886
0,120,28.02707368463698,42.092939021485805,-74.44861443024935
1,360,35.46875277713807,1.2059710176241554,32.056699960284774
0,0,27.488277427382027,23.176303888280103,-11.641450371974827
0,0,64.91310766668143,45.40000546992745,-7.975965076677895
0,0,39.15089795191734,22.37400421253627,-5.805301330912897
1,360,56.4151269263296,2.379468029266525,30.229665312704284
0,0,11.710267134604017,12.279440636035384,-14.187776295809869
0,0,17.334205164520892,12.046104127932438,-4.37646109799465
1,120,137.2911413828543,1.3186638259788903,1.2073368853571935
0,120,32.29960332229446,42.06890108244877,-74.45847911431103
1,360,39.60423659361363,1.0903682126054308,28.389141299536448
0,0,39.015254853407114,32.34016304154131,-13.174221170682301
0,0,63.190770130080374,48.282912607964484,-12.653211078408525
0,0,162.41328304338674,118.19791905168304,-23.402203719922447
0,0,98.99145158136689,55.38850597266647,-11.794608795389024
0,0,23.490297201348223,16.15728486151187,-1.742146207393219
0,0,25.720017728767377,16.327615820929132,-3.750804337807878
1,120,137.44158384900172,1.4460572774300227,1.829746205680351
0,120,37.904997101111164,47.20665199719632,-74.45415654546852
1,360,39.65854016147293,1.2312933950943046,31.47127814733139
0,0,72.03632826723006,60.87323612652999,-30.761472834558674
0,0,120.80907277629834,75.59555662000825,-16.653311744576207
0,0,119.1348947719487,96.77090989004354,-21.971023664948625
0,0,39.058660203707,29.836219042046963,-17.986335847979824
1,360,86.22252041538248,3.65030869111548,34.66646753622477
0,0,33.393734359942776,22.54688097876633,-20.864666700641386
1,240,99.28896115478199,1.5485368322426523,3.7253684485343115
0,240,27.387025853143722,43.87465439360291,-74.45132700531812
1,360,38.74971191408836,1.3274602084147182,32.753583901480326
0,0,87.18307842755901,74.96089416675525,-25.03548278240902
0,0,109.66098306138528,89.745424204022,-20.96758972739601
0,0,69.16862630449457,51.44487511236791,-11.031077396069279
0,120,24.260090445465977,21.10197852481271,-72.58152226717081
1,360,35.33261697918353,3.170740747789601,14.414991227926109
0,360,61.007563739380295,16.355257619306027,-57.42188516594173
1,240,187.44694470818717,4.131215754184337,-0.18931205906677917
0,240,31.596065284422266,45.774660320017716,-74.4114583545994
1,360,39.81376622446407,1.3250655897002062,32.550835405994846
0,0,57.16950125164324,47.860458016012274,-15.970828950160481
0,0,85.42478118524572,68.17299269638539,-15.429022752606201
0,0,30.48419522834771,22.501707348636014,-5.108342448797401
0,120,19.53326250525424,19.73971546777008,-73.50432471889803
1,360,39.64689554102399,1.5549152617496143,17.464620370009314
0,240,67.62938176438087,14.648735828380136,-72.95443062664495
1,120,365.70697145526515,9.356319048820462,3.4749908350490415
0,360,36.717573055994905,44.33914649727631,-73.8705526678258
1,360,47.664626690179745,1.6110175812394794,31.063940940437703
0,0,63.249496962353966,54.06784790786992,-48.17378532932017
0,0,117.41744746117558,92.73996926781771,-22.133345697516447
0,0,47.57149546461889,36.671449695631566,-8.625361454944638
0,120,22.051184631138536,26.490642862879827,-73.99920664642774
1,360,42.80877216377161,1.181312564592595,31.093517623503317
0,120,53.25300763072135,46.96068507510515,-74.43403394893738
1,120,438.01033546759305,5.373317997635418,9.806124652246936
0,0,106.72040570322888,62.51967856730377,-20.17133412637361
1,360,69.57569164390165,2.8970890571456733,32.417831926657314
0,0,60.59746131235375,45.15137862350725,-11.77610671493526
0,0,50.38593808816812,38.49649872903698,-8.239623886528491
0,0,27.68562561600091,20.76017543081584,-6.103691093766486
0,120,21.92401486001214,28.110359263123044,-74.2234324809728
1,360,39.721337279454445,1.203062429818391,32.503381150141564
0,120,54.69728986823486,54.77568645733576,-74.46475063496834
1,120,317.0160885911843,2.6374278569990426,5.427826306884924
0,0,119.94008332353462,87.14346593780591,-73.17442164868517
1,240,137.81872688932023,2.427850157897277,6.478098319393624
0,0,111.584422862222,74.43745261722628,-13.499244103802035
0,0,17.78632860348325,13.328792054703722,-1.758774764848738
0,0,12.748083361138983,9.971988684340591,-1.490269775509347
0,360,21.086188647101604,30.739125283646757,-74.06944141319694
1,360,38.74170370968741,1.3695420991700027,31.676541327018953
0,0,103.9303149335582,81.02475521807035,-74.45912253610253
1,120,421.4047169600818,3.476628171267991,6.594847945875287
0,0,162.5679906689029,115.85919185624877,-73.96706570886404
1,120,141.15689063787286,1.4924012284772186,0.9864027266354327
0,0,32.94596984031803,24.47399756400716,-10.957776849609111
0,360,38.27614685714431,12.657912083057507,-64.23625260669215
0,360,28.82636087347566,2.957614310926031,12.002110102179302
0,360,23.7605115932342,44.99426838967454,-74.33296927159631
1,360,37.18477346563957,1.2864812775424264,33.24108291239219
0,120,59.737733873770935,57.11752441173111,-74.46851105746366
1,120,364.6947167700504,2.925175350292595,6.240960268429276
0,0,167.66506201878192,120.19797927152958,-74.0907831169978
1,120,142.44593945867217,1.3665028397638581,0.45456367143181353
0,0,59.237621876618064,40.80737561507704,-10.822504325751481
0,0,146.38599073138326,84.69371507879912,-15.254930832224964
1,360,57.57710341283294,2.9776320730176784,25.831824040778372
0,360,27.80329253851654,47.626553738044606,-74.32831203820295
1,360,40.053354198279486,1.4853523585623765,32.260505955418154
0,120,118.49534883205357,88.65986512896802,-74.47139249355058
1,120,396.4518874190419,3.2118998364074303,6.4984989031522815
0,0,153.9272484261289,111.9489227587211,-74.12193596633855
1,120,128.23284003788152,1.1618418797604906,-0.46277147589040624
0,0,25.630682862730847,19.00735574089599,-6.066462110099167
0,0,71.05684177192401,48.66571065859596,-13.167784578337226
1,360,91.65454649644482,3.1065774698574216,27.243760932868014
0,360,37.579157309647734,17.571684126033368,-70.45600287952918
1,360,36.18767480362989,1.9244686362067154,26.81990341651428
0,120,55.75835489019094,51.95280795055473,-74.44828656372465
1,120,364.01055579241375,2.9492752790915335,6.833876173375643
0,0,165.20785958411764,117.58877383860346,-74.18242821835825
1,120,177.98957152076215,1.4710392395315266,0.9798578862948943
0,0,51.06214601432671,38.446134865205316,-11.870078465142711
0,0,112.12133288951475,84.03265625784023,-25.760028249827535
1,360,61.67819018974429,2.153081066573549,32.0393469739366
0,0,204.21381565472862,133.18334663641932,-49.504646554506934
1,360,73.11002330852371,2.8293154039043404,30.547306565210945
0,120,106.77717644517129,79.51920987067459,-74.43629234104807
1,120,420.09566601258774,3.546920686908564,6.02321526218897
0,0,202.14896375964932,137.02291359277746,-74.25065672172373
1,120,167.82413775578948,1.443738825113306,0.9765438322802282
0,0,33.42246903275884,26.10194451400154,-11.85882067361549
0,0,70.58140886932539,53.49401995277769,-13.56995086175575
1,360,47.498197230122635,1.6509432144812144,33.70766507987477
0,0,101.03634547208976,82.86398018293694,-24.393767848435076
0,0,35.01480009956714,22.507473805351438,-3.8438060194406916
0,0,203.80834607322328,94.82393544811961,-74.19074815668674
1,120,330.47372533565004,2.9093124872141107,3.7586755240586456
0,0,92.41020036956908,68.01100781309376,-71.36205785713281
1,120,93.7256564098393,0.9990248895796399,0.302017265530381
0,0,27.403941254588418,21.274148044213756,-8.631219336852482
0,0,96.80604275061347,74.78669730036825,-24.102389224979355
1,360,47.20708171889912,1.49019566092579,32.58903029485238
0,0,126.17548894031273,109.34406787999416,-40.61859983306539
0,0,17.480343864253562,13.167904671969454,-3.731794324452366
0,0,31.966784847657017,19.60857471760104,-3.456960990763349
1,120,382.9230960503489,5.243309969479376,5.666246680256961
0,0,156.15880922274118,106.84328817607343,-73.64607657484414
1,240,75.19483320795946,1.0085992259166523,1.8500885020568347
0,0,15.083467696626162,12.40499667220004,-3.8063522130135823
0,0,59.86694981833586,45.4132938207068,-11.982177591204284
1,360,49.42992099997467,1.478908241040668,31.296782378659415
0,0,144.50871760385152,118.54977294025794,-52.11092313259354
0,0,21.441176758302632,16.81990892395887,-6.318550874589505
0,0,15.530489490222902,14.000094683817474,-3.7366987913233203
0,0,124.52321032320461,76.01561615297776,-13.20077523664407
0,0,116.82656846042228,73.34030709212891,-25.737137962173442
1,240,95.07079943006049,1.3189696362673808,4.160816827170521
0,0,28.781425948781468,22.16893926243685,-9.29976728354572
0,0,78.61860164653174,60.443624534794154,-16.228854700863025
1,360,47.65713324639227,1.555498705162093,34.24192722482279
0,0,129.66800733567513,113.7178626044528,-50.02830872266933
0,0,15.116062154827851,11.39648523576154,-4.361064902333538
0,0,17.04123835351965,12.791645132360772,-5.621200634336603
0,0,134.6979980238963,95.89962688016483,-18.34683081653297
0,0,191.0499013163075,109.06585782856284,-18.407915993044597
1,120,162.76971799959776,2.8907299994393068,3.3189471862175566
0,0,23.388569473542464,17.458480958786584,-5.381460468096904
0,0,101.14169490849741,77.18025162249138,-22.88736792677399
1,360,49.37333042424696,1.5917759239225961,33.78311393270626
0,0,145.51394212983095,126.53049268007676,-59.12906013886348
0,0,13.742021760668129,10.156628712321304,-3.7653262227364763
0,0,13.708375720070356,9.533069470740491,-2.2783484894905257
0,0,45.226668948736105,30.648169396632877,-7.963021114452246
0,0,62.27612141090209,42.218172429116905,-9.123518730024287
0,0,63.2046392517518,36.37960189658107,-8.836628234995459
0,0,42.81687228971067,30.173784290502667,-6.986391045927846
0,0,104.53861490421583,77.43562126437702,-21.252336079437946
1,360,56.73882310752409,1.7755463341638533,32.136162315716945
0,0,153.9525305259732,125.30667952967511,-54.69060192918175
0,0,26.111024375465036,19.353200849140734,-6.863121559412292
0,0,22.5482080646106,16.626851672512164,-8.159899237876573
0,0,137.74545439285464,104.44674143908014,-22.95972338496616
0,0,85.62219188051051,65.22410590994944,-15.160176365742686
0,0,22.1413339220028,15.592724375824494,-4.846815291780359
0,0,34.728817487032195,20.745762811172842,-4.28485831353386
0,0,100.95293219153886,68.86240338026664,-20.018159049421655
1,360,59.45733273703059,2.080063643018312,33.793239283665656
0,0,153.44880049707996,122.79633086068935,-56.33523454103769
0,0,15.917495711581614,11.954280384251879,-5.442724670139469
0,0,24.389440595476557,16.699869976603793,-6.757750462606637
0,0,171.18036224815177,109.83574812969597,-23.669746967456064
0,0,122.70525967951349,91.58344882168079,-20.22748985570763
0,0,14.550384362965318,10.993290440175862,-2.753174158165379
0,0,14.152243685694225,10.834583969974082,-2.03445742896362
0,0,29.77636445464535,18.437154186875222,-2.620861800644974
1,360,88.56029103399922,3.811883244449051,32.256509106355225
0,0,175.6702072709384,134.32517550898467,-60.90950755540042
0,0,19.287308045708684,14.58185169300069,-6.6969400694680985
0,0,20.810832164373238,15.751250512173458,-7.601189699493688
0,0,151.5701448696149,115.05996349143571,-25.299878511305593
0,0,132.45340643004022,107.3816974353861,-24.992096153154144
0,0,14.349488002975033,10.996767502275462,-3.615294501037141
0,0,11.560266811054957,9.716085789616752,-1.8727016166797057
0,240,23.095396758295834,30.617360484965907,-74.00977416182529
1,360,78.63652266960347,3.101703877042168,33.27513939711582
0,0,240.94563287227047,137.4511952223488,-29.108184546450858
0,0,22.72067309286061,16.223418075457325,-3.8289593905257107
0,0,19.205306679983305,12.464402588120539,-2.9347893142306702
0,0,136.20665842984698,93.92169136988562,-18.972620805021847
0,0,81.15188569986653,59.754309653272216,-13.295138344988942
0,0,32.42324514478784,22.73107510311879,-5.347716237206328
0,0,14.994567619464936,10.56656419008508,-3.071839603244399
0,360,24.451336882384506,22.191302069044212,-73.703492508606
1,360,39.374771019575896,1.859377449026015,35.8651558772699
0,360,55.908120813817796,30.999631622621184,-72.02142814324992
0,0,36.461402436702784,22.984539968684057,-3.1396111751675306
0,0,98.96686808521228,55.90748425933825,-11.621790870646592
0,0,170.66341022521547,107.84267584664605,-23.038690297649907
0,0,97.37060277657248,71.95849330949625,-15.548549356509696
0,0,24.209197166670897,16.254458039873217,-3.3636262383753035
0,0,13.412017923527896,8.796331716931832,-16.381488537837704
0,360,23.516020524575502,28.928981970263138,-73.9332847230952
1,360,36.81833009235813,1.3169355972048609,37.11082384834208
0,240,32.59181453825236,26.288094133570475,-74.03725139323387
0,0,84.23255148211659,31.476530131825015,0.38293680551673503
0,0,265.1246595516999,152.5756376658743,-23.513965611844334
0,0,195.06248971317922,140.15930250267846,-25.260584488955764
0,0,80.20139493454481,62.587591169187554,-13.65306866872671
0,0,18.486009613615956,14.099114875311955,-3.7366405039411603
0,240,14.285060196907283,7.658094023982314,-43.37464583963159
0,360,23.465715543624388,29.38064219322213,-73.84671885317287
1,360,36.760029776021405,1.4230342446369117,35.059582621869566
0,0,78.14832370379085,68.4903239230119,-63.405337871048346
0,0,46.62788410721001,34.1067134637232,-11.984504923106549
1,360,84.79417737257883,3.505242081820221,34.03824613122262
0,0,251.88651673281674,118.20942660566584,-20.421690922936676
0,0,89.0933771253062,64.24350113723416,-11.695387017402041
0,0,28.282575115131596,19.89179889545556,-3.828334882859636
0,0,14.817294175555906,9.009007319163363,-32.308503224975
0,360,24.794476307321972,25.858192317040267,-73.621122094195
1,360,36.35029503514734,1.5034641115827116,33.90302773136273
0,0,95.89562242218868,84.49467158875386,-26.628293748133537
0,0,65.21197032513763,50.05388684497326,-12.972105509631781
1,360,57.19126091814682,2.092924229219061,34.41641466672587
0,0,173.95590735363047,116.40703483023685,-47.2411330906412
0,0,25.466976118632832,18.00700582015562,-2.0412437456017045
0,0,27.086534345032042,19.94857024649508,-2.4823709806148173
0,0,15.178317854949844,9.030719937699832,-25.98530481852078
0,360,24.45660030965721,28.434943291892473,-73.84591388881245
1,360,35.22626375957961,1.3687146591236605,34.91514648885831
0,0,62.396325367869814,54.122010053476515,-18.627601136434194
0,0,95.96788745859648,76.90564824811638,-35.57457423396861
1,360,48.6510624537676,1.557399607122339,32.710609447285066
0,0,105.50142315564554,82.86378294278543,-24.409713610842346
0,0,179.55484088674817,93.79376140761164,-17.42529481431025
0,0,29.339134143289066,23.15001036722465,-7.8499435930471435
1,360,30.22886293348323,2.867148178252657,10.119077933873541
0,360,24.060392742332766,43.844761239782265,-74.31422649547957
1,360,33.48321813887106,1.3499517494424018,33.81269061577186
0,0,36.317559936992325,32.092488583281295,-10.957264753322924
0,0,37.209173118717935,28.68266283361569,-5.964130283935106
1,360,44.20622589290567,1.4435207162493293,33.478146022436604
0,0,87.64460543987096,75.1183707037265,-25.980004830127974
0,0,157.23695326647982,119.31801769498412,-23.830936559456063
0,0,243.2083146248284,132.37353492861914,-22.363759882609322
1,360,56.123768742245446,2.920708213075289,28.72411888485351
0,360,27.05968222531666,50.25689204434755,-74.38383381093979
1,360,40.5744647516003,1.3825598611164918,32.1638238419399
0,0,81.70951851871287,69.3107922344269,-25.608181292512114
0,0,82.75563709857076,65.41259423417208,-22.121971331224884
1,360,42.36016196599617,1.308770735468444,33.43870211824692
0,0,41.31782687664726,35.11732128120068,-14.863164683138912
0,0,113.84423666279062,89.34303175319553,-19.851994213015217
0,0,120.13357448441403,91.55399241390994,-19.77671189556135
0,0,211.78294395983198,121.18626513928822,-20.50457141699453
0,360,36.07700127173437,42.02223969803273,-73.80382942309423
1,360,43.195140449655774,1.4074703236630708,30.08583703382135
0,0,25.835713853505734,23.076528548776956,-22.710224245597843
0,0,50.32361528532329,39.24523925049456,-11.350483923578722
1,360,39.83953734689117,1.2424744461834298,34.4472570186614
0,0,28.056929800218096,23.131834687262348,-8.815769678948357
0,0,81.88847136912334,64.56838947938022,-15.805467646951058
0,0,132.14366761519375,103.03701535729138,-22.93589633581294
0,0,182.85061777564326,126.9128004480459,-24.246105092482395
0,0,282.5519242429819,139.41371218821226,-23.237008952090648
1,360,65.33104180875573,2.6066608588642697,30.725757549101417
0,0,60.961959625888596,49.9181687144308,-17.905953384586297
0,0,62.58238926846918,49.02935387279867,-14.300916267981577
1,360,41.48832294555076,1.3344713033183992,35.088126785593914
0,0,40.53153371643711,34.18427956216552,-14.759846134862443
0,0,119.95504079621739,93.93470921988576,-21.382545927815876
0,0,121.68661460896865,96.67035122536723,-22.684656901748475
0,0,141.27440313220444,109.5961858770962,-24.07308316190238
0,0,94.90915724370862,66.6592027106562,-15.890209173853833
0,0,264.88584004194314,138.7749020563445,-22.90119036311659
0,0,45.07634414215749,32.08643331062972,-6.24008773142306
0,0,57.798891700006955,42.35323121401001,-9.411233575172332
1,360,43.749611167590814,1.4549190837196797,34.506776762623375
0,0,39.47838130048234,32.69342860605777,-14.816289137722862
0,0,87.70832545009519,66.4918190826459,-16.045049604582005
0,0,148.14216274773523,110.99868733390655,-24.503389760754523
0,0,174.3505816696991,112.14433702997843,-24.623611649859598
0,0,101.03177881007599,45.66992298184569,-27.24806764610583
0,240,45.451637721129046,23.311123167274935,-73.6848156961115
1,360,82.18931953280291,3.4729475291548595,33.62343148587374
0,0,97.91785949219593,67.54601133817576,-19.98648402059802
1,360,50.628096188189346,1.8240561405712572,34.66695881558876
0,0,73.95114950465273,62.97062590800085,-22.436623273703233
0,0,155.41577433836994,127.25771148328738,-28.679439216763917
0,0,186.1711620037692,135.189966500162,-30.89478440434481
0,0,269.2846900957148,164.85904423781338,-73.4502966091189
1,360,62.86862558444933,1.2255226237505654,13.238593647175662
0,360,28.25238992044401,54.246581297741805,-74.43267087964006
1,360,59.22780465634693,2.1486512640992093,31.198876230155648
0,0,319.32674603291747,192.82059707748257,-72.90974489133886
1,360,63.354368406763406,2.639624443079286,33.36008909324062
0,0,45.57067978985494,38.031781208047555,-16.175330230495426
0,0,132.7926483817614,111.39022594096669,-25.33998439362133
0,0,192.6758977272366,155.27529179685325,-35.92709215793368
0,0,159.9633313796493,121.05000037175442,-38.89097639746392
1,360,48.19091058766591,1.3746895388027645,25.07509561163448
0,240,25.441131458975235,51.34235531704222,-74.43539957156032
1,360,50.2466438661638,1.642792969648883,31.30221143196988
0,0,279.05719973070467,168.05284693810458,-74.2670000222922
1,120,608.4122178862748,9.063677358160112,7.253553651751076
0,0,226.96773492949617,149.51649927017317,-25.06565066606518
0,0,205.4277535483,157.51542145826056,-29.435443217015163
0,0,218.59743320559193,168.06427559602676,-35.73896546860338
0,0,163.76226470703978,126.68587283600903,-39.68467359874761
1,360,39.61810939214658,1.824182585596962,25.01150407768965
0,240,24.878941170268945,52.33840117590484,-74.42815094035392
1,360,47.95445162300807,1.5435926204088644,31.825007616168648
0,0,254.15931720829084,163.06687513766587,-74.35958808143877
1,120,235.435061675316,2.446152282885282,3.592489870730006
0,0,34.49886289041167,22.788185988990566,-3.8906524211656546
0,0,238.59039716141106,140.42558797809235,-25.861752221863284
0,0,232.664811250433,164.22633164434396,-32.68516877869521
0,0,167.08936845612592,128.97459119988437,-36.26349778411385
1,360,39.45312493866871,1.935923710220627,19.21166807571811
0,360,24.12053332786264,52.001064162481605,-74.42004648969667
1,360,44.24616763964923,1.517667339672002,32.61854869053582
0,0,226.97401500898047,158.49159114528317,-74.32302841060994
1,120,164.75229644119887,1.5974788059106124,2.0439440083773235
0,0,20.826615092468305,15.520094916603,-5.579308660095876
1,360,80.2268241088501,3.4081439251593624,34.462728155242445
0,0,177.15182068351288,115.69745493200476,-20.118758907658453
0,0,181.9522575530197,134.97896462150192,-41.97595267344731
1,360,44.99564070855035,1.9350717032089844,14.968887893895726
0,240,24.103112357958285,50.39033345999822,-74.41451557983639
1,360,45.90558304497693,1.517005880735307,32.35628045108835
0,0,249.72784603907147,160.5033392529653,-74.33228163010835
1,120,658.8724653458585,6.595435939377698,9.266175324153139
0,0,97.37401490406747,75.46710819790742,-67.26155717518148
1,360,55.788747827554666,1.5012564307439453,24.957546615340235
0,0,79.74447135286186,52.95328889511003,-18.282448239544443
0,0,205.3433033927991,139.4051463302035,-54.58210621235347
1,360,46.85962198167005,2.019363338603483,31.68846526005666
0,240,24.136647173494936,50.00969378016763,-74.37951090056966
1,360,47.80719699580263,1.5973196049311735,31.74965035779485
0,0,270.6566006678363,168.91254349793988,-74.34865290341602
1,120,558.6278069898357,4.992561734786702,9.528277028222973
0,0,25.695456293781927,18.26024949497954,-11.145133312817904
1,360,47.42261934148103,1.1064035727628532,22.132798520428437
0,0,32.082127993689,25.40116997967646,-10.87647844163866
0,0,58.793857782332275,33.91493122897023,-6.5456676592054635
1,360,60.45265547492381,2.887973568321855,28.706316252985758
0,360,27.98532659888476,53.19003343125954,-74.38435125782551
1,360,49.992995573877664,1.65202504149083,31.974073432677784
0,0,280.47955684294595,170.44092925488133,-74.37189818464657
1,120,635.6318178498882,5.824547109977522,9.980520499692332
0,0,53.09207507864377,41.16469587356541,-46.60281339667851
1,360,41.72791091936618,1.1434030074710098,29.67844986631438
0,0,32.820581508600384,27.164581465732784,-14.639936499590412
0,0,56.12629474611296,39.228068086446775,-7.674461102262782
0,0,55.05789070855345,30.967802697599225,-10.586686067654782
0,360,40.06408695707028,53.71731271059374,-73.94317744494897
1,360,57.65152676695577,1.9851749282690014,31.644175176378184
0,0,276.615675433582,166.24975636899592,-74.33176649259994
1,120,712.7168961528388,7.171240522559773,9.940019095854737
0,0,70.79211509586375,54.767740496946075,-64.02496813225744
1,360,55.25327177625658,1.1549232411778332,19.98992120241961
0,0,111.09553264644272,93.51343243340975,-56.9211622052006
0,0,35.061389611947476,24.872363498026235,-7.505169564141482
0,0,38.7212015298253,26.591224069287744,-8.597475105961891
0,0,229.24694785146949,118.43375064770268,-19.293671869385307
1,360,89.583679255911,3.3859846985655295,30.584910253477915
0,0,301.4399913106082,169.9110182283826,-74.30463236635363
1,120,516.8437173032326,5.043873055774761,8.311652827008004
0,0,24.819727153843317,19.228387281260716,-17.028690812504287
1,360,37.12066738495524,1.1547267935090677,33.970382964841804
0,0,17.5854451125083,16.019095593642543,-12.397387758075027
0,0,12.026159177212188,9.564709608760284,-2.2908136625055135
0,0,11.938431099661981,9.640182143880073,0.4309989154983498
0,0,39.230968965342214,29.262061414130056,-7.229108032042518
0,0,152.35572839555076,86.62440311964063,-14.369861914316942
0,0,481.65971171315715,197.28699323536205,-72.81908472313657
1,120,671.8088407856809,9.039007546209112,9.062102872415565
0,0,20.987878562083115,15.874298780697396,-5.929944734293812
1,360,36.56793582252141,1.2193625672684971,34.677084166548156
0,0,14.040380689095441,12.308250377880906,-3.7296210377744075
0,0,25.441754687003684,19.195088917109956,-4.195512083439851
0,0,11.284745788773359,9.051642186772007,-2.477258344521829
0,0,12.544868739957334,9.29066062009687,-0.8276338347216807
0,0,18.665848587653894,13.580683225631526,-3.28342280051271
0,0,29.950533708212095,18.729975506959274,-3.0112540328656507
1,120,444.5606495665214,6.8743187206115035,9.613734657249523
0,0,25.86826878544603,17.574211617689237,-6.96311772690521
1,360,38.779932038960425,1.1893211311196625,33.020756607798745
0,0,13.615539562646864,11.405799197487822,-3.0617059255161223
0,0,17.29166939197161,12.13687545451883,-3.296803918104615
0,0,24.286510533952196,16.221382275322025,-6.010556183831582
0,0,84.76922619027175,59.20394200534472,-12.4779492469995
0,0,21.616029908112985,15.675146808568812,-5.956269814111366
0,0,40.66051801872598,29.587775347196033,-7.577966341084348
0,0,31.293514733856718,19.55178082482992,-4.112211087553504
0,0,37.919263323827266,25.359526948258303,-4.680329874771999
1,360,44.17684041559973,1.5504130791839585,35.15593166459257
0,0,23.472793502059567,18.12050202991323,-5.02671513345615
0,0,31.26318798000043,22.038254982332752,-5.338760797274716
0,0,25.434678566999267,16.150329328454443,-5.94108178767226
0,0,63.29591366224264,45.08547787116894,-11.325936608917289
0,0,68.222761030971,48.050022707918906,-11.482783790945803
0,0,35.95501771378866,25.02233082065758,-7.556495767524481
0,0,30.440102304942688,20.84535499910672,-5.705363450802139
0,0,40.32851948420856,23.88930167656634,-5.798677386267997
1,360,66.60171367565427,2.49540596643555,30.883649740624506
0,0,33.33612897043423,25.515005724266327,-7.504261946333443
0,0,29.233913397034776,21.426525923268287,-5.036957059179883
0,0,14.800669246171667,10.382277785518871,-3.735866114435211
0,0,41.03681905775533,25.708224994408923,-7.023103769924532
0,0,101.11980287497894,68.67355438833837,-14.770999841778654
0,0,37.53450182642943,25.35649226764139,-6.285410334442787
0,0,16.851946168501534,11.744428838332606,-3.5798141388348483
0,0,21.640981090420063,16.025548164313605,-5.900696958599013
0,0,225.2926156485962,127.30889248488963,-21.46134214173756
0,0,29.83148428576315,19.96799981027774,-2.9644992255983738
0,0,14.259352500341485,10.33976196643025,-0.15802838838055777
0,0,20.36526089264802,10.236390516307479,-0.32284012484382174
0,0,60.65923258596986,39.11738536656473,-8.225093674831001
0,0,31.382763193647417,20.707888475506884,-5.380065734309326
0,0,25.74659959916069,17.41434143059351,-6.370314233338746
0,0,70.54785383105036,51.12621392357689,-11.522410884050878
0,0,22.797705180235265,17.05186897757587,-7.08345202739018
0,0,181.31267484450933,125.98369789660818,-40.40112752850593
1,360,92.15127578099491,4.15165723038719,33.139612906807315
0,0,29.671049948422176,19.942331822274237,-3.2755456771512144
0,0,21.49607781615971,15.396425341601782,-3.470983269559099
0,0,71.74999635285026,47.81711590157462,-10.269307108367883
0,0,51.22892109936714,35.02133295260666,-9.198105762276583
0,0,36.5789186078959,25.180038410377747,-6.639943336477089
0,0,27.174111671259734,16.831038903937333,-5.300678319797086
0,0,31.202858036102036,19.855647593398928,-7.143612932555996
0,0,206.96168134664887,148.20765870816894,-67.6451917140321
1,360,50.48304032417572,1.7118314253618192,32.83620210231844
0,0,38.66033476414429,27.585911788821345,-5.272629598821169
0,0,33.17010396514485,22.002877143441708,-3.4982784179512834
0,0,66.20572304315978,44.94441735023682,-8.530727726611133
0,0,67.54345351054704,46.01956778072359,-10.483388336300521
0,0,44.83247262466571,27.859269732525334,-6.947592466326441
0,0,18.74376863708678,11.955882256053844,-2.8334358834101323
0,0,17.782260156206092,12.769820509595407,-4.175636086120704
0,0,173.92062419043882,134.40128766573866,-64.49486747629302
1,360,41.49983519898481,1.3852264775220915,33.94501962683003
0,0,20.126115980646336,15.937814336060574,-4.717925236270091
1,360,79.47922256246508,3.2431895209437234,34.110214394661824
0,0,57.5352791129887,38.93496358585948,-7.463939568026802
0,0,67.0864416841875,49.86588880341297,-10.372450794497851
0,0,25.448354653440642,17.82780468935299,-5.60618330665956
0,0,15.573280804648155,10.927836295894913,-3.816294375057595
0,0,20.712726145169373,14.773228176584825,-6.167832194457461
0,0,147.87767874453561,113.84680130921598,-36.62880146169583
1,360,48.51388610400155,1.440460235916169,30.134756800997707
0,0,91.99594308901955,83.5777246660825,-72.95390174671525
1,360,46.50042937931545,1.5994341250198036,31.63379169558347
0,360,48.34865897766304,60.08023491507196,-74.05567485727988
0,0,43.81183469517446,29.440287615040898,-6.274810357657174
0,0,33.22219406236624,24.293026907273777,-5.407773057761133
0,0,14.936290283512742,10.746280258568992,-2.5428566297669875
0,0,19.966523644594535,14.583783237627332,-6.032763676437426
0,0,160.499638401652,125.62040407924529,-48.210525115315725
1,360,43.03378505850284,1.3826439523418037,32.988940023904135
0,0,60.06046304038441,55.256433967210626,-65.23516406789622
1,360,39.433733170987075,1.3669028674461536,33.52296901932348
0,360,27.86920763507106,50.04498849642339,-74.36100046082056
1,360,66.01463654971758,4.016986233720551,32.407065414494085
0,0,56.53575739923419,36.78476134496169,-7.694849195868102
0,0,15.620390592934246,12.14191212267364,-2.608163478101318
0,0,22.87342462804558,17.48408413931173,-7.201263316904175
0,0,153.69182633642103,117.89573586869307,-38.389334369607546
1,360,44.51516682880127,1.3685897990634592,32.07317863590043
0,0,71.76815269505957,66.86139077225994,-70.31299712928477
1,360,37.725448599133685,1.2115600462568539,34.754889494973
0,360,21.317071651257134,27.855524987362962,-74.17600421374583
0,360,22.1889272175794,12.02727755547013,-61.59230884872584
1,360,69.1956659441477,4.782296688978355,14.298199967600056
0,0,36.00864106226588,25.371860093161022,-4.764267868477745
0,0,29.835953510946506,22.734297161879645,-7.3276886488256565
0,0,181.90719393817216,136.28766993311655,-58.82797042120019
1,360,42.976260559947846,1.3828120467387885,32.78679105577808
0,0,36.67033641598621,31.411480329854676,-45.90486779245062
1,360,40.110349228774915,1.1078100535397204,29.754273423745516
0,240,19.853616419322716,29.20099022778746,-74.26348144201688
0,360,20.38426107457726,3.073974377240759,3.9494501258931223
0,240,28.954596934444236,42.89019216706724,-74.33432617713306
1,360,80.89668944887846,3.1279766174388013,32.03132829550411
0,0,40.42192279752225,32.998694370844326,-7.565438717302769
0,0,197.7987218152351,142.93415585028154,-60.88263603137506
1,360,47.696255053015804,1.598821976120988,32.94733115980536
0,0,70.53973532080367,63.66751481134104,-68.28026500897727
1,360,38.04797186150177,1.1474805073354302,33.94593557140695
0,240,19.768767324346403,26.265831355897095,-74.2721693194453
0,360,19.75247882779168,2.952807638876471,-7.931928959450289
0,360,21.834461220714886,10.475013764900197,-69.54062556374012
0,360,25.31979135179636,22.397274323840612,-72.48287451581356
1,360,74.89575729153482,3.651901757553537,34.965898145188504
0,0,226.70304502205116,150.68472451044443,-62.50483320532702
1,360,45.4171597906113,1.6135790616000294,32.538062142531274
0,0,17.01237499055022,14.39833241173806,-8.332767123232287
1,360,36.06962916437721,1.2447074864702483,34.7300174363252
0,240,18.78614998145202,32.90409799417673,-74.32544037631152
0,360,21.95308412722696,2.160468238569699,21.099937781650084
0,240,20.98583974236763,16.00113124241401,-73.51236050623845
0,360,22.19637470059782,2.883287353650543,7.570836853195857
0,360,28.722789199615228,39.908270472968624,-74.2081295711443
1,360,74.68356561294046,3.7329114577126132,34.50697660507652
1,360,68.9594055300122,2.8560951571547393,30.986118958475103
0,0,97.44603726761463,85.34787612988781,-73.36821041074884
1,360,42.240344079488544,1.2165665120134643,27.742317892853947
0,120,19.95782051336541,27.60658255670034,-74.2755403597845
0,240,31.32865817631045,1.8623971605242862,0.515965265160915
0,120,26.442807813583254,21.245938475972135,-74.14939098218798
1,240,33.84693695776265,1.679956008018432,7.982512306676568
0,240,28.393399398349633,25.40807056726311,-74.21591090413723
1,360,48.66211877637258,1.4305822025780035,26.90213025921497
0,360,60.150663807310025,26.30996524865727,-72.87461568459298
0,0,53.766746076685,38.79695183412652,-18.756603603324365
1,360,41.90343693483556,1.8102642990837028,14.397888044644375
0,360,23.429114225576082,13.695429092634821,-72.51541813071611
0,360,17.851087327088226,4.748129059302694,-25.19952012936635
0,360,20.32837094097002,9.897377666025463,-67.84288690165286
0,360,20.844359626186836,4.5334842254869985,-24.974347645284112
0,360,24.51959965502259,12.75406383920564,-70.15058948712439
1,360,29.655195321527376,1.7675774798280066,31.014046941302254
0,0,28.0731557901269,23.277366924201008,-10.972402819148726
0,0,57.341001103743,34.59802459257003,-6.699275728139241
0,360,42.619649114383634,7.771408491028884,-46.3442464059987
0,360,29.388293781875216,3.1192910064809234,2.0193883669470125
0,360,20.39540380342807,11.96074422578874,-71.64500848942323
0,240,16.863009844829563,14.065258603304047,-71.83611147820547
1,360,32.7117537611903,1.7896202995109887,11.047978963171587
0,240,24.06433801474884,44.9569618238733,-74.42066698034729
1,360,39.0182367881037,1.18043238041645,31.895443754133723
0,0,38.05038755952355,33.50825584913939,-33.27283049247761
0,0,117.83369024694848,86.47497961628417,-29.3806697313154
1,360,89.66308475739989,3.561715107130571,33.986603510622146
0,360,44.67732745262812,6.26893797670944,-26.593537814823897
0,360,28.18452057198908,4.254894838978575,-22.36661596433553
0,360,20.110029711475477,19.286747824378175,-73.34108466006107
0,360,22.690515474634463,2.5243018247400824,18.502227367049883
0,240,23.593028712350247,46.547968511204985,-74.4166265458535
1,360,41.337512793250866,1.3202325015589247,32.02782272580518
0,0,111.43336268333843,97.99732661044523,-40.40066331114081
0,0,115.45851859290178,90.53793513281768,-36.4653594787135
1,360,46.928011606030736,1.6222134253399683,33.43617910727595
0,0,29.726872060091207,23.73811991814494,-6.054829613972288
1,360,54.6589218182239,2.7846033509500314,29.281929132197234
0,360,25.987812745770057,20.182770384690027,-73.48647420810921
0,360,23.47565961561812,2.6243746094360083,17.48259786402356
0,360,23.331377730955456,46.610397836876594,-74.40468233257987
1,360,40.37290287967404,1.263674944755067,31.763830845199337
0,0,91.07484515472683,77.8531223108097,-29.743242228704382
0,0,110.94150156344713,87.70309823742181,-34.635019103887224
1,360,41.05966707527024,1.245682768576589,31.389217840008314
0,0,14.395970886371153,12.3629901553598,-0.6330455727396611
0,0,32.74283059479764,20.65755278883972,-2.9509349190910825
0,360,37.86813288746384,18.949136083601044,-70.24636164089085
1,360,32.32903659880023,2.2361580900707145,26.493810493593315
0,360,24.322142998988728,50.05387557410746,-74.39183326624568
1,360,45.64834613584262,1.3857833287355712,29.73344817477394
0,0,142.03018937234359,116.08817076586142,-53.23292193224389
0,0,127.82988542965913,99.46164876617392,-57.50406204802914
1,360,38.748877266522236,1.2340681413686825,33.1837281283393
0,0,12.550884085411854,11.420194206403007,-2.989279689788475
0,0,14.324267490561267,10.983039587729873,-1.9645791845135676
0,0,33.16231269557387,19.866140769459637,-3.326913514378603
1,360,58.680989164106464,2.747388537040709,26.269745469772275
0,360,27.11418985899059,50.553129845627524,-74.38064044628423
1,360,40.0904831459566,1.4270418299119108,32.37893758921379
0,0,77.7360078061264,68.0622226272934,-28.7071132331402
0,0,105.16090165611371,82.65294449167945,-36.16882242193595
1,360,39.95572249421232,1.2216295962599968,32.489600347643375
0,0,16.001480744099606,13.714254256238902,-4.66068702698152
0,0,12.826157838755911,9.906793769973065,-2.668199481733936
0,0,19.954662089315633,11.757323413238037,-2.4421360333814164
1,120,277.21223886225255,3.7151668883672007,4.716603669676147
0,360,36.295186234614114,45.96337969698927,-73.91259862223795
1,360,45.007233852937944,1.642039758820277,32.26094727416884
0,0,85.31851253345687,73.66193815405848,-31.209582065278575
0,0,107.90155334572236,85.39579421584065,-33.73088604862596
1,360,39.855369912616815,1.1723351438748388,31.251867787314865
0,0,12.871547775063792,10.995230437951854,-3.130534997087153
0,0,12.969852344789995,9.50230141596205,-2.578162129822786
0,0,38.40939631880191,23.94052776163178,-10.883722730565204
1,120,274.08467103439256,2.2449879328893894,6.047554407628368
0,120,127.22192373026175,49.82234944882379,-74.05542450126396
1,360,75.14883567028461,3.0196794467464474,29.650605151176038
0,0,129.25343384503446,105.67674229480654,-37.12222496866658
0,0,115.9452173992123,91.10606566524751,-38.3231323936185
1,360,38.565409230159354,1.2583999153992926,34.28229540035828
0,0,11.568385321301644,10.809492204984657,-4.091385838581914
0,0,14.753457424978263,11.470262210007396,-3.797392609697539
0,0,18.557419779719243,11.779198050470395,-5.516574783345803
1,120,315.0965315561178,2.4768692665530625,6.216246418390227
0,120,54.5313567844836,37.247224692790915,-74.34744862820338
1,240,94.90009010318855,2.937154871780808,9.376779795200562
0,0,219.4655107966975,144.83878564939118,-25.9120334157517
0,0,135.94090958628283,101.46120179705942,-26.492575742140772
1,360,41.32382383779416,1.3539831972535887,33.753470635489606
0,0,11.41390198433851,10.58624171291536,-3.0816318834485656
0,0,15.096712671053758,11.379812807525445,-3.2456109430237206
0,0,25.07574518338216,14.660460346529602,-3.1298605288077823
1,120,568.860130219667,4.817607254889147,12.997375479459578
0,120,36.512393152328265,20.258134437726483,-74.15380973171635
0,0,17.99769114980378,9.675700164164514,4.520608183753225
0,0,60.464517030202714,37.223482613981155,-6.473757683148435
0,0,153.19309683920147,104.86289561704962,-38.643134285102946
1,360,44.38014511988873,1.6086864491987367,34.46840701161935
0,0,13.100995884009283,11.49293848756985,-3.4966297177128354
0,0,12.27514061300801,9.337215635716918,-2.753890260289154
0,0,34.52709383319884,21.601863964817632,-7.900191479860041
1,120,267.20941062135125,2.0737070508138395,7.555265795388223
0,120,46.37118769671984,24.24344355089883,-74.22964808867812
0,0,13.995660860800449,8.428573227853535,1.9942165446194906
0,0,16.874915522446763,12.047225579079635,-2.1585512655983905
0,0,59.70990738575149,32.9383952388091,-6.769108175360429
1,360,63.093553911365504,2.493047713873974,29.405864760223267
0,0,18.635209300568,14.51890249864401,-2.4859431644648
0,0,52.96321211278522,39.37993454996559,-8.411038750714454
0,0,23.4268750169075,13.455547029217957,-1.995846201662033
1,120,628.8764525374465,5.253517147320386,13.72039714817285
0,120,65.6583118993523,26.112485591241906,-74.17751669324961
0,0,20.365472312185695,9.311155280697722,2.357463510287843
0,0,13.465644948866641,10.49680739278461,-2.333238549954629
0,0,13.702139762924348,10.329135653267267,-0.07894073754802378
0,0,29.115112162738754,18.52913713153522,-2.861871799139024
0,0,68.47447897095664,43.662764934261,-8.530636132153447
0,0,26.832080820071987,19.048206993991627,-4.314926275963458
0,0,29.77351121010213,17.532086756758087,-6.026880814222935
1,120,549.7250368873606,4.78874961186397,12.894431635782752
0,120,70.91775345416508,24.205897479199326,-74.09188130722332
0,0,22.371086291239465,12.16868888210031,1.308340591884729
0,0,14.572639486559357,10.812194395060443,-3.605710390055009
0,0,14.681843193060354,10.732209991474697,-3.9608387560643052
0,0,17.81001310699504,12.761258878161339,-3.8232222467666475
0,0,31.4297902525492,19.238786063820342,-3.9603474767003206
0,0,20.97467311391691,15.114119739310043,-0.5993471390779206
0,0,22.285369456943307,13.220614284745947,-1.3176225495289913
1,120,394.84286340091114,3.1505556837837205,11.671812160973403
0,120,43.85694243236032,18.295118736051315,-74.0701245335096
0,0,13.666480640641765,5.209031744433043,-9.366876877342804
0,0,12.61653352872121,9.345444776609856,-1.67958719278964
0,0,15.850584185553883,10.238908850384885,-1.6943588807846908
0,0,22.02504030726667,14.548029233590183,-3.4421143618483825
0,0,16.81839848394955,11.791982734434265,-2.7853404663530057
0,0,33.05429385769923,19.597078434484043,-3.3636345651441815
0,0,34.88643718687596,18.941419767102047,-2.00607147384801
1,120,372.8168156335867,3.6306889314724295,11.856466587680288
0,120,47.43984911458609,15.739959922357329,-73.88179497676714
0,0,14.606276335003319,7.6043862351533225,0.8088676873218645
0,0,14.354881958831868,10.591747530859138,-2.704778977428532
0,0,13.308222880329835,8.870044588128444,-1.2805517744704105
0,0,19.954323818055354,9.619762857194265,-2.134328694923326
0,0,17.39063763520303,11.598498598945348,-2.178752006903892
0,0,15.147559069864396,10.93865069163095,-0.9746262857794363
0,0,29.108944227530955,18.376709942442808,-0.6176077432341458
0,120,343.31885577987373,54.876938280258834,-71.98539795408995
1,240,84.97858668549205,1.5361147531644725,1.53091512407606
0,0,17.921004687412456,14.816184263868797,-45.34684104911599
0,0,16.29480421066875,11.795447821238954,-4.13126273475342
0,0,19.79825023848276,13.708249702483432,-4.6282376086519434
0,0,15.359890469196708,11.090468549540995,-4.649179432387868
0,0,14.853838502250579,10.718625076038958,-4.248303798145912
0,0,13.339376928029196,9.83661995063796,-3.441140129889291
0,0,20.995998910760566,15.406191546818329,-4.680488083380737
0,0,28.86130025011477,18.658597113841687,-3.180320748227146
1,120,130.00419013860773,2.1294180599316768,4.492163941255441
0,0,33.620732759897386,23.830642455505156,-28.170211502456873
0,0,39.56010690159336,26.167724104532493,-5.181172532815793
0,0,17.898790928510568,11.008154598880012,-3.2352690960734094
0,0,22.62214607301216,14.141999110826447,-2.7400511704087904
0,0,14.265848595440369,9.511792189395585,-2.330782153134706
0,0,25.839421968353463,16.494251345221898,-4.2069780441891
0,0,26.39053755014715,16.588704018350533,-4.530922660738739
0,0,40.71749466491379,26.801614503478127,-6.336707394134706
0,0,33.725424038092115,20.67299387498706,-4.3976194177214865
0,0,38.36819708541689,25.410902372295606,-4.52093053808143
0,0,17.547198398927662,11.971562848099452,-1.502068807013842
0,0,23.29526911235147,15.292924980951414,-3.4459779826092074
0,0,15.97065393707595,9.841484033660194,-1.2028380405032664
0,0,32.16922916634923,18.42107066137723,-3.734234067734519
0,0,16.097137973527975,10.379057135616243,-1.9903005735872341
0,0,14.27221783881665,9.652928788671865,-1.825372262359636
0,0,12.962818508693113,8.947926270813193,-0.5215917712663725
0,0,21.466291560947564,13.565697200690904,-2.0644171433977476
0,0,40.17078580165753,23.47627516385665,-5.34157524515652
0,0,28.986118668296076,19.657315576757362,-3.284738429995926
0,0,24.70091488896272,17.381982774878903,-3.844796904937539
0,0,29.415103617683066,19.53778663607978,-4.973174009550789
0,0,15.275103880866316,9.79315315224738,-1.680353255526697
0,0,22.849232717643368,12.734375045509559,-2.484527613755006
0,0,20.417178177377746,13.21913780132602,-2.975049241770705
0,0,13.567158499488585,9.30243022170954,-1.644781298866718
0,0,16.001837399667508,10.97752109006207,-2.364189149885604
0,0,22.853564060519545,23.214895332782646,-69.60930683516351
1,360,80.51516358962242,3.234602177847048,34.191017359883844
0,0,22.001530454677305,15.68008626550609,-0.8020456739501185
0,0,21.584715916937295,13.54547163201105,-1.028417212751222
0,0,19.61810240807674,11.705802876803546,-2.100222249586409
0,0,18.055513474142288,11.170850251146224,-1.898256470375756
0,0,14.854520560063422,9.579491349258264,-1.67315892721345
0,0,24.081551241977046,15.462869913214991,-3.275087704862756
0,0,32.05844900546949,21.824690390561166,-4.746694222754229
0,120,20.00363420796402,22.075655941635066,-72.54596800489469
1,360,38.675943041316934,2.1452289713631094,29.103802892293118
0,360,59.714893209979074,21.525691227159957,-68.01819661198296
0,0,22.067879420891746,17.169381842133305,-2.147793080204039
0,0,43.5102916046667,31.2663397555026,-6.641338070264666
0,0,35.78325680452064,25.093906453926685,-6.827532949214543
0,0,15.941568123984272,10.907917153879024,-3.6339631168685287
0,0,17.243408746028265,11.66757914429776,-3.8467620223934773
0,0,25.71749907862291,16.89749756413279,-4.700264159473306
0,0,35.28445009320907,33.509391388868835,-73.76484680888998
1,360,38.15915647714924,1.2719872963369265,34.41890437062132
0,240,23.21683614073588,24.338093464178982,-73.89620288904669
0,0,28.61829647194284,18.04963927890604,-3.2378503944265447
0,0,23.19233169710406,15.604582735505346,-0.7066958434928381
0,0,18.259320070029425,11.443023345082885,-0.48422123252808547
0,0,25.778244507873605,17.170375087182016,-4.51493526448705
0,0,40.71660118756327,27.118838656879518,-6.887802102375829
0,0,23.27222622117575,15.684849615165227,-4.081668499297692
0,120,24.051590335842473,27.23643887064691,-74.20141038908032
1,360,38.392780581571486,1.0996781238643158,32.05406870131834
0,240,20.189916881824114,23.891414963904023,-74.13335573954167
0,0,17.954704961717717,12.152946300292797,-2.434558673699641
0,0,34.151620088012564,19.935820079557725,-4.460528156618068
0,0,29.193922012660636,19.776991038690362,-3.1149472857417635
0,0,17.598255298060593,12.639603970422046,-2.2431429106613052
0,0,41.14772790878843,26.785421087038575,-5.37005279472983
0,0,29.30472791157105,21.251590815171326,-6.04681093553981
0,240,20.605440841168928,27.76398583304388,-74.18529174863944
1,360,35.47593001083442,1.1351672625551412,34.49590200246469
0,240,18.783701191676524,22.29505179760043,-74.164540497321
0,0,13.795398759423188,10.169272510462664,-4.612808105915306
0,0,19.971671250729212,13.074674887780226,-3.8677121728982797
1,240,134.57174930658184,2.5096379000111773,7.447142701467371
0,0,25.712682390025464,17.81022072984524,-1.6316666378790075
0,0,46.05211700732352,30.323483930071237,-4.831398279197046
0,0,28.550811355517247,18.21052243506563,-3.7754599004647673
0,120,23.065505712530232,24.447944957708202,-73.977529464915
1,360,42.21355446641908,1.0523383742128758,24.29511051700571
0,240,26.897951794288208,11.97857050891121,-73.55288702048846
0,0,24.76896624206313,16.15669877649022,-2.6608969054252185
0,0,18.79231056293677,11.921083457893328,-3.8494016081287725
1,120,194.85198203716317,1.876675234206786,2.4716568187230052
0,0,58.33029011187408,35.798211190536385,-10.591727926212286
0,0,28.006792116466357,18.92359911941248,-1.6000498964375396
0,0,16.75308639268509,10.777725269724606,-0.448307878343968
0,0,16.29628414743247,19.431009271197777,-69.9510842681181
1,360,38.16631900339949,1.1185077782039898,33.404828822438674
0,120,25.894758734301224,18.641573879907536,-74.13140057517667
0,0,18.196421838355977,11.791974281284913,-3.0775934005412324
0,0,20.73620474443578,13.309242737971928,-4.5300733303128595
1,120,148.14216274773523,1.3747575162121266,0.4948402525096043
0,0,61.86232006118163,45.23715272996913,-11.796494808540587
0,0,29.202235396568135,19.39573709667362,-2.3021547217215357
0,0,27.722252672079886,20.20308189372161,-4.240726438464122
0,240,23.61801666327257,26.741687310014335,-74.07277566613143
1,360,37.09129293823387,1.207652842130395,32.815818172097536
0,120,22.745820987259265,22.326910308645115,-74.04082396740115
0,0,38.41934222922641,25.035441655300566,-5.531421412260769
0,0,22.9094045564962,14.872283589534934,-5.948692454429576
1,120,140.51126316901576,1.2517788981166924,0.6372946145271641
0,0,15.0510478893469,11.75230717352749,-2.975082548846231
0,0,16.978318060677054,12.412293148947947,-2.5109651049524473
0,0,98.64426025502912,56.24768407267493,-10.247316111752937
0,360,36.9967792127397,30.61023729777969,-73.03435212531745
1,360,37.454059449990545,1.5426062435440007,34.195064169560055
0,120,20.411657369798306,20.879381742959872,-74.11747148463422
0,0,15.69109664005554,9.952711981675359,-1.6362879946080113
0,0,51.32099338880886,33.839154380473815,-12.540558222216362
1,120,205.67576521186865,1.732348451586994,3.551505514297318
0,0,14.265368765011386,12.558163511860638,-7.411676603144699
0,0,23.7424526878553,17.113312102489896,-4.870696464931314
0,0,53.444443426008405,39.290240999921416,-8.832348275790594
0,0,33.92033446752007,21.85921305250956,-2.6078970214971235
1,360,58.46082604972639,2.4362682618996594,32.30641143225955
0,0,13.363235163248035,15.468633552213966,-56.71814517141871
0,0,16.783615373925244,12.100643847543363,-4.150647452708583
0,0,31.272990492825464,19.926955543605256,-6.825497054223121
1,120,167.5147077973111,1.4208537723726182,1.6856514701932213
0,0,18.30456752795322,13.602303563954251,-4.230626067811372
0,0,43.46437863480692,31.47022971784227,-8.5774700437251
0,0,161.80780690238012,109.0411182781297,-23.340073533916247
0,0,20.623106322364677,14.761826286968912,-4.106290754879055
0,0,38.15455304652023,22.561930402327082,-4.846457240718479
0,0,33.16097431797885,21.752783675609162,-3.913201311295623
0,0,21.323257970772556,14.593087337346038,-2.730225583129112
0,0,22.93042701226406,14.382010789200022,-5.348224170108068
1,120,148.11733657872,1.3136169436019467,1.5511824795326135
0,0,14.264632473491051,11.396331670215002,-3.8206742554890383
0,0,21.132173315761115,15.506299376862604,-5.933021475395378
0,0,107.45060834087869,80.81141463475656,-17.78743848310185
0,0,15.813685041722072,11.436701798226762,-3.8508754462207264
0,0,36.10573226768891,24.095285202228542,-5.485112087128627
0,0,34.9488519112589,21.375323788792674,-4.392948100379201
0,0,23.596628359782994,16.39758394696337,-1.7162083223286402
0,0,19.779323593784014,12.483512341086094,-3.0837635362821203
1,120,113.79209141264636,1.157450556726424,1.2279040044934675
0,0,19.337570742752266,15.613048564580106,-8.931653321466385
0,0,86.88067862831598,68.51425760654027,-16.25806084271342
0,0,120.92776186631785,93.87447207761244,-21.83654634751914
0,0,15.011762462385514,10.950668956720355,-4.230492839509282
0,0,14.614609022433823,10.44466202772728,-3.622355601048298
0,0,19.56873502681444,13.439185958649615,-3.5782237259785603
0,0,32.750401252677136,19.754316874415245,-3.9698399932247526
0,0,64.5431639212284,35.62426791862991,-12.311184883233622
1,120,155.39163941932136,1.6472696166592085,3.842034807327167
0,0,34.00682160430567,24.03100181913267,-7.427813881236233
0,0,39.062009824556064,28.702891220011995,-8.695485339076683
0,0,105.52557278214022,77.71959636366552,-17.099052009549432
0,0,13.817500374048569,10.064939514601246,-3.6075506059777354
0,0,14.15149912123546,9.550834468530168,-2.334928884037481
0,0,12.42128574724835,8.969283857076933,-2.258822216464381
0,0,15.06237538048933,10.528970217205922,-1.4705353332611821
0,0,31.105204270865716,19.195014247624027,-3.9695235760072762
1,120,162.12191382871802,2.5757355402864492,4.899317959233741
0,0,34.49180331628412,22.343124857958045,-6.070171685635685
0,0,39.99282938072027,28.174513031262205,-8.807563648216046
0,0,163.68937460417277,109.86890701688245,-23.898112767404193
0,0,29.40511358492027,20.752711299939143,-5.6793672783554
0,0,13.396833404645985,9.388059920203348,-2.7172941110567876
0,0,16.468059764146588,11.334019279776077,-3.691342881228067
0,0,15.851258889643677,11.03526596213515,-3.650999685999224
0,0,23.074159206128773,15.374859948749839,-4.055780574846409
0,0,39.80063615195912,23.49093574254727,-5.601528642855044
0,0,33.43611754273878,23.43914329647533,-4.295191833715293
0,0,145.8383001460999,97.56257550390416,-16.990533394106727
0,0,128.56346342618866,81.62434837238362,-16.934323540774976
0,0,13.690756199643667,9.763974289546876,-1.7907745376587343
0,0,13.38136760585743,8.772155709788736,-0.84448721493699
0,0,22.05519792549282,13.31894131799367,-3.139994206536059
0,0,23.23018682493231,14.408687519692709,-3.301566829904587
0,0,15.351287532444132,10.216352325771568,-1.2324147235688656
0,0,14.756530361997589,10.42099391397434,0.4062933922281786
0,0,31.622924757860698,19.037015024251257,-1.9358268515671995
0,0,138.24547814533094,91.54036030172365,-16.282674771525897
0,0,136.40073788857032,98.71552872101506,-18.838047729750237
0,0,16.856034838517076,11.735798172845508,-3.211129793087153
0,0,15.494971007893643,9.930592907540941,-1.9247522489553575
0,0,19.3970825849614,12.44064923844498,-2.7242552898413805
0,0,17.910532985789917,7.343507253178352,-3.510535421744237
0,0,18.458786130886573,12.720865503988863,-3.007390412104826
0,0,19.442313497008335,13.07248129552371,-3.7061562030675077
0,0,21.249720740277194,14.218495885875901,-3.899553737099538
0,0,42.15050732185389,24.155984449999703,-5.632179479106313
0,0,166.51974906870882,105.71584092827013,-17.904079861588052
0,0,20.682754208450227,14.475446266690119,-2.3962222297711264
0,0,23.212668418197552,13.242851702971274,-2.206330265438041
0,0,17.744487757762148,11.623989070812481,-2.8904742502455463
0,0,23.81811514431198,14.779263725221249,-4.443375012723038
0,0,56.77113168974223,38.084433057636815,-7.993472108250373
0,0,16.63241915116525,11.025503279064166,-2.375430287875062
0,0,16.35798188381808,11.144060107566414,-1.9115043596655568
0,120,22.750551269610877,28.584727462954554,-73.75424605146978
1,360,75.27480494612317,3.3423491894024915,34.283519435383795
0,0,23.27575968510105,17.708650504963288,-2.3925417979256878
0,0,21.17479549455623,15.329359463511295,-2.429845722512937
0,0,14.507438620356025,9.62587800632041,-1.192129815722197
0,0,17.669222402350144,11.405669582531111,-2.8321119271580386
0,0,29.825783311968998,18.620998914387854,-5.930523444731051
0,0,105.25726484295483,72.51516137140649,-14.220433883361473
0,0,26.70194749855663,19.044921536610644,-4.728225449375984
0,240,22.983201005729057,28.567550663473867,-74.09320005924485
1,360,39.73063606225058,1.5595386061226306,34.93169177862502
0,0,27.949763994217204,22.18605266329741,-2.9736753249053294
0,0,35.849469726858665,23.982844227281547,-3.8113732546488706
0,0,16.370154133895824,10.697409080026844,0.039024597190262966
0,0,14.07244292159142,9.658640299916511,-1.5437526120325487
0,0,23.100891827844602,13.342570688145416,-3.361111554173206
0,0,22.300652331871007,15.696367031155601,-4.457996818878215
0,0,27.82192319586254,21.00241310518511,-6.588213284803359
0,360,22.347157276436274,29.486067054208018,-74.12358086098342
1,360,37.578841099556605,1.2077158885359691,32.27401197454326
0,0,17.561227464075415,14.932181196976,-2.756371637415711
0,0,42.452454867129376,26.03477860697707,-4.38471292595581
0,0,23.56443192184136,16.70562375359519,-1.696290691165089
0,0,16.484256339163192,11.557181718206303,-1.2705263447375899
0,0,15.785332762504584,11.004447188460603,-3.020088734648482
0,0,15.932739979463303,11.05270762696216,-3.288826873516541
0,0,18.628758247022795,13.681041832439874,-4.681462315339829
0,240,21.94761847257039,31.233859937980633,-74.20716077110085
1,360,37.80639102873993,1.2399213309185912,34.0993979218853
0,0,53.69981616634965,44.95468229126506,-15.379345249461657
0,0,22.502102059520766,16.574233635520304,-4.359657678392637
0,0,39.07832773600298,23.977842780582364,-5.746043880170674
0,0,21.66431445365624,15.325334355562122,-1.1819045435362199
0,0,24.429305128128096,17.188632480921374,-4.387477413224332
0,0,87.14255941355606,62.0919210329922,-12.108003395766325
0,0,25.028061804698204,18.266631622739343,-5.175160605683658
0,360,21.899556377149384,32.00002521796653,-74.17577073895274
1,360,39.47811288959103,1.0909645999028528,30.10545490130518
0,0,24.942403800186444,20.180187947563375,-6.954557808495466
0,0,49.2601860414068,34.47891126506885,-7.120460351682155
0,0,17.598047555384444,12.572119661438698,-3.1750165964498933
0,0,30.650723963665985,18.93816953117669,-3.7200452535611532
0,0,38.4198606667014,23.973886706686223,-4.34792526103918
0,0,18.602624953735504,12.348442285327188,-1.2739986073609941
0,0,38.966400394327515,26.609944977383165,-4.994677890186182
0,240,23.33617051995299,25.83329497448591,-74.18595073433292
1,360,37.71275607315019,1.0253497577306026,30.013510719320266
0,0,15.027504945003809,12.687454431180093,-4.448829046340137
0,0,15.174576648348392,10.325476144027512,-1.9495327131454587
0,0,14.72378974855029,10.182682727478488,-2.389394279288638
0,0,38.870695365699326,26.865269535805595,-6.025531877664207
0,0,33.08039957452508,20.562964865321476,-4.846590469020569
0,0,42.83040681698334,29.061020163121583,-4.3929147933036745
0,0,28.261685026378625,20.065668906734327,-4.108980301227646
0,240,23.833056071117877,27.45663214036769,-74.15425192868095
1,360,36.74129984341423,1.117293958789408,32.710742675587156
0,0,18.471223114994103,15.153298677692463,-6.3720919984948665
0,0,20.794117151881643,12.406567549121052,-2.546203990857194
0,0,32.36909232825106,22.0867112521276,-6.155491922975699
0,0,20.76158979640278,14.40755479767971,-4.6955761885932645
0,0,20.486492532411916,14.304610936028263,-4.116599294753826
0,0,29.711725229039924,18.452426210035547,-3.107461520517674
0,0,38.58834916921238,25.481959545737862,-12.746512523721059
0,360,25.993502688979635,33.80428513940204,-74.01701227072806
1,360,36.31961530258467,1.2439670434193075,34.77840429029317
0,0,19.510203068201655,16.633243662279543,-6.85476148345569
0,0,17.387113363431542,12.542628032212217,-3.2724647726652023
0,0,14.421621591583317,9.602783297865095,-2.173039843451477
0,0,30.507802517767484,22.18005374497484,-6.0306861476016
0,0,16.093461112003208,11.537695095665528,-4.472227266895985
0,0,36.03994953814928,25.585124598130655,-7.938840177621586
0,0,158.4330363204869,91.67433708349986,-15.832467195047968
0,360,38.81691023531502,45.66597817881535,-73.70971845971954
1,360,43.997229406976324,1.5667074050938863,32.71974391274762
0,0,32.26004396914948,25.809651515751913,-8.949980539773648
0,0,15.238093511973382,10.871024792395978,-2.847608044045728
0,0,15.80634234925711,10.546296355658473,-3.2972618903930737
0,0,17.848024501438093,12.194845743907928,-4.675150624527973
0,0,29.806358452533647,19.615557018964743,-6.8712693027624425
0,0,97.79725108046048,67.62779837586055,-13.925166658838286
0,0,70.68467720211002,49.390494954793574,-11.239629649464874
0,0,96.22872401516352,53.79107489182823,-9.44960748956079
1,360,56.921974933795845,2.36148501066651,34.0271632018419
0,0,15.04770102614398,12.10597637592545,-1.1712795864439585
0,0,18.325922739689076,13.209670274053199,-4.179682895796915
0,0,84.1927825478647,60.60733386055334,-13.997805227172414
0,0,56.13045327649748,41.3896679903858,-11.609438109011506
0,0,75.92080745485579,52.97779175736135,-12.133058643329505
0,0,32.57680926636978,21.615576381922747,-7.089330726220226
0,0,126.27369055791624,82.92546839131417,-16.315865272285897
0,0,87.19288094038404,57.968829811977585,-73.94698752718801
1,360,108.7557618151565,2.6089602915949475,18.266379965262104
0,0,18.010834091324067,13.087795584430788,-4.019842240355658
0,0,13.73710395837875,10.169661355332796,-0.10286354454338209
0,0,16.11372797272773,10.080399620334623,-1.0841732571789606
0,0,17.063591833159478,10.926126646438728,-2.6543104312402903
0,0,30.368717876870075,19.056722133104266,-5.310945225827467
0,0,53.62506189468959,38.155645205483836,-8.99999944044231
0,0,97.27796792731748,65.87871779567017,-14.793631999597437
0,240,26.97232734921122,25.299670197705765,-74.08683128452914
1,360,43.44590608250648,1.438437643826728,30.57505135912271
0,0,27.974292337448933,21.75439259170225,-2.7560219131227086
0,0,22.71295352208936,15.829877480859297,-1.4525578392469214
0,0,17.86983012871073,12.637897843111423,-2.0649750369127844
0,0,21.16569710071319,14.086739464662482,-3.9103285760316595
0,0,16.451831935807025,11.616181882957967,-4.791858617165218
0,0,87.24596746707864,62.747845974578745,-13.77733320412355
0,0,142.32944177812143,110.53821611160764,-27.904104622555238
0,240,26.220559918718642,24.14823291204508,-73.92423593227808
1,360,39.40171873769092,1.1449118065764765,27.364973707469943
0,0,17.518461887680836,14.712445806178383,-2.7233393452644634
0,0,43.28404696132466,26.292929334999094,-4.665141848332908
0,0,30.341281136172256,20.999260080477285,-4.053623941706206
0,0,23.656189839622716,17.48896724192,-4.256364110422808
0,0,20.938991011249797,14.799066636433563,-5.28129776522637
0,0,56.247473071384746,41.47591829092778,-11.118362750865224
0,0,117.5877523332798,90.63896153842474,-21.197545940200428
0,240,25.25649601907824,27.114865676684673,-74.12661961120196
1,360,34.89630956006996,1.15611856932821,34.325736153610876
0,0,16.270125116114507,13.898284953037251,-3.6806180029092275
0,0,17.797006209351174,12.521417671633005,-1.9787263648425295
0,0,36.8489657025825,22.283585100506162,-4.922801221204679
0,0,33.05608816612332,21.141846394867216,-2.914896663373767
0,0,38.40437004909755,22.509766017683713,-4.569866958795558
0,0,85.03434261365364,61.44333906047499,-12.97870447397004
0,0,81.97433343944972,59.98775746117495,-13.44120236131645
0,240,28.172613055941117,24.091131888180882,-74.14932244897692
1,360,34.277552595235875,1.1007138988206977,33.59211450811199
0,0,12.363236376710692,11.652992530663957,-7.861159750729968
0,0,14.234029035805026,10.394155869214877,-2.15495410144176
0,0,15.765534701624471,11.734564013040302,-3.234802797016073
0,0,31.6292636671294,19.312096001564573,-3.661116710189731
0,0,53.455132062460905,32.77716550352613,-7.705365904964907
0,0,51.345356273271975,36.53708688670167,-7.858749151138895
0,0,111.93040082425658,79.32190209396268,-16.712311065483114
0,240,29.81567010434512,26.821992228846295,-74.12247018060458
1,360,36.64242168329017,1.2447594381172997,34.27399361178384
0,0,45.89849405595717,39.35002448984625,-15.49020785034439
0,0,17.316966199262016,12.975930832497868,-4.132503423316692
0,0,13.613657009546184,9.937094083820767,-3.2858375634882293
0,0,18.23095308336584,12.616284549079825,-3.0252763116613863
0,0,35.34274673268426,20.79845974422531,-3.943252620187451
0,0,163.15039082698007,102.0726011832992,-15.705633851451317
0,0,46.709808258843374,35.23063574824725,-8.027474468976266
0,240,25.31315093988263,25.215969930551264,-74.13746652872722
1,360,34.04268203475673,1.1328900193415097,33.94004021903913
0,0,11.988701150428613,10.739663555914706,-3.3589965548774217
0,0,11.009535461290605,8.179073593762876,-1.0621656070262588
0,0,11.67318506691135,8.48215210615493,-1.6719681992634463
0,0,12.297422393848104,8.06220950841811,1.1342528348879313
0,0,15.611946680442617,10.50242380609906,1.7079755375633994
0,0,30.947253653484726,18.060579063024115,-0.20275979080972206
0,0,125.27937895694234,97.03059063809805,-25.323626456154443
0,360,29.699280891209348,27.935190284560715,-73.27223906505805
1,360,33.73400583289092,1.3523360658811427,34.12205506001072
0,0,14.883977736169102,13.166005531081991,-4.215879360122983
0,0,17.20287318614846,12.820071664769062,-3.6395503787877317
0,0,11.537315841417353,8.563526348379757,-2.259554972125926
0,0,12.694263300570189,8.837150566288294,-1.7829473749105205
0,0,13.421555702323145,9.586243302302162,-2.590094389629371
0,0,19.674075271068286,13.795824329757021,-3.6123301713154774
0,0,30.8386134260124,19.119076789289945,-3.4998105434254114
0,360,36.18472963754855,44.88860684050683,-73.88972101989583
1,360,42.25389331420732,1.4613520184292264,32.819798367622695
0,0,25.70693361703149,21.042638825228792,-7.213387092395038
0,0,15.22249994224684,11.146367817339165,-3.3627769079494243
0,0,15.187189202593729,11.01299473131242,-4.342587802186415
0,0,16.48178548821855,11.997687306167892,-5.027110654978003
0,0,48.119090451502615,35.103954034360726,-7.588807794167522
0,0,13.329165364359534,7.529093329457235,0.7040836277223264
0,0,14.25031845157513,11.389463486367532,-1.0050606260397927
0,0,28.001697824823793,17.917771557892838,-2.5902859053136353
1,360,65.8445155206896,2.784840391346408,33.896965843617295
0,0,51.1260094221504,40.79985231215489,-14.160631029257537
0,0,18.6673193322638,13.730747759480407,-3.802247115955197
0,0,15.991380405491068,11.16847280289133,-4.053349158333134
0,0,76.01392764983207,53.3694937919756,-11.36101728621329
0,0,25.6261106854248,18.646696488414083,-5.755802853299301
0,0,13.382063451900992,9.61158091305187,-3.437684520803643
0,0,18.073377505860375,11.922765634614123,-3.2843220915518714
0,0,96.50539313745624,68.43005860357407,-13.348200679683636
0,0,61.77645799085524,35.92707381695541,-7.74872339052871
0,0,23.438942476431787,16.359558863467324,-1.2646226656008963
0,0,16.533044614735342,10.73329410787893,0.39388650659536495
0,0,19.48279941925756,12.336816387253482,-1.5831299020711782
0,0,12.571078328121262,8.651480662945016,-0.5747665173409757
0,0,14.926785596471216,9.473014775607323,-1.364185841112004
0,0,12.554911167996856,8.75074106476688,-1.7529460266319745
0,0,12.192921393237286,8.849641503312226,-2.7099249205970324
0,0,15.064899545926083,10.283402706421578,-2.561333729914111
0,0,36.98633324914783,25.31169057608251,-6.150391777036035
0,0,36.64317911676427,21.82896063984151,-4.584380516955292
0,0,34.2593411001037,22.592330745108768,-3.615219560117211
0,0,16.462827590196845,11.417971028123764,-0.856219632290447
0,0,15.31784280001484,10.170008638885289,-1.553636486694387
0,0,13.46941557036029,9.009084806365744,-1.2480607222964295
0,0,16.52956630373291,10.69817549890131,-2.7335479639126703
0,0,70.22458416579273,46.55086512371583,-9.743034498161265
0,0,38.396784683771955,26.59083522441761,-7.36196162954019
0,0,33.9329718405807,23.42015611417536,-6.738865350784337
0,0,24.666743976382286,17.82093650550552,-8.620536092378046
1,360,88.67928898038681,3.1372680374334814,29.314495125291145
0,0,26.786645842210426,15.502179875412347,-4.318523440120089
0,0,21.6106285985331,14.150927045399046,-2.013299109236783
0,0,16.871580609043797,10.882347081522171,-1.8844257072642705
0,0,14.142371312500224,9.265505456487316,-1.2298750590601344
0,0,13.351651211014254,8.623771943802426,-0.7457567163140055
0,0,16.028514868460466,10.399056582550964,-2.55110013095927
0,0,23.99972452717409,16.465730419312525,-4.462551561456166
0,0,15.947684583130723,11.974646838754245,-3.3890978243825316
1,360,44.25084093064721,1.5331892590600065,33.04747720913814
0,0,29.440589783341995,21.60395611928194,-0.7439581342356831
0,0,35.82217270689878,21.19130577171835,-7.1994480812880965
0,0,17.22718827141175,12.274567395434687,-2.166869707710589
0,0,13.113374957547796,9.210843166210804,-2.249113203949051
0,0,15.892774333119835,9.99886688155947,-1.9153180198130855
0,0,17.792263057984222,11.904912583185377,-3.5742518572222792
0,0,17.4220895086859,12.361639060321908,-4.386819598482717
0,0,21.356987659970017,15.333779051763504,-4.904931975185875
1,360,45.2022766493808,1.2276750949576347,27.50270679153192
0,0,40.44706149976709,31.17384257759043,-7.691647553233324
0,0,36.939611369752605,22.896665254608518,-4.434115645727275
0,0,31.146499102650388,20.39662097468131,-2.5758389613049673
0,0,21.3133929513016,13.394953445813682,-1.7564849034064451
0,0,32.48944335967977,21.814934047352196,-5.670740745794603
0,0,24.42977944326479,16.538014708268864,-5.114670793147027
0,0,18.170391497191382,12.663563013398473,-4.679030898826554
0,0,71.44596402709023,55.185968514222914,-16.888313979322554
1,360,40.0840854069035,1.226718568276416,33.54620903127058
0,0,21.257508332986653,18.906406822491313,-16.847541955496332
0,0,16.134652991665185,11.557553656777737,-1.2449465107348914
0,0,31.58844682734295,18.531718159803642,-1.8201513782711913
0,0,25.18898332619121,17.17044975666795,-1.9525803105559305
0,0,19.844641200340757,13.637027692628834,-2.4811053117448836
0,0,28.29757487172189,19.05772664901878,-5.970017309534029
0,0,67.76380046800334,48.92417978857686,-11.289032369236331
0,0,23.288123131978082,17.72642184261498,-7.969411909568478
1,360,39.44745521819751,1.1222502339717484,31.152029828430685
0,0,19.63073978113737,16.331721233797136,-6.354609947229022
0,0,14.148805820168567,10.233950373861568,-2.411052205148337
0,0,19.291689026215447,12.897450385067442,-2.665193518167854
0,0,32.703627897220564,19.734385757104445,-3.7210361390580005
0,0,34.21617106894139,23.242854124260194,-3.7716628938549803
0,0,20.179169415587214,13.733242847397099,-2.380176546137278
0,0,37.85325998259615,25.84263852223492,-6.977377318614074
0,0,33.04339931700134,24.27756891482774,-6.901961772858101
1,360,40.353180194455184,1.220533856775408,32.70881086520674
0,0,29.498507706080144,24.54564082247107,-8.905544737639744
0,0,29.315080115194032,22.325994550798786,-5.741430850210548
0,0,14.015275078604324,10.671254331506566,-3.8129386871985105
0,0,13.882048597331256,10.620358623694917,-1.8010997310712753
0,0,27.674030633182554,17.77158420187949,1.2436332709098394
0,0,29.740318342687285,19.899313745228362,-3.214210697573151
0,0,36.23859933574793,25.60952320487332,-5.702424101387123
0,0,37.23678267190742,26.371614066872162,-6.260817222552518
1,360,42.50247121445079,1.1539332541137677,28.75133909232578
0,0,18.81375585777998,15.40458544844169,-6.128904549938397
0,0,29.974973806767228,21.836041561280975,-5.708594237127997
0,0,23.750909469362266,16.28879191481944,-5.025740901497059
0,0,14.811754983668843,9.704333798731895,-1.1261734794151295
0,0,17.170167502885647,11.59104573893445,-1.121668697450474
0,0,31.312461601293847,18.542448024046173,-1.7752867475399228
0,0,90.26000116477685,62.7381361236912,-13.098972160303958
0,0,42.79387719773477,31.558810269888593,-9.661915115721754
1,360,43.35387056168001,1.2505598835374054,30.752103445841172
0,0,24.581124578916533,19.92364754449267,-7.047651084585965
0,0,17.981150788234615,12.656252448068313,-3.5020920780988263
0,0,12.332283637179811,9.163063852793126,-3.131134524446594
0,0,11.480853036627632,8.836792011870001,-3.344366421953353
0,0,12.233192219087309,9.175779502703964,-2.007753481161984
0,0,24.819412782182948,14.744019727861593,-5.809622923962181
1,120,443.5780450926424,5.709533912126012,7.591437279407643
0,0,30.65039672299028,20.043225795208134,-2.207296170628254
1,360,48.190888526496764,1.5121261241653186,31.358050744086427
0,0,49.08898401509054,39.98001516922474,-13.775010035605725
0,0,53.9737607342525,41.32700761196527,-9.681029213688277
0,0,14.97417482623319,11.344034148469357,-4.28952963087616
0,0,11.362815670313381,8.783063794596744,-2.1545627433043535
0,0,11.079516247476136,10.339363963981652,-3.0437284315018758
0,0,53.349503184577365,32.29897929790454,-8.599023884973775
1,120,707.12671355015,7.732050627651874,13.054730263512468
0,0,45.325863318951306,28.308918105938854,-6.988160484315074
1,360,68.18997077989312,2.4928115540139877,29.19696278253467
0,0,37.6173929926438,29.908034181214337,-10.971874069324784
0,0,74.72818800440504,60.43099552966416,-13.746420074652526
0,0,33.647709892904615,26.319159457434417,-7.70442081669691
0,0,11.399291055854462,9.569089044553074,-3.0469425642899637
0,0,9.418459123477628,9.85867985272692,0.01836588359630298
0,0,35.269613956956626,22.240145774850973,-7.0804169201330325
1,120,760.5142134217243,7.926380782504977,13.676614997396115
0,0,19.957309429613467,15.334899094052476,-2.5460041484040374
0,0,26.853961823005882,18.54471910350507,-0.6843467958160119
0,0,37.04437986203935,24.52451076681069,-3.675488713278483
0,0,16.539846808556163,11.44027959368946,-0.6855291969971233
0,0,22.453550941516966,12.147608136477809,-1.909331072987598
0,0,17.73315567054281,12.714822911061315,-4.087397316287877
0,0,13.713549983451086,10.22666235026301,-4.07411611992255
0,0,60.23483084447349,37.863876302493956,-24.727204981509146
1,120,789.010831515228,8.020014909004816,13.582106170595836
0,0,18.856017704145664,14.345257904681262,-5.098879075964049
0,0,19.28300060243242,12.244558715239586,-3.0412970149886007
1,120,155.06541355739782,2.5983248208535006,5.7561091700216025
0,0,22.584586932536656,16.284854156080225,-3.5696804611065716
0,0,13.733266234162274,8.954262610680681,-0.6240027017348098
0,0,10.619261429251756,8.997329293335325,-0.4306468015471978
0,0,12.263634794081627,9.806968416002928,-2.7669882677390945
0,0,56.644618238398,35.47723665653972,-15.588871734816344
1,120,787.2534093659576,8.162702661186957,13.83388268125313
0,0,25.346643471511744,17.912830692097334,-4.3904334161771175
0,0,27.31256389197488,17.8908285531956,-7.173356150999226
1,120,123.33267197637687,1.364323248035955,1.5248282560239943
0,0,35.21544275611222,22.43668572383018,-4.002830651531596
0,0,20.583023016452415,15.334010104512423,-3.213469615142742
0,0,12.24669549303702,10.717385280800851,-1.8984396592911423
0,0,13.08430017504069,10.404403199515302,-3.1155468131012043
0,0,55.35685631913235,33.39360860221185,-11.421819352582958
1,120,804.9367012789323,8.110851043069564,13.780499765956506
0,0,24.05250587436214,17.185630204043637,-4.645357445471447
0,0,18.555342352957748,12.143563304513483,-4.2629006239944545
1,120,123.60018571347291,1.2060970223816647,-0.012817865863354427
0,0,43.1402779988447,31.35599667523292,-8.210068020385094
0,0,30.29938697595905,19.32644240487099,-2.4183464546881623
0,0,25.874173825054807,18.255828497869107,-2.822727658629063
0,0,17.383291265876547,12.764740166835615,-2.245998992387527
0,0,26.84407474236578,15.470317137792986,-3.7953442245527924
1,120,780.9636817970127,8.223331466046861,13.424771872587783
0,0,68.48589194912951,47.129570545983434,-11.794933539375386
0,0,16.803027364345258,11.170229649098058,-3.3575726773987498
1,120,87.35404513473767,0.9649058655127455,0.556474995767374
0,0,19.010651792431315,14.999562659308914,-5.477164186231633
0,0,14.022649024392248,10.592793608091291,-1.685873903294862
0,0,27.050317259013077,17.54295187139023,-1.4969311906142195
0,0,31.34838086152931,20.87631465860378,-3.337180420408984
0,0,38.15986978828504,23.63591852477813,-16.496656078231958
1,120,664.0582520106071,6.361809206480376,12.54535683075001
0,0,22.90508608263536,15.998926379291696,-4.124767855026178
0,0,26.57929842867494,17.820412410245776,-6.219433181213532
1,240,88.57809439750216,0.9758020630794788,1.7054608533613163
0,0,28.18227033273592,21.343673788765308,-6.883622064397528
0,0,13.427793497899914,9.625225000533066,-0.6350190169644776
0,0,15.587749254748116,11.38522704968459,-0.14798630510996702
0,120,33.71737906507592,13.903141287339247,-3.505073061358246
0,0,79.77334206955435,36.394721763053084,-3.490234759212157
1,120,810.026301246193,10.805319166921846,16.327566772221957
0,0,24.562902053199785,17.130067653361273,-5.1803981433098585
0,0,18.739661582763613,12.362505508130358,-3.3722944047805044
1,240,76.32231337963742,0.916390247565163,2.1316748453084102
0,0,12.341321362807692,10.581147281573319,-5.106539703334647
0,0,14.786954552684282,10.4175203740203,-2.6158490857785637
0,0,19.26979331583545,12.537268735523853,-3.3517938997952825
0,0,95.09981722121395,63.566375697075976,-10.719906042983226
0,0,39.893013620907396,22.938336463191177,-4.094883081511966
1,120,679.8415183769348,11.026906501856386,13.998469594956603
0,0,24.918353448952935,16.857345104716813,-5.439764503802252
0,0,16.737798002465105,10.790083774075375,-2.5359454115956908
1,120,110.86925123448545,1.071984461894008,0.5846111478165597
0,0,16.423887788218785,12.427575034115847,-4.060660061410715
0,0,12.60623188194419,8.525080720703512,-0.8145441540406182
0,0,17.905295296547884,10.55922544759042,-3.447310265630179
0,0,14.313939186538194,10.11497863661202,-2.4007852991179703
0,0,16.23646712571678,11.434776593462134,-2.5755225440874767
0,0,30.120035186073142,18.680216043306185,-3.8456046015189997
0,0,23.892025576252106,16.515303913679897,-1.4826840890586794
0,0,39.58997404775905,25.791767469442213,-7.393003823928865
1,120,96.39758755755003,1.0271535365269542,1.728983975450376
0,0,16.797920203687355,12.654890082164622,-4.3889179442407595
0,0,17.384951368854978,9.8352146145584,-1.8788301185761895
0,0,15.219453662473569,10.947769526493055,-2.4920466860546355
0,0,11.552405681115001,7.292301596557177,0.4123302996669622
0,0,12.455362899859901,9.624444493076346,-1.7434784904141907
0,0,18.48333837371821,12.828655837934729,-2.8978850745497056
0,0,34.35862371499549,20.63950390611768,-4.294101026991868
0,0,31.19436448597982,17.550979545556974,-2.727202966025274
1,120,102.90593395903473,1.2633001884671846,3.7231202209364227
0,0,36.080428106675456,25.97892583150033,-9.738096724214785
0,0,15.838584747967802,10.661714248035151,-2.5983795246660577
0,0,42.573739821385374,28.76907937942823,-6.748670121141814
0,0,20.851845716251265,14.921542908518104,-5.060317809275759
0,0,15.124575927688452,10.959655358909297,-4.181015178817887
0,0,14.154903895007395,10.278620337176402,-2.3089160580529864
0,0,15.051004686223983,7.638421432155822,10.152451623548913
0,0,31.01834577106612,20.81988706897119,-1.3969516766590573
1,120,212.4024951267554,2.917893138234217,5.258185044470636
0,0,31.834995100024752,21.65151071981271,-5.664416564829423
0,0,15.850538224784824,11.042466636523748,-2.9303677999548086
0,0,20.298268475666745,13.387981006457553,-4.250960037418977
0,0,25.97100581174034,17.734415704184322,-5.61749105880007
0,0,25.577296671821976,17.81196348746972,-5.345376415150739
0,0,13.041754291122217,9.30921035191794,-3.1796629334855453
0,0,14.447100403519197,10.186238685638696,-3.2735972132330318
0,0,25.444903918899648,16.868424365799175,-26.88569499117
1,120,249.23967648815105,3.4060736079975453,5.323566833724897
0,0,46.68287157131292,30.975255557610122,-4.702054414782751
0,0,15.78631632296246,10.07723814247745,-0.3529413943489317
0,0,19.573435894273857,12.776351976327073,-2.8874016725284264
0,0,14.631960131969205,9.365065945111132,-0.8514900275659869
0,0,17.820348764741166,11.81708577028949,-3.228790869883923
0,0,14.587621778057407,9.519891010902699,-1.9923239784253468
0,0,15.812468000557374,10.067976308505497,-1.9324961440147632
0,0,36.43061239829437,18.52579813754168,-69.65716598015365
0,120,110.70027738625319,3.2509382411818946,-23.630644460790506
0,120,176.30940758585018,10.37083503901443,-58.150003858056344
0,0,24.156994925173002,16.519922150941845,-2.074858911574637
0,0,16.911452495418384,11.971123284333215,-2.1386752682792434
0,0,16.49452581340187,11.582652466058287,-3.6966303794675497
0,0,12.621860381855216,8.974131033800465,-3.3701044645647755
0,0,16.74909515949996,10.91737200142782,-3.016341688651991
0,0,16.564696877171308,10.851756542880096,-3.459792092182923
0,0,33.34642785956511,24.219912800822843,-72.27621061747328
1,120,158.7314798167293,1.4185432448834179,7.345905845411167
0,120,140.09249805623688,27.195669331328325,-73.90631900249686
1,120,152.99525227427674,4.25601452905299,1.1835639602017096
0,0,25.974781948526278,17.378780440133202,-2.239637340962375
0,0,25.281474777846753,16.2926423243487,-2.53042476382754
0,0,15.792180917094464,10.688649504012147,-2.9569468462232322
0,0,19.721835863844262,12.901609334548002,-3.3114090707220356
0,0,17.800320900015752,11.00068905914509,-2.6919807336582977
0,0,50.07065824300382,34.17076015863725,-73.4793454531009
1,120,117.40904215572996,1.4888413959568914,2.7935363965901274
0,120,115.76433787336286,10.68589095960736,-71.35883487715277
0,0,48.666439088664184,10.99012121359845,-53.5611673249206
0,0,27.83035975463112,19.053895963504672,-1.1540848087045248
0,0,27.791907136805094,19.076596896086063,-3.1472384954626023
0,0,14.556142328113104,10.966265017272457,-1.0677945027898659
0,0,15.617495064483492,10.887238637279795,-2.7741159819013035
0,0,17.93113444091319,11.123574604544027,-3.537614074145523
0,0,129.18922113536593,56.853250785862706,-74.22611994562916
1,120,141.61343917968028,1.2768554298265578,6.810228149753371
0,0,68.07018598513922,33.83011232838498,-74.24322986188419
0,0,17.15382936870034,8.92971959596994,4.082087227399896
0,0,23.619285180498615,15.05039708178777,-5.329959402567411
1,120,171.37216205272978,2.6832291334686493,5.063247058195614
0,0,19.005445356512244,15.175148659905881,-0.7609364159842187
0,0,12.365086757273032,10.217141990806748,0.6243881227614878
0,0,18.31705782655286,12.510575098732465,-3.916490385003655
0,0,53.266417144702174,37.09617254932622,-73.66602978993407
1,120,217.74582795411732,1.6930796984927223,6.403348915148143
0,0,69.2505320718203,43.84187308042077,-74.18043834828076
0,0,15.773314940610879,10.16433728010006,-3.899045804197783
0,0,15.89060314638946,11.082685312276308,-7.107916074362805
1,120,134.79165504065517,1.436099907763055,1.5743475505597928
0,0,34.00352345951795,23.475355179435642,-7.4806597199400215
0,0,23.0313347999498,15.426694660568531,-2.553381665632685
0,0,16.257325961146787,11.165850213305266,-1.8787968115006635
0,0,62.39219257551597,41.938350643876056,-74.17350172695909
1,120,226.69355871931728,1.7637376367354363,5.466579089257479
0,0,72.23682752617567,51.13080116595789,-72.23213442767045
0,0,18.843634034530247,12.477659944018937,-5.049076671286301
0,0,19.662320344773605,12.837255508540876,-6.331503163584017
1,120,147.08052045851977,1.3368041964319233,0.5511042298390834
0,0,17.008940801886087,12.905499192107564,-1.760440118624956
0,0,28.992849163317164,18.253964578437273,-2.177228208198656
0,0,36.612947961307626,21.747198961604777,-3.4761958268786515
0,120,132.16412567271755,18.588204921481687,-70.93779363016152
1,120,136.97163682379804,2.4135872294406973,-4.276814654794734
0,0,56.366401157403374,34.391218293704355,-72.6628521607361
0,0,15.624951739655721,10.693130377597148,-5.024300370480631
0,0,28.167397427868234,18.533918796351283,-5.98854853367888
1,120,93.38967215742903,1.0247229038740622,0.4364529491154485
0,0,16.822358463811725,12.942764901020269,-4.144385722510009
0,0,33.63637045196223,18.287539078800158,-2.3820667226732866
1,120,720.9387703307112,12.081205830611355,12.395741447494714
0,120,148.8418694958986,58.43606918918998,-74.04621450940553
1,120,216.2650087436322,1.9750237525424403,4.695278814571694
0,0,56.86534023572984,37.25625547401395,-73.81420685397093
0,0,14.270563251130504,9.579013041890835,-5.2350883613208055
0,0,18.59016039316654,11.773381579287978,-4.2035224351034515
1,120,175.6100832312854,1.5002770981702074,1.5291498490732778
0,0,17.110843180614275,11.962950497769281,-1.9326293723168675
0,0,23.595471986833456,13.634783381476215,-1.9338284270357349
1,120,657.487200412679,7.161081245898417,12.186431458130954
0,0,51.99482606242245,31.01004872033774,-6.2992910581675545
1,120,181.5734378638459,2.619904654502252,3.7720816219571844
0,0,18.644171650534624,13.305833301067134,-3.024268772626783
0,0,12.32558899155859,9.344104248008652,-2.776264288272614
0,0,15.51820325743789,10.193514733942338,-3.27520427962709
1,120,86.11764161724999,0.9391688434562151,0.06905092577545702
0,0,17.022695940850245,12.737949318826693,-3.516813805480581
0,0,22.65301516394335,13.680837547997232,-3.2148185517014696
1,120,709.0330927135119,6.921955739348444,12.382918223417846
0,0,18.291376787233116,13.688775055237569,-1.0440465579410159
0,0,26.52061020344735,17.552223567369758,-1.147181917302106
0,0,31.32595568308975,20.561151664785744,-4.047287270587702
0,0,15.36369234401332,11.389603667760932,-2.258614047242361
0,0,18.296086846846343,11.812257613151997,-4.552822062895984
1,120,116.33211883001756,1.0908754015664748,-0.23818186562985488
0,0,20.05508269284934,14.665071539500428,-5.127631408910432
0,0,28.44138611810938,17.15242623339396,-5.061308694772606
1,120,708.7311782599901,6.9031890433607055,12.601279410555364
0,0,18.938929093098427,15.073675646241462,-4.1640368970693515
0,0,11.36431858746163,11.028096282627503,0.6038126768563359
0,0,29.42745419554476,19.069363817958287,-1.2226807307468874
0,0,21.01055560553712,15.44359955041177,-1.6238561286685638
0,0,19.41417079889776,12.038639997055741,-1.6948085263042572
1,120,128.58705416973157,1.229474647179311,0.5703557194921416
0,0,22.32386619710763,15.639987342702664,-4.290428921915307
0,0,38.19373368292816,22.144890052534016,-4.63209290264389
1,120,719.8601262338052,7.078184027932234,12.865496113920997
0,0,26.32808238028744,19.222740577494427,-6.961727156502079
0,0,16.35503487930598,11.569344391263783,-2.6229601464030026
0,0,15.007189365864084,10.938002616847395,-1.9074742035271157
0,0,30.979179842104287,18.15647299811705,-1.2452379476457338
0,0,30.735808377779883,16.662950846814468,-1.6483951165611046
1,120,111.72262137949194,1.284057601127021,1.9180599164331085
0,0,29.229769574096363,20.398466578956217,-7.550075828717169
0,0,49.80393503113561,29.893136914341895,-7.82484254825512
1,120,748.3415662429346,7.410556224970137,13.442707732757626
0,0,23.725222914750237,17.369197386485922,-5.2327402124963385
0,0,12.561086456927704,9.082383473244171,-2.44962179860552
0,0,16.19256723754181,11.076646241494322,-3.098635145503735
0,0,27.156762400155117,18.179461337776367,-4.46231008515862
0,0,31.376578712562758,19.319961657035428,-3.149478396291613
1,120,199.45986902234094,3.013287104764512,3.9510904993627065
0,0,28.442198704506357,18.51879752102105,-3.781455174059147
0,0,34.48244570370358,20.246294393202557,-4.602457932196117
1,120,589.3880775273399,5.41175904652243,11.460537054153704
0,0,15.867687106936343,12.485443885712737,-3.829725453262782
0,0,10.538371394922237,8.30376529540642,-1.5398307038895496
0,0,12.550580744336061,8.394504922682746,-0.7595541723499508
0,0,15.751066251524508,11.153896755694218,-3.0671766126710054
0,0,37.49040522616288,26.24732177653544,-6.2953025358735175
0,0,31.029457246593967,19.613757907011266,-4.139697751629953
0,0,30.973903545816245,17.563508521752986,-3.7930293828038515
0,0,43.61536895332153,23.83471123805931,-3.948806575031142
1,120,701.3257438299694,7.34178774171459,13.83431567323494
0,0,27.51892590662173,20.587218359666952,-5.554873756814331
0,0,9.533992547093513,8.863079897492554,-1.0221138487082442
0,0,12.52443182438729,9.352467230432977,-2.6577244064815346
0,0,22.999390227022612,16.107287300818736,-4.450103041978949
0,0,12.14845342995674,9.372074310352001,-2.840322121274781
0,0,14.189315642017702,10.492586453542144,-1.384761287017156
0,0,29.945386102077418,18.58253426712557,-2.851588239570887
0,0,58.86162234023375,29.51023179048531,-4.379525348942892
1,120,818.1522828754995,10.133956661333528,17.196065420056627
0,0,30.795349634881216,21.84548795568042,-6.511773546475013
0,0,12.868370966706394,9.32728670737537,-2.6942206344873085
0,0,14.41981165649775,9.75242587867555,-2.8469419025352494
0,0,29.05325632130758,20.05167190026774,-5.606241594041734
0,0,15.611363897890941,11.318058324943669,-3.5499543456272846
0,0,10.99208048041715,8.033426534878867,1.6375393995983245
0,0,14.908254214386384,11.051261433994073,-0.1977137688677857
0,0,29.090706994368105,17.944611715939637,-0.4064991717920492
1,120,573.6394619040216,10.30608673270427,14.58673083609844
0,0,25.675619625855802,17.040889745427496,-3.035934575829174
0,0,12.397383389691214,9.374989942448892,-2.18343165101507
0,0,13.130343673484601,9.314811267791914,-2.8447935961639246
0,0,27.712580687838983,18.70634754566575,-4.732830152567232
0,0,14.896612351583586,9.832470158735862,-2.4316443045912592
0,0,12.810028366462134,9.61035731968335,-3.483864781018127
0,0,11.824676357808704,9.017042742050347,-2.858507784511076
0,0,13.785420676460348,10.220489437949638,0.07482137661004629
0,0,27.086826655523264,18.01611831515571,-2.2629689473671704
0,0,26.11108872054172,18.049437812179846,-2.7385023913969064
0,0,21.963572374726358,15.66963394633391,-3.370354267631214
0,0,19.799436026324496,13.777180908863981,-4.429102930860864
0,0,15.57151223425474,10.423006467948927,-3.218315794631522
0,0,17.375972473011494,11.42423833393822,-3.4564447310927306
0,0,14.137042620935453,9.558912861593019,-2.8709063433749975
0,0,14.29743467436889,9.612789713409024,-2.6615547201668193
0,0,17.221424790971678,10.956549530952016,-2.0174208598329244
0,0,22.78680328581433,14.62581652277385,-2.813410004251125
0,0,32.217943904690884,19.39694448817255,-2.610578241076837
0,0,31.28574552545488,21.08057937723133,-3.2295569326209943
0,0,14.345019697007059,10.136987115375765,-0.32333973097668434
0,0,13.597634166236626,9.41441331773337,-1.948974819630422
0,0,17.545266208196395,11.168466463029317,-2.776064445819472
0,0,51.68356870376625,35.26191803627786,-7.349529763600728
0,0,13.668621493264562,9.460641478245188,-2.0760829466001525
0,0,14.905870688902953,9.88593491952102,-2.031393178015378
0,0,22.94905399274854,15.064278561879899,-3.588332423400189
0,0,18.05424311848548,11.309711544388932,-0.13770274554183004
0,0,99.5083153596266,19.224176204025827,-10.578971316286456
0,0,22.82462899875038,15.514122766586707,-1.3391389203177084
0,0,16.024041966415584,10.973037398760619,-1.1120762596994638
0,0,19.58083190123093,11.782080574398995,-1.3535442304819725
0,0,35.60490328253871,16.131439357372006,-8.246943116374965
0,0,145.2339858933351,40.14142805607698,-31.685731690205515
0,0,18.54219021928365,12.716221907278861,-3.2091563488623365
0,0,17.484607185191532,11.500218058019055,-2.2702881772136436
0,0,14.802042553951168,10.598763644820245,-3.1528340841506974
0,0,65.55250653211556,39.31859004512732,-49.48763496568288
1,120,750.2803017877144,11.173977211976883,12.745215937433755
0,0,21.526979998844624,15.176805477178625,-0.7368387468423663
0,0,20.69948760524945,13.931317042983464,-2.1702420491074292
0,0,18.6730864895654,11.337159624759874,-1.795962114671653
0,0,24.303650223949905,15.232669523521166,-4.573955402316173
0,0,60.99667655240546,41.82319620798747,-8.645170838112733
0,0,15.399540824664427,11.355344462300637,-4.5101223920737965
0,0,13.182015527707549,9.955191572151573,-3.696838548689584
0,0,30.104327633639333,18.49311685329352,-14.14976459586773
1,120,900.411617205457,12.50083707068042,15.200755100158347
0,0,242.40974442398706,126.3474312777373,-38.74504977282295
0,0,23.158552370276016,15.602742766663336,-0.4917153245210528
0,0,23.877093841600026,14.219297526205995,-1.5338853909084662
0,0,24.065573440221165,13.901359081684467,-2.847283300059374
0,0,32.44376570895757,19.2630945036366,-4.7145445681043725
0,0,13.333584951912306,9.44291733734404,-2.9144553446230645
0,0,14.127662027970388,9.865670607239977,-3.959190055825843
0,0,65.84126517510171,43.227016356096534,-59.940818101850226
1,120,845.8689356874771,9.252860249487732,13.596361598920254
0,0,121.08719793575484,81.63884834123657,-18.972479249950872
0,0,31.824302786710728,20.7300019142084,-2.5990956267898326
0,0,31.248123878333455,19.504262854613,-3.861733552841656
0,0,63.55932402187703,40.16455869041703,-8.0388863057278
0,0,30.370243774402855,19.240835952537896,-4.641177407493146
0,0,12.493706131055566,9.309618216374114,-3.2458191122457407
0,0,13.045319927585862,9.266768497886138,-2.594774033740549
0,0,34.8965228180384,20.64504494551709,-8.533088365588924
1,120,882.2373907416953,9.50130323990955,14.580852137268394
0,0,60.65389010617437,42.71648558334259,-10.933575095856241
0,0,30.65843801914495,21.084408653887213,-5.998607270487227
0,0,224.18185048940984,121.65416386214997,-20.2017518130962
0,0,24.465838424238193,16.726498805916822,-2.282553507775475
0,0,21.255142272595464,14.623072066951313,-2.31987408590048
0,0,16.96659438770533,13.382889392831961,-4.4799878154931605
0,0,10.41395191621637,10.499284165544374,-1.1346917639804843
0,0,39.4484332633631,24.68189713685553,-9.59923536296941
1,120,885.5427421780009,10.092389003830412,14.034183106687564
0,0,125.28542371728905,91.5755592156201,-24.33988532700559
0,0,21.947059589618625,16.535981725850014,-5.842484517351366
0,0,140.93163139341945,98.32139781482071,-26.371591953683087
1,360,92.13711251040151,3.6867319028095613,34.609179366322934
0,0,24.056063237887354,17.971336347611977,-3.3178040292226996
0,0,13.083972015149605,10.645792741233047,-1.9326210455479753
0,0,11.904569962665011,10.019924381021257,-2.7861814700099927
0,0,24.460872822748993,15.435125268187662,-8.693636796385078
1,120,890.4272615168561,9.714264135931668,14.485827050797482
0,0,86.36396192451726,62.7657722866352,-18.543584038424072
0,0,21.365460987353845,16.009774587625138,-6.014448948283487
0,0,160.79411088744763,121.17980693318427,-47.33610821649883
1,360,52.08222506086619,1.72276099525776,34.99997961021877
0,360,51.79264647776002,46.28830466944918,-73.85962599546737
0,0,26.0768681703307,17.867817671804683,-2.7677043698628694
0,0,16.497715490774606,11.788387328243754,-1.533802123219644
0,0,26.28509803063214,15.3011343978292,-3.8302250593956444
1,120,836.2042022175013,9.068730228184513,13.361080417416375
0,0,129.85312995972416,93.51306613027121,-29.65167275131912
0,0,20.091645403851633,14.911720348972551,-5.5370128375644185
0,0,131.34717116425236,104.2695859704204,-34.38163552683588
1,360,40.731341725416065,1.7499892937455823,25.115538728089902
0,360,30.500314589272293,12.896530400646437,-70.49545224816094
0,0,46.43253980812213,31.29681054119554,-6.3618583995400115
0,0,27.970950070322917,18.524950004890155,-1.8739339784741134
0,0,28.655087148359673,15.748535642373646,-0.22102872173482524
1,120,792.4250768824512,8.645691664497988,13.81595514785215
0,0,95.72962683179149,67.86102076644725,-18.84884338560456
0,0,19.983317709608915,14.429503399968887,-5.275131792869928
0,0,164.91551967800638,127.56897898411296,-57.24606544101768
1,360,45.09805968632277,1.3190548721900008,34.16280626691474
0,360,27.991720661076336,23.61981950183966,-73.91578250543597
0,0,93.80048054186832,72.69950201701437,-18.547684972098004
0,0,125.79591917138787,70.35266543363629,-14.734183033170943
0,0,64.92511629642132,38.86475454506874,-43.538974623499755
1,120,827.6541755022664,10.697228746174028,15.610956715547118
0,0,119.66887066374467,81.66039823664804,-22.368114782734125
0,0,38.01215187652748,26.249257547736757,-7.859706729560216
0,0,194.53191859515516,145.9210254544668,-66.50791849771551
1,360,35.71418328391635,2.391066278497564,8.709972143203473
0,360,28.93576037285285,5.894074615601854,-53.06419661440651
0,0,60.174361179837156,53.64324058054972,-15.74489040334118
0,0,131.8016018338215,100.5253367261411,-20.437815710874894
0,0,254.20208646154697,134.73834290751688,-23.04135486369185
1,120,870.0096200549262,17.93840992203265,14.210452477131199
0,0,210.01006428471146,130.55158820102545,-42.652429785807556
0,0,24.379943262158083,19.418762066646792,-7.76287889762655
0,0,140.91496785698922,109.38684081570887,-41.23727459754538
1,360,42.49984225846058,1.439009023890654,35.41613486535752
0,360,25.521018629323873,21.647575778789943,-73.72355156473478
0,0,52.99302410602804,46.13863602476156,-16.86036101618876
0,0,149.78038104637264,123.64288559100072,-27.564068525142915
0,0,152.69345548032376,115.2376712325197,-23.746578063921817
0,0,36.983781507249645,23.000126167228583,-4.280120382040536
0,0,199.2210789274764,116.94477910846724,-21.53808580713006
0,0,49.680212317688685,36.35984688654841,-9.662002546795009
0,0,158.42135860828424,124.49189737005669,-40.97853066302684
1,360,34.655280256536834,3.2521646522668637,-1.4901198936694868
0,360,22.87594695505157,5.662330469507852,-50.376042917912216
0,0,16.387643125738386,14.262136678257283,-5.509576134101252
0,0,100.95204239104987,77.6444535013704,-16.97304717945645
0,0,69.72664887066253,45.02884177051903,-11.319924681785153
0,0,22.529676682525768,13.486861720987747,-3.524108055020406
1,120,214.0920424122786,3.070463854758311,3.6280618273899847
0,0,35.62642395304318,25.992946788556747,-4.932776690324218
0,0,163.5859812580963,121.69503202154432,-43.14542030079649
1,360,45.05648173620069,1.5390032647405292,33.4696527181779
0,360,24.252139232418664,23.83125953540776,-73.8455715154951
0,0,46.31950205426618,37.66350848571709,-13.804149563305074
0,0,147.51722865553953,120.32052739538359,-27.933040144417
0,0,105.5036881023448,77.52388341446446,-18.37290609328408
0,0,25.269137069000394,14.867907675887706,-3.8367698997361686
1,120,199.66572914538966,2.077543723975403,3.462092670052243
0,0,35.57987120927809,23.162122321386022,-4.699398175509685
0,0,184.39236993531685,124.2554796890154,-50.77828206055845
1,360,45.364227692100734,1.985172991088942,28.61701998350503
0,360,24.853614948086342,13.415148019612582,-72.4102903316887
0,0,27.24324586007919,20.49416750047231,-8.337309375656915
0,0,173.88651762293506,109.18609542492767,-26.978642548805084
0,0,93.65506066856375,72.2279346273344,-17.162693504107544
0,0,21.347067487576194,13.316718139714427,-4.246954861587184
1,120,267.42684550447996,2.3121610603122638,4.148051890475827
0,0,17.397781777145656,13.421058179866968,-2.159658725859572
0,0,27.98081508979387,17.911645842330007,-2.127950389960418
1,360,67.14961751890607,2.5766164288917066,31.165027914654047
0,120,25.947051058906474,25.196031768949336,-73.86499552539091
0,0,43.6776844024433,32.20400816494906,-12.691239431888427
0,0,120.24283610148404,95.31575094821103,-22.31906178725567
0,0,136.881524301549,103.4319464949576,-24.432474833578787
0,0,21.527913921671914,13.33970507051552,-3.753785321067298
1,120,220.49675279482616,1.8477327074735466,2.114196957427012
0,0,17.954348306149814,13.85972450341566,-3.5048898724428597
0,0,15.228162308994984,11.445060554076413,-1.419009287425041
1,360,82.4394122999946,3.033509151298802,32.086951111629745
0,0,76.73949008823763,51.66680973085494,-10.450268613076005
0,0,64.88955369175376,46.62208290699576,-10.673821540610874
0,0,115.44530395258177,82.5115120321759,-17.646362201334107
0,0,173.0480461208269,102.3818399282806,-23.757490294540474
0,0,32.36365792691745,19.512155278390136,-5.8762245848575105
1,120,444.7598178015951,3.8985385917307482,6.436198018384019
0,0,107.3394494632619,81.41427070471921,-29.87421397643493
0,0,14.573853770077912,12.702092468139112,-4.613099542826134
1,360,46.460197160511434,1.6145263426491459,35.16508278359288
0,360,48.93708183491779,50.710504944806566,-73.86062403678123
0,0,41.81845731127512,28.668041702955374,-6.265526010354762
0,0,167.22173547101758,118.14978118384708,-21.80999644494181
0,0,139.38368739893815,103.96339035920526,-22.4706631048891
0,0,39.032080171744454,22.665880188751267,-5.458020944574031
1,120,462.31624328451915,4.114539451588124,7.82680172860033
0,0,47.817315718718795,35.863821718080324,-9.658401219253946
0,0,13.791982035851296,12.215036091132152,-9.336321798933668
1,360,39.12510476832109,1.2973046547496487,35.59721710821442
0,240,22.961461561963866,26.733036920512085,-74.04749754739493
0,0,22.851043571944317,18.348056583860277,-1.0317312667659024
0,0,225.74684041391995,133.49334052940938,-21.84710052707591
0,0,191.39754121975128,111.7736157120527,-23.829729177968304
0,0,37.023454843101895,22.572688443734116,-8.042878991406269
1,120,385.4443347053285,3.375759205567593,7.601379441451655
0,0,17.397520719977397,14.134921007103433,-5.215104116006202
0,120,12.458102161695853,18.519035618061093,-71.6835780828804
1,360,35.449041122503786,1.2158739701421777,35.79430340086077
0,240,19.29467647620432,29.477816780441703,-74.13961753479313
0,0,17.833019229555514,14.714804234847238,-7.67939054944037
0,0,174.27447063613639,99.84178125704346,-15.97134104644666
0,0,154.7409084666679,98.8820670340903,-16.88733558397903
0,0,42.51784049562433,25.336218797781882,-5.783160452458091
1,120,288.5801240053932,2.4885358454080206,5.403378913450069
0,0,19.141443272159606,14.391913653664405,-4.041874870814993
0,0,12.375216510773768,10.484621473566417,-3.0662939751696
1,360,38.94985819432759,1.15424267460146,32.787665366510595
0,240,18.997683501833457,24.86881317529893,-74.15834697506908
0,0,16.491615577505016,13.359824974828486,-8.702479824936788
0,0,128.8101808345006,91.91861619343733,-17.260682920300127
0,0,131.03753530152858,73.38504679392588,-12.23948307639862
0,0,47.262826616476126,23.52412139804002,-1.840318812501181
1,120,519.8866290713463,5.455419562918964,12.402960756114624
0,0,19.02762786209117,14.45127166840525,-3.506505265605796
0,0,10.57163228427529,12.05831188445312,-25.352986643229137
1,360,37.0436003673961,1.192469577038254,35.16136071790304
0,240,17.566564428578616,27.667952420986655,-74.15803973030793
0,0,14.634722374189687,12.041275970794944,-8.517887848996509
0,0,160.689805679713,125.80409665006961,-26.623863907088804
0,0,206.73977539990605,147.64878155656172,-28.41958574029198
0,0,177.80672855085848,99.99278831704495,-16.45859858106097
1,120,360.8972541872698,5.195448590070084,9.800054437732626
0,0,19.64009371685638,14.650784308239464,-4.683385798951363
0,120,16.747857895596873,24.650761370080332,-73.86588707513712
1,360,36.62550076655319,1.146519754079536,34.783008993484415
0,240,18.036952677165257,23.75185065040698,-74.11797541678374
0,0,14.577571996294834,11.06891935855864,-6.228934024506842
0,0,98.94019613171162,78.00216824016181,-18.972795667168356
0,0,199.3658149045374,153.26755611739625,-32.61196815346161
0,0,204.87331224525713,145.41864915311984,-27.977026301031323
0,0,168.72099781891094,97.06367062922392,-16.4540313483297
0,0,28.95597024222374,21.552758211381,-5.424697215511927
0,240,25.205935496251154,27.376439930193744,-74.01109915892349
1,360,35.12728632419437,1.2931069616678974,34.03489877013243
0,120,14.10171533540548,20.871607663273647,-73.11524043992051
0,0,14.605065728346288,10.703200896190321,-4.841656858458535
0,0,85.0127373753341,53.35980084738676,-13.081802362871166
0,0,176.25487237571483,134.2124781218407,-29.893507099932393
0,0,65.35263969335222,48.929544720698125,-12.187374156740802
0,0,26.164228561728432,18.508629791210343,-5.426987076954234
0,0,35.806608552064446,21.430766586525905,-3.853731527946934
0,360,38.713013159209645,36.410455891711244,-73.32940545596502
1,360,40.86112758351733,1.561858291190294,34.062943327723914
0,240,18.333324261938433,23.660449564193957,-73.97479997609693
0,0,18.271848975675073,12.491755570561283,-4.8935992427387305
0,0,157.68633928203698,123.18977424406985,-27.411838536458966
0,0,187.427472049552,142.16207900118303,-31.775769042116664
0,0,101.1688301465502,73.20424520017951,-17.133624753943685
0,0,59.81755853747365,42.07997752581468,-10.373795567672147
0,0,20.140797688714734,14.094283900458011,-4.039668277061509
0,0,36.601068021721105,21.692608523097746,-4.750582823821688
1,360,58.28516031351907,2.3000973595450995,32.99621761990619
0,0,14.679815403929444,17.750628844639028,-63.42959062626061
0,0,20.410839268109047,15.376358973901368,-7.378648474377883
0,0,146.4345694258485,114.38314800008705,-25.486718714843768
0,0,188.57563824416832,136.06761754921826,-30.654694513812117
0,0,98.42537668845968,74.32445091670569,-17.518467194705117
0,0,35.69161470787732,25.253485007369814,-8.821906507613718
0,0,114.28411431444474,81.21679950045319,-16.3955774307845
0,0,18.696888652645985,13.485524714532104,-1.5983928694302136
1,360,84.43391848038205,3.2162884297786856,32.53139240065752
0,0,24.01806838932116,17.791044760543105,-3.2583009387984845
0,0,25.13881438911651,18.901302529141695,-6.0669991866920014
0,0,124.43690702949525,93.73189562523008,-20.337299120326904
0,0,166.28325333543575,122.71621754657602,-26.60547007463049
0,0,150.61458738911205,110.10939348047788,-24.5576511501681
0,0,29.67949386091381,19.250936057153798,-6.176704366700264
0,0,46.479691880315755,29.342743906966344,-7.780265191050248
0,0,29.861437838174673,22.578502801629195,-7.8782962410872415
1,360,55.393874960963714,2.0117613157280023,34.22550683658929
0,0,163.38595999114892,108.14586213669232,-42.36191298293103
0,0,47.636370009361904,33.878675671404935,-8.759672236996494
0,0,177.38680154983777,130.6919217511134,-24.283979400737998
0,0,179.2591476829263,136.4616357467546,-28.63246375012129
0,0,104.1641559728104,79.43942341166947,-18.877241830873487
0,0,47.78063167128618,35.20201056682922,-9.652601624728263
0,0,22.220823991306766,15.652843174006904,-5.790741975524327
0,0,35.45136857584897,26.260511507239034,-7.353459998512605
1,360,46.59496516597876,1.4728053313703564,32.055209468655065
0,0,126.53217392310745,92.89869687089288,-72.09581325135686
1,120,283.6159785533576,3.8618550934795755,4.5302422553486394
0,0,189.31586400633464,126.9266748838469,-21.587642572125823
0,0,97.22305767730658,75.16951789273133,-15.966195103278153
0,0,74.09703266250943,56.48091209869454,-13.877416802689723
0,0,57.35680057771493,41.74091888764035,-10.791541235667175
0,0,25.42879007326735,18.013679581568024,-6.725176142743848
0,0,35.772277696007684,26.803572816411048,-7.875044637839167
1,360,42.802422223918335,1.3780140039458573,33.471492934100624
0,0,86.95506153696203,63.95639837268588,-70.63906585253366
1,120,435.87196104946446,4.269636427017139,7.845786761649194
0,0,182.96443870100398,101.84284458394629,-35.35752034954543
0,0,36.3409962523512,23.172583093707555,-3.252372279355157
0,0,106.7431213537289,57.376314761387334,-11.17710394193682
0,0,65.93367941266523,45.83734887560275,-10.353407474066813
0,0,28.438363737936022,20.553170482940427,-6.501485823522444
0,0,21.625962949522144,16.14976437630617,-4.391724065353685
1,360,43.87795569597437,1.3815145763670902,32.85045753064284
0,0,130.84985358185833,98.15945801499228,-73.72046545601822
1,120,534.6954388889338,5.036379691089893,8.484624796974728
0,0,159.28420034857854,109.11100891696157,-29.06795792598635
0,0,200.72897454622995,105.85653514606372,-18.32134257698798
0,0,34.56446545373659,23.536215037044467,-3.6075672595154913
0,0,21.691795316692357,15.143983307107955,-3.239790531575835
0,0,19.97110685248516,14.526727297226337,-4.568401447472482
0,0,19.481760705876813,14.444356992236349,-3.986027231929569
1,360,44.94780841697464,1.390728685266667,32.513706343554105
0,0,158.57837530283794,115.38077741559471,-74.06061458281282
1,120,563.5308577107758,5.212138276819437,9.15485475098194
0,0,116.4488224148137,83.79383224695043,-24.344094508674978
0,0,101.50941782958948,75.02158777909351,-16.162735992562787
0,0,192.2805909909857,107.57315563274729,-18.075490562389575
0,0,21.14721351782818,15.659352099006968,-1.7766107037920165
0,0,13.032399436187825,10.001858592000517,-1.8336907044718345
0,0,16.32612739399825,12.701614865200796,-2.6321612260166063
1,360,43.610324299309546,1.3275876220304528,32.1093751002265
0,0,117.40852004139344,87.27614657001502,-73.36199825084626
1,120,592.5504137577781,5.445396241076333,10.497238142607898
0,0,105.96129558027134,77.92374555591861,-33.14537680459932
0,0,14.410593764655156,10.099424137377559,-1.6094341649665296
0,0,15.812317249234859,11.196382988760112,-1.8781723038345746
0,0,38.551106238828005,22.389424165810233,-4.713678584140737
0,0,25.435266864843232,19.216037230059296,-3.331568178183133
0,0,21.968751234183994,16.704169811906866,-2.266691013057013
1,360,45.59669358514268,1.5052059886707971,33.50320959676867
0,0,126.62258059427845,95.30073815496414,-73.69662598176456
1,120,429.2198714235305,3.5065773272030802,7.7067713551795265
0,0,100.40225599469738,74.18856372317622,-23.207286550569627
0,0,35.73621871503428,24.65121784014527,-5.810322372548185
0,0,18.414786967450436,12.745241568999926,-4.283959022494713
0,0,23.151242769564778,15.517070097993663,-4.21986788241702
0,0,48.45864125959191,27.81453848387771,-6.9054007284059935
0,0,27.921016452385803,20.324450803241206,-1.2364032458629026
1,360,49.38479487848119,1.807999559486819,35.15750542391109
0,0,124.13247760269054,90.04327937454441,-73.25706105676277
1,120,618.0792457178421,5.872943503297804,10.119843996610598
0,0,131.9682813204623,94.01804600161817,-30.58044055231506
0,0,62.574528138529224,43.835969964457504,-10.341337822573692
0,0,44.56863574909445,30.76636696628772,-8.5114179495759
0,0,45.386351367895266,28.71184028745797,-8.213211375637698
0,0,57.82654905239626,39.72329865887589,-16.584407732085246
1,240,115.37086956787437,2.5482890448810114,15.212012891685575
1,360,70.12328663078537,2.8760540994154877,32.70338181189628
0,0,133.00271483439448,95.91893387328192,-73.96792349616456
1,120,214.25100048971737,1.8896987196398147,2.6452616231246964
0,0,97.36230042324955,69.75436842889015,-31.027904458446677
0,0,17.642938357740338,8.660940441497598,-15.366359653391612
0,0,12.959018472307266,9.639910938671738,-2.075674934924976
0,0,22.753842060675545,11.119220528199287,-5.787785972571541
0,0,13.662668654455963,11.57418734141264,-3.543292930522412
1,360,45.831203813192396,1.605716223845623,33.35671675184378
0,240,46.567083525036445,58.40899093410313,-74.01832100460578
0,0,76.68721247107847,41.49602833323317,-13.570716924492807
1,120,271.17600883427116,2.7671597489429605,7.010312079196893
0,0,75.27765083694334,53.438657459963295,-13.813446400760803
0,0,17.986579674275934,13.074815773602738,-4.0475370736541265
0,0,14.920832757662616,10.855456204579266,-4.484809014675307
0,0,52.289331639971806,36.59035018076064,-8.26920056959409
0,0,39.64343561432918,29.551931176232475,-6.478907789701381
1,360,40.70742006433592,1.36803197925995,34.553673124961634
0,360,26.57793615148001,24.05407328142727,-73.70439934577946
0,0,35.45893555686694,23.730357109324515,-6.097941459854098
1,120,520.885794129533,7.7940375718407955,11.789952357858198
0,0,99.42404904720196,65.63182948029977,-27.311267821913248
0,0,26.535470239299702,17.65175517439996,-4.4815449212739225
0,0,15.493702490667596,10.852040427812458,-3.6489346473167075
0,0,19.91062064197196,13.812037470211726,-4.348716304082885
0,0,23.19903277723295,16.666881561262556,-4.242416772546989
1,360,42.0670352115186,1.114404742784239,28.56926596397203
0,360,20.997910878753444,20.111197569137374,-73.91816558765801
0,0,14.329625597018236,11.904837913699446,-4.937364739977696
0,0,27.46978832920473,18.199020516515734,-2.1910090106968454
0,0,94.38879309327733,60.59597846325886,-11.104681869593605
0,0,43.013933683130624,27.401819102261094,-6.219616370128918
0,0,18.361329077741832,12.157753324556912,-3.073138579189859
0,0,18.73800699507747,12.655085913457913,-3.852091154477364
0,0,39.87302987852028,29.699728857197133,-9.25703014226356
1,360,42.44266338488892,1.1533859126933077,27.883906270907886
0,360,23.578091462405876,16.343486608835132,-73.66114581472091
0,0,36.45953091418668,26.29222208817008,-5.804572738635798
0,0,19.266226760156428,13.680998157834896,-2.77465722187857
0,0,32.60217961089068,19.917583818691746,-2.642278250207113
0,0,23.50156678192164,16.095607866132475,-1.2665794562879569
0,0,21.20544948908822,14.50690747971532,-2.788837709283058
0,0,23.521839157938448,16.3627541539219,-4.979031891458632
0,0,30.038833537729403,22.008484399177696,-6.147589819307555
1,360,40.83475713266169,1.1359910924022814,30.49453150404264
0,240,19.660742971179477,21.684720325895288,-74.16408922547937
0,0,14.56771433054693,10.319349724035568,-1.655031551359329
0,0,15.730052987910458,11.760480664520534,-3.5935533074886337
0,0,22.74745351377626,23.644008188706785,-72.71458169198675
1,360,81.18890434169789,2.9790212072276487,28.876024129551098
0,0,27.802704240672576,18.96613677580359,-2.4398045380947195
0,0,27.599485942629403,19.28439221342577,-4.431309524614349
0,0,30.28950173374971,22.522166787781238,-8.430248606523108
1,360,41.193629848063644,1.1554087689436658,27.98968121600427
0,240,23.097038476966645,12.374348370370734,-73.7224096264462
0,0,14.702948378212522,10.622091519311818,-2.1363187926858984
0,0,31.08699277573354,24.166652324480328,-7.227896487170327
0,360,25.263489409698348,15.955582855995814,-72.86479282953434
1,360,39.484054697815054,1.690973631553443,30.42846691974013
0,0,41.201251982004486,30.098573803012748,-5.689492629314799
0,0,27.365915152699266,19.914137751473096,-2.970977451787846
0,0,18.115567653426325,14.080641926264155,-2.1340289312436056
1,360,39.09227407176643,1.3070317641504479,33.70535023812583
0,360,21.27157232831889,18.044037658602953,-73.87208420782399
0,0,21.28531275983695,15.692450405289762,-4.36839245894889
0,0,32.45178494394309,25.6329863297545,-7.040523370423756
0,360,23.440543749625824,17.14289248978456,-73.33777932313258
1,360,31.33633546317417,1.3645565021258519,34.183356732513246
0,0,14.355535520967896,13.457334870305637,-2.7188262365309157
0,0,27.403568053143655,17.98046011347787,-1.3311202418852162
0,0,26.60891003296466,19.72473648712058,-2.9767895364668533
1,360,39.92965354600171,1.5868253722267953,35.23924931401669
0,240,17.87398498223372,21.721663406274438,-74.00183061947138
0,0,10.384035132420093,8.308415231978435,-2.754090102742296
0,0,12.770328373363832,10.106185952429033,-4.307973423947757
0,120,20.072299596939068,26.485503348074584,-74.13320071852415
1,360,37.18588020095853,1.1985841097889232,33.56874959463167
0,0,38.61530424105045,32.263430987168256,-9.636181236494778
0,0,16.21024374932213,12.409853006502036,-2.609903772797466
0,0,38.954766804463155,23.25658908309691,-4.228727564506485
1,360,63.027458648596266,2.375761499383507,29.57855362004804
0,0,22.805305253006964,22.298320348682715,-72.74438892246576
0,0,19.73089565064129,13.417159869158056,-4.74721880919374
0,0,21.327269426696077,15.769402241545931,-5.407186020555017
0,240,24.232591198122236,21.27133032776351,-74.11710835944754
1,360,35.90335045564262,1.0898944840272335,31.327866206892494
0,0,21.72954565396715,18.800898838870147,-8.746212015100227
0,0,16.447342487885283,12.90204326288134,-4.431209603387771
0,0,102.52843058628679,71.08682145474741,-19.937784912797007
1,360,94.55673742028264,3.0978981987615573,28.069659831107074
0,0,26.029767574198424,17.350610319921884,-1.330079395775087
0,0,19.78607614997425,12.949907812221637,-1.1323602686937875
0,0,31.76362354096748,20.484588673399706,-4.197202417522703
0,240,22.449721490238918,28.474061649371215,-74.24829074840963
1,360,39.048074519377195,1.0292951771364178,27.64367898868865
0,0,13.900023854110465,12.105597393062894,-4.898940864975941
0,0,22.22594769784153,17.211120675910774,-5.179049206751117
0,0,31.398581051926968,23.405863247481495,-11.406285765235296
1,360,53.226085650636996,1.4716263811968464,28.434039237343242
0,240,51.48302532248235,43.923541774014645,-73.89838625892135
0,0,31.330526021965035,21.9018253783866,-2.643943603983331
0,0,15.524547681998877,12.011199665405037,-2.1448870378645353
0,240,22.302288535249527,31.81640590776992,-74.2027771501287
1,360,35.339169146420666,1.1619611043877913,33.36073025444446
0,0,16.35816756532508,14.179676206340886,-5.916938321301572
0,0,48.08928948884437,37.88695903565436,-9.127057606798743
0,0,24.04932171228169,18.127363169469575,-5.963197685820418
1,360,41.401721826057894,1.2851834549561716,28.3856856904508
0,360,27.94340670064088,18.402847080235276,-73.51541701589375
0,0,41.23064848989501,25.394359559016223,-4.25011903376199
0,0,28.51602824549294,21.163647067042756,-4.976962689391684
0,240,23.22238268634599,30.40137970133824,-74.16735032644819
1,360,37.498637719116836,1.1749238328098617,31.754038564995184
0,0,18.118981619352073,15.027246723432564,-4.587436441134642
0,0,41.58525972278975,32.11919771751316,-7.837440949572198
0,0,54.33515577666044,40.577258348018496,-10.82243354821599
1,360,41.25732044339568,1.19041035463496,32.108442502111814
0,240,20.98069029780219,26.675392077372987,-74.21620227599519
0,0,24.828388001164907,15.989326419345714,-1.3049825143675093
0,0,32.7590198160912,20.461194582571554,-3.737914499579958
0,360,37.654720490843246,46.450872820046015,-73.88635824127263
1,360,47.893088481021216,1.5442951123413657,29.876527044457575
0,0,58.56843307911026,46.161921633506374,-15.130358206379533
0,0,98.35331755629727,79.83474339420583,-18.820494900948916
0,0,95.63516090549716,72.53632242194783,-21.30959926903315
1,360,43.66893714887587,1.1553351561014031,27.143240178935585
0,240,16.85043313998409,23.478554696464894,-74.14299094956252
0,0,11.622565714299865,8.804781344137002,-3.731719383532436
0,0,18.80177296607076,11.778852175776127,-2.362523796109386
1,120,175.52372110779163,2.9445207347963027,4.40365871481842
1,360,56.4757841109037,2.4338180813388943,33.3866847930468
0,0,15.731437326274532,13.567718912243953,-3.680976053971122
0,0,35.22504671841491,28.07995328490846,-7.362802633197177
0,0,54.39236406512431,40.38754713485646,-9.39623290103306
1,360,39.438792532445156,1.2095324351099859,32.5914866916723
0,360,19.97716815870874,16.508993637689574,-73.87011759415178
0,0,10.673240514081495,8.612028406066921,-3.5695472328044673
0,0,19.091721073760166,12.342568755386655,-3.9141672164858363
1,120,143.11130432019422,1.603869210712488,1.1914327567943275
0,0,165.9760736162105,97.07744362723271,-38.065410569980116
0,0,33.90656829797134,24.281544712739034,-5.5464637202444464
0,0,82.88243734511391,65.52727529369702,-13.479780281542503
0,0,66.70836472104169,50.939776896930034,-11.901907539190653
1,360,35.96650422919204,1.5889560941850143,23.58905880327208
0,360,21.411969608780637,10.745763207600373,-72.63101449970775
0,0,16.31789122418277,12.140324339453928,-3.273713787997366
0,0,21.026320149324565,13.778829272987373,-4.302727559552665
1,120,137.5942618469562,1.3937076279300484,-0.8248943277598073
0,0,134.20573980296032,102.52890218525174,-72.41340948726925
1,360,83.36353996818373,3.153984140274555,30.458335039716573
0,0,75.62779100622397,50.57177749309524,-9.967266057359936
0,0,75.2806732171167,57.13485900333301,-15.457629367097155
1,360,41.34963540569803,1.3619165659728902,30.250290719222733
0,240,21.724328187463506,13.083252016654768,-73.6967098999822
0,0,13.745737229238905,10.300442142225318,-3.901119169649178
0,0,23.790450438199624,16.15342881654971,-5.232552860196506
1,240,87.27691193367109,1.086275127246895,1.6392547139878246
0,0,67.42469823702007,54.855315124219665,-62.53614185631989
1,360,49.68619089452796,1.6913429285157031,32.538586728970785
0,0,83.88905907847274,58.10535944485772,-23.018947528632857
0,0,61.70306783482087,40.93563806789216,-11.4032256776715
1,360,47.98516812418598,1.4900611149652907,29.897027549442797
0,240,22.20305371955756,19.60077105189209,-74.0419501628923
0,0,24.755896837773342,18.06227251061071,-7.013577946324574
0,0,26.96656754563267,17.56060486495101,-5.4292394679365685
1,120,121.38050117958561,1.2524680058960553,-1.2637733351750313
0,0,120.81094797567597,98.52542302754999,-73.44436430671418
1,360,46.047366502233515,1.3727837058387304,28.398817004976266
0,0,87.32388016278848,73.39663324396929,-72.00013841670169
1,360,85.10122472478916,3.139514814087995,29.61839720914402
1,360,60.78792273933674,2.2803550292364636,30.91320977015235
0,120,22.269783240939816,22.46476567711509,-73.89350683740992
0,0,13.119806707569996,8.856847813133726,-2.9494027936169687
0,0,17.73595376216316,11.763627349366345,-4.09125261027981
1,120,115.63574331839561,1.0989129377407962,-1.4018394899922555
0,0,50.25479546816421,39.09309665076363,-52.707234277551166
1,360,46.724626010788185,1.1551011975823937,24.496926414376517
0,0,84.12243683317283,73.25015143658689,-73.1078154340881
1,360,56.05605198354379,1.5814606162128084,25.283189892741618
0,0,116.64693171376821,78.35933634196186,-29.362792158527718
0,0,22.152287292485084,15.6248083041852,-1.3445513200904031
0,0,16.09577569633305,11.045291397265117,-1.0497920284689712
0,0,20.336393852817064,13.366707247258208,-4.1821975799989985
1,120,95.4131887752469,1.0661001894095075,-0.412636000457411
0,0,77.16205707583313,63.84960691922162,-68.03469870663609
1,360,39.08547187794561,1.132402114127422,30.304622886171785
0,0,33.926930757095505,27.738119196030635,-35.39578185255401
1,360,49.665629884881454,1.3870032238512486,28.42897656186355
0,0,169.4622825171964,111.3996483847763,-73.63993883543843
1,120,800.1402501273184,13.50708447195115,10.148171664344048
0,0,31.219205362441155,20.658157189018297,-3.804820087539454
0,0,22.65609085860882,14.198552088841073,-3.6585270850677176
1,120,123.57178563505559,1.3186676122853704,-0.9519774744228897
0,0,115.2007338314003,94.98239255041555,-72.90321774538221
1,360,40.09258263388724,1.206029397186859,29.860381439597163
0,0,54.33371812380426,52.507340183395684,-71.56931581839045
1,360,42.345763376265175,1.2930811619516498,31.51057216968121
0,0,99.10797867680984,69.9996675521826,-70.75810273834234
1,120,845.9071162175503,10.798117083675022,12.393676408812212
0,0,341.6950360709673,165.91475242479348,-68.16705321842396
0,0,42.662227170840445,23.064723725708657,-5.277992037980582
1,120,143.51933299732082,1.7460997884005764,0.9186061744056531
0,0,121.68153318634143,96.52156452592854,-73.08395846060921
1,360,45.97734802821735,1.2983111078442202,26.751757139991497
0,0,90.03876440683156,80.36972631031499,-73.18955372964585
1,360,45.2739055887448,1.2284058521082777,27.441213603345133
0,0,108.90871925458686,78.62711520709438,-73.01718167735585
1,120,777.9820118344554,8.459786481831115,11.25884605831611
0,0,271.8934968847683,155.2932913695374,-66.58060234285543
0,0,79.11863275273107,42.929231628485375,-11.087378843858716
1,120,188.69735706808422,2.997764304840117,2.1936593128591824
0,0,101.19300918793708,81.93159217411824,-73.29062027725728
1,360,39.291195957117914,1.2780745324594838,31.10823102411618
0,0,27.858215657542765,22.570000342240583,-23.24267115492978
1,360,40.12899827042854,1.096796920740302,29.353381135965805
0,0,31.233125960173926,20.39591654556875,-21.4208948618977
1,120,644.6278919904158,6.183873934793018,10.1632014821744
0,0,161.7478887669725,111.86418838962936,-42.43988692842571
0,0,74.59962286432999,45.62379978127164,-15.988685706025962
1,120,261.66243849530156,3.5257187794787015,2.98892402838473
0,0,110.23291151783991,74.44734280196664,-22.17532926621486
1,360,45.39480814940223,1.659154040217226,33.337098884359946
0,0,22.163174479459926,18.648240597028817,-19.360040380751975
1,360,39.25089387794493,1.2045684992610464,32.91723821706913
0,0,37.40434092845263,24.993860613644316,-32.6612293181621
1,120,675.4186363562372,6.445821535731744,11.604839958862854
0,0,150.43052370118215,101.62423487087054,-64.68047739972901
0,0,21.058194861882782,13.632365780761905,-10.489437733892615
1,120,184.1794061158023,1.7842455053821478,1.3916415877710762
0,0,79.4417847584199,51.224422612733704,-35.92413615498089
1,360,65.61124807183526,2.6824720482799242,29.374889179985644
0,0,47.580441268708654,41.03262668582601,-65.09500477155152
1,360,41.179212874025026,1.178066819402831,29.57570586509071
0,0,24.576171846442673,15.799503906383888,-10.626413081986428
1,120,558.6562806054835,5.12281913084859,9.201284814262863
0,0,105.97654720187607,75.26913544011326,-23.54513270776623
0,0,38.18435033231695,23.984182642595414,-6.865694530996549
1,120,170.4518730279725,1.585835649323647,1.565912533683246
0,0,23.804711145623436,17.27525753775123,-4.968606776819513
0,0,49.77464515222931,27.517227132630193,-5.3578957121634545
0,0,38.52259217770342,26.14046551559283,-5.885483951853274
1,360,44.09638700857627,1.443423416978157,33.056037127547896
0,0,28.30692329214861,18.310511921018996,-16.70733582107667
1,120,504.6595983164856,4.587304018544888,8.151945399868836
0,0,138.05992900534503,98.13992560455918,-37.073276057799134
0,0,23.096863826044217,14.712364092401325,-5.249610246249404
1,120,156.4311175872655,1.3363520409952983,0.5330517949048925
0,0,55.69056459425878,41.69633416024813,-31.319278918517952
0,0,17.306534943116247,11.856783168498756,-1.679495598331954
0,0,42.16741353114477,24.303241129405915,-5.301340297923133
1,360,62.405789609434564,2.609449517613621,30.78370353374487
0,0,27.8021655804592,17.125143693864473,-9.825415386086249
1,120,325.89600332242145,2.887306826166816,5.436302957605875
0,0,104.6946903222192,71.20768458416418,-20.703493762179157
0,0,19.928260385137037,12.736261506672998,-3.8173935085498982
1,120,146.57814351466766,1.3291593794878547,1.007236302375901
0,0,47.99971378837797,35.92791067874113,-10.384803556132937
0,0,12.861746181454143,9.61212825447233,-1.8941597000862629
0,0,18.56574787107284,12.603035646330778,-2.2608456213024937
0,0,142.0078193468269,57.55178523560984,-7.208969741503623
0,0,85.83310401129427,44.675903061110795,-10.339859821097292
1,120,367.7733970470771,4.120466870355768,7.29119897386245
0,0,131.87805113864448,92.76136137110797,-30.536799956609308
0,0,18.252997706637586,11.730593146132795,-3.56697426122021
1,120,135.87815291377808,1.2201650881349824,0.26378074282844466
0,0,52.32675105970937,38.13888261032134,-10.697681896839612
0,0,14.858942905262337,10.640555310781155,-3.2163423504067055
0,0,28.41747181075229,19.75887312191529,-5.988419468761222
0,0,82.64468412519935,60.27699041935961,-24.71347413962424
1,360,87.9246057987051,3.387934206134542,34.27508441850726
1,120,506.46555503788295,7.395507505838496,10.470542521575155
0,0,95.05015752946044,62.64674067291108,-20.135225093120795
0,0,21.582669743498762,13.968354516863698,-4.070993581592148
1,120,89.80373206444533,0.9980228391670217,1.170474279520647
0,0,18.04198997745419,15.070180268984934,-15.771815010518168
0,0,15.275538669741621,11.729194149915248,-4.969368676172138
0,0,62.26283323335158,48.29800993270489,-12.124386313539858
0,0,79.92728490787333,58.54468652291399,-13.558580658848626
1,360,47.63343955072666,1.6389989144486292,33.810225892183055
0,0,36.563181640569894,26.25215134253116,-4.541922322430651
0,0,205.63693755416708,129.0047858493652,-24.39881803376145
0,0,32.629267049743646,19.702952721243744,-5.215045828624042
1,120,143.6364336831616,1.4307547877105808,1.6937201092389813
0,0,79.21733442350195,59.7264198958477,-30.029304210229533
0,0,14.094532586416847,10.594546932152456,-4.27978731128529
0,0,31.836921775463733,23.963086399532436,-7.480905359622014
0,0,60.736935700572786,44.54549914379349,-10.421703632429455
1,360,43.073535608447116,1.300981422502661,32.507411306280005
0,0,31.378612016985954,24.419130989288007,-10.931027104578632
0,0,45.13061829512459,12.748488987208832,-17.262177575314283
0,0,29.499643856291296,16.917459676324548,-2.7653978548828064
1,120,128.35747093612505,1.405332293252809,2.366156656999692
0,0,66.63416565547186,48.25804344257463,-13.868619571366857
0,0,48.29379284999045,36.95953020778808,-9.113843024584469
0,0,20.034882015632263,15.12644443106341,-6.799500881776382
0,0,121.31887698043049,91.5927867339969,-25.50893037083405
1,360,40.7343457212818,1.2774586853078271,33.93640974780699
0,0,18.260708085255025,15.219530511713677,-4.447796526998886
0,0,20.1316551725334,13.505179695630783,-1.481451727264286
0,0,165.48037385288737,89.911466599002,-15.89814874798195
1,120,195.45319301880107,2.9159415173778664,4.824426999917279
0,0,36.02834536317711,24.595675013478058,-6.321036415100508
0,0,19.362777466935313,14.165181872920831,-4.1267163189443465
0,0,18.655720672583918,13.675507837331594,-5.762239445644369
0,0,118.05672131331787,91.07175151431645,-26.212534014516642
1,360,39.16939256538692,1.2194809113594074,33.47374116169851
0,0,13.185168436465037,11.743872339333683,-3.58257862610337
0,0,15.8241622586369,12.254502436592498,-3.74442603284497
0,0,104.55091032915466,73.31737651565682,-18.89916621333738
1,360,87.51514314558386,3.4169679564378583,34.02991103557267
0,0,128.16233254128255,80.98742047510461,-13.329286424170263
0,0,20.858811530409938,15.639275869298979,-3.2701582576851536
0,0,20.300136321321325,13.788626473084873,-4.154869124531288
0,0,82.31143545776351,62.57870972693639,-17.652361638312925
1,360,39.1538320874141,1.2228705361954122,33.931288784945124
0,0,16.372979801977607,13.3968948524479,-4.117681774708373
0,0,32.7112794460536,17.994564193169566,-10.805226280323232
0,0,122.08611296735776,95.37022304262716,-39.00075235500768
1,360,62.82222359200676,2.1598435860541354,32.54391586105467
0,0,236.25647253994921,153.85846506960985,-62.077292134589506
0,0,23.022001086969176,17.93995825722206,-2.7517586074555993
0,0,35.526413319569485,27.928238978077964,-7.577046233122985
0,0,110.58393413388649,84.10036598413959,-24.00178520335811
1,360,40.16492856124857,1.2998517823670304,34.33114022661471
0,0,17.03858733636029,14.496659444985783,-4.887795484828615
0,0,37.899353118670646,29.60740074227198,-8.087868523670764
0,0,95.01096953932945,70.35659333036793,-18.64486669170912
1,360,55.225456318821706,1.6638946720374836,30.83187389172194
0,0,232.51380990133381,149.87722333013343,-74.14524737382352
1,120,500.61122670325483,6.808105906176328,6.648930309757915
0,0,31.327617624498945,15.30581885142773,-16.426852774701842
0,0,95.05056198422817,79.85581991325365,-37.53407112090936
1,360,39.41977948150058,1.3242321620064073,34.68417857363484
0,0,12.038081400706249,10.648089884569108,-2.246989877884374
0,0,16.15686491213631,11.922234495063252,-6.558973835877438
0,0,108.33215059888796,86.64771127011704,-34.0273606546369
1,360,49.331925286616546,1.5480148502702444,33.37680924515384
0,0,190.0824749268027,129.49833706278997,-74.20194183859887
1,120,603.0433529324849,5.741660458448027,11.135060312129937
0,120,383.3497296467908,106.24433182567793,-74.05230137745761
0,0,143.63153610361064,99.09261807811835,-36.44269817720363
1,360,43.7196373924409,1.5804231682372842,34.54716159169662
0,0,12.216433084257416,11.49614293560289,-3.2859458114836855
0,0,11.644508304664301,10.546939499438242,-3.8297504335694157
0,0,60.08443250066438,47.88370417672679,-13.628779483900594
1,360,43.873863349097306,1.4047621459398298,33.934053272213646
0,0,126.2982519929017,98.44836411806871,-73.73213945588374
1,120,286.9890724863955,2.666085266048973,9.03219311859472
0,120,50.43862016009499,20.723391551416128,-74.0278121550197
0,0,34.842068498856584,19.305002400401083,-4.157275560737915
1,360,58.216164007006796,2.7024390914754672,31.882029329466306
0,0,13.677174792386554,12.37247177121487,-2.8011030398448895
0,0,17.49845424569381,13.520038923331146,-4.156676033378474
0,0,89.1983147532231,68.26350338420013,-19.28482467744916
1,360,47.633674869864244,1.4508473953954377,32.514364158295706
0,0,157.50012830697662,114.63242573900726,-74.12103983036417
1,120,553.12210395754,4.906202952161393,12.298609688496896
0,120,62.63358588834005,20.413390614134936,-74.03020753223642
0,0,23.248289852649506,13.504835934223854,-9.649491576551185
1,120,196.0064283112638,2.919141210514397,2.756049283087492
0,0,23.375369540668544,17.975744664998388,-3.0236692452673424
0,0,19.533400387561418,15.922088660551763,-4.143752888075042
0,0,100.49982519211864,76.26212689434382,-19.563321789445844
1,360,49.35342021909034,1.5889742332346628,33.744327843258176
0,0,165.43941361550145,120.95606897616908,-74.09734435066457
1,120,480.1709651892246,4.047058664750338,11.279871149740856
0,0,62.16530080454558,36.485587483140556,-74.28158373998504
0,0,34.191377991679886,22.416083990004218,-10.915106322478003
1,240,82.85310334386931,1.2273319499261786,8.887124151148498
0,240,67.09467785400298,37.24931825611345,-74.01635887958241
0,0,46.66276281563396,33.80866105304927,-7.330669632085076
0,0,165.01738344968857,121.27957663725451,-41.72985501916692
1,360,55.628749198304384,1.7387987328634376,32.423535763340865
0,0,208.49859475655586,142.6821618327033,-74.25302959064331
1,120,429.94056569727724,3.5770875114394345,11.271777530388434
0,120,30.17991839129628,21.405576201460722,-74.25093973428636
0,0,18.322538188655525,12.517112200897031,-6.462807982069819
1,240,68.90303188911446,1.0565007577853598,6.62446626278529
0,240,34.62679928716598,15.892711148841517,-73.81877272059168
0,0,32.39304340422339,19.22161349091433,-4.783073875995683
0,0,64.85428523600818,42.52632071783206,-9.241396633689334
1,360,60.30702969737384,2.0380002435272324,32.4624301007844
0,0,215.03827537195463,144.3925044471357,-74.21493742028628
1,120,408.3790084926537,3.4757511570228523,10.702817739512952
0,120,47.685533324809576,24.793092681131515,-74.25259132937806
0,0,18.275079098524582,13.145240369701916,-26.940276961185496
1,360,50.06135946020768,0.9935769228767317,18.44712913736376
0,240,29.598742628106848,18.091616209723554,-74.13864548210559
0,0,26.87940018946499,16.977429135535097,-31.734801339221733
1,240,162.91788081159982,2.652594744114316,4.953325382196439
1,360,83.1266691950351,3.24872281162289,30.01667489149507
0,0,190.40630347501207,125.34423405452397,-74.1781781509526
1,120,223.98031435551425,2.0187120938889205,5.997202436204475
0,120,33.57069067454529,22.37045248095074,-74.26020759068322
0,0,12.900017713850072,9.598734239326093,-8.818467552065826
1,240,54.82715294042815,0.9146630754348023,12.941519513805275
0,240,20.733307377554265,19.621974368180176,-74.19118124624788
0,0,18.210292798458166,12.49535238561002,-66.36758954345484
1,120,135.24112930088896,1.5091701635017343,1.6840277502614072
0,0,119.71161785583163,72.47110355699049,-22.736695043870803
0,0,206.3217750743243,113.71531538878178,-50.20582086336847
1,120,323.134297923722,4.009299503244285,6.884744404470169
0,120,60.643576509597395,28.780899699937006,-74.11391406778843
0,0,17.330730530379984,11.974503135215283,-8.262705689866849
1,240,54.63098870122024,0.9467153925390815,13.66087740421088
0,120,29.42487120032361,22.92647387693565,-74.24532404425779
0,0,17.01163410295298,11.586176020479316,-7.766118010721286
1,240,100.64608338985086,1.2627288084032586,1.1985854512631704
0,0,159.43605472955144,121.94274311011819,-73.4833204443955
1,360,84.05878300645604,3.409052638714566,31.251717905475004
1,120,307.1864258206535,4.416189733954459,6.9675707745303015
0,0,21.292442194333475,15.086363823416912,-3.7709134846556935
0,0,53.75718623672061,38.69420662148481,-10.970770772448034
1,360,51.78125188389477,1.0618435003895792,19.5652559894844
0,0,39.723580164984554,33.94800276694674,-72.56843753050877
0,0,20.747136053748918,13.3438203453911,-6.726146211318493
1,120,148.16691537951996,1.3841306499838637,-1.6792041614211115
0,0,147.73857571933058,115.8041449476768,-73.96055697287296
1,360,49.28471438463853,1.6299739447657753,31.786171566107285
0,360,51.16265302410624,48.412059823744976,-73.86485182357484
0,0,22.435521451030265,16.095151396067536,-1.4764972997800356
0,0,17.21030780015154,11.732366194209112,-1.6065780832403078
1,240,58.73049810453747,1.012635428624349,9.737820167115416
0,0,24.334219650666828,20.595608110397553,-53.170206790723796
0,0,17.094440701352283,11.408101271827672,-5.03764818099701
1,120,120.23488672686749,1.2002078188933762,-1.5395226134409512
0,0,154.64763384350758,124.62068955356446,-73.9338520492781
1,360,44.98545947898827,1.400356558216234,31.61384075734439
0,240,43.349704677572454,51.06296746013471,-74.34913395321433
1,120,613.0795376611389,19.511401539239692,4.482263413055833
0,0,34.75327964675648,21.50060368874521,-6.689462631012873
1,240,66.43292367049825,1.2672712314819694,10.021255053058582
0,0,28.452120715330942,22.177689680873083,-19.160010575306174
0,0,17.831182637223893,11.943719582996364,-3.685031190416211
1,120,105.81898633181672,1.1749126499976998,-0.7424842961437292
0,0,164.05697251197302,132.43586281649854,-73.90603224939352
1,360,42.314863032011026,1.3143962183077174,31.291919545632865
0,120,49.635895105730654,54.81081774603741,-74.42681699848445
1,120,637.5537280763307,8.30827364172681,11.991593393082496
0,0,49.6506724121987,30.378257520147535,-6.244809009378628
1,360,66.04038928783706,2.233524405726127,20.314473673097567
0,0,14.301773370968117,11.423020376002603,-1.4428821338071174
0,0,19.679204492895337,12.656613115773945,-3.0168163144782056
1,120,139.07611057866825,1.36847418463536,-1.5161410464228737
0,0,171.67667972421108,134.2993426845688,-74.10782944406078
1,360,44.43644522355598,1.3091725242235208,30.447618488166626
0,120,66.61828896740792,60.94641785817573,-74.45513294043593
1,120,604.8797246524151,5.606241358063847,11.114476539455907
0,0,30.03554826195702,21.3239948570768,-5.498168460734163
0,0,155.09543145488604,88.45941278069766,-14.559449951585869
0,0,31.08995264926098,21.070883614926043,-3.06150608306298
0,0,29.466669762137176,19.269262484946186,-5.1542604157921375
1,120,102.98169201389105,1.2343906818485963,0.9505976204467714
0,0,172.05973515786144,135.08296090024754,-74.13050138171683
1,360,43.61918921244576,1.291826925916735,30.4863213099259
0,0,79.41499514535043,65.58087953144646,-74.40358646799488
1,120,717.7176043158767,7.108042664726359,11.848797633540812
0,0,41.40981092141239,29.21296834041745,-9.218306503582085
0,0,166.51641047844433,106.86994377369274,-19.199949922244286
0,0,76.54211616158807,43.7897706855393,-8.165399068722522
0,0,36.90269200318241,19.759446527212916,-2.564597823315495
1,120,148.0746996924788,1.7024702668849954,0.7001533928104635
0,0,186.31213287462882,137.14035601442365,-74.2136190260556
1,360,44.882591924109825,1.3831261340693517,30.391654274516867
0,0,84.42879293541651,66.43264140175788,-74.32476558276774
1,120,775.5058073794312,7.6113037290386725,12.38184407023219
0,0,38.26907992929371,27.460827720162104,-9.02743198052103
0,0,149.64085150523076,102.29107564598533,-20.96522076164934
0,0,22.134415907043948,15.924462586661093,-4.691562685992579
0,0,101.15585817909083,58.4836322428701,-10.670340951218577
1,120,167.64991334929988,2.6681890435936366,1.7785782109061046
0,0,185.2390923146866,135.66980106990698,-74.01462808260702
1,360,47.72383886817461,1.410288040113315,29.61561606833773
0,0,91.48551381842819,73.54059601284516,-74.43504815589239
1,120,670.2146712881101,6.456292170060852,11.466882052041086
0,0,32.411144593509825,24.024284383115287,-8.527551064283003
0,0,110.97435799803246,84.8619327508787,-18.599514944998305
0,0,16.709182827648597,11.964773560312588,-3.972512886035574
0,0,45.67611379407767,30.847539741786353,-7.200209980640722
0,0,53.895936283219264,32.02657092464428,-7.816166055081041
0,0,120.51859336211861,81.59059212930968,-29.26496927771276
1,360,53.2890592579717,1.8014851751611325,33.65911169052917
0,0,83.60532302832944,67.44449464990636,-74.36742835234269
1,120,562.8437846588115,5.078225950307026,10.797884459828268
0,0,20.651197544413904,15.281142699614717,-5.214750228328754
0,0,37.701475461992196,27.277383108385408,-6.952909108257003
0,0,38.811185361920955,27.460306442618812,-9.110770446867349
0,0,77.73689760661539,58.45736549012092,-12.606939223736347
0,0,26.48186159826858,18.374592428530452,-3.2986774411028534
1,360,83.45049038952145,3.504609856691697,34.48786667049444
1,360,99.33035526182782,3.749181656925436,30.054861453583726
0,120,246.92057697235705,129.6787272699346,-74.41680179831731
1,120,659.3525752163166,6.562662374915795,9.683679515850613
0,0,94.9888863090117,68.91805891559187,-20.10148086223021
0,0,133.67284490845262,99.94342192483668,-22.450649715883415
0,0,25.302311552107614,19.274128681255757,-7.780073675365983
0,0,98.24828432998075,77.08803339850779,-17.458452007994715
0,0,18.779213582185545,13.621334420859199,-2.4437930603887565
1,360,44.43419498430282,1.5820930174486103,33.30900436615518
0,0,28.763565593924906,21.845771136183668,-1.5943294062162465
0,0,477.6748468521822,151.18324617568743,-73.86100088812599
1,120,583.2264223990255,6.439540141335037,8.617311859094784
0,0,17.867077997859443,13.058433570161018,-4.023006412530464
0,0,19.54261460254249,14.04171517350403,-4.202981195126185
0,0,17.335982927068116,12.557230847715608,-5.3278693835782605
0,0,146.14233247185993,88.83556102050655,-18.57154116494231
0,0,18.33580246660613,13.386448168708618,-2.617073120804079
1,360,44.38392861039772,1.3474692531960977,32.1378942836442
0,0,59.10207805336901,43.80887198535551,-16.572779399342814
0,0,210.30047751538376,81.97442709959485,-24.43833271548663
1,120,672.5623914940129,10.528355250590657,14.329425350904117
0,0,51.77538728976276,33.85398965758435,-8.334486601006219
0,0,120.9197095395786,91.4196718707268,-19.725040131269786
0,0,19.93525929104943,14.52981410559758,-5.876336996237413
0,0,79.53591241345396,60.64708620423339,-13.681525401377812
0,0,23.948285234442586,17.760321789227866,-3.7097450404552603
1,360,37.70091290217891,1.2109866409592291,34.04056097297156
0,0,14.801980047305248,13.961810370408006,-5.618498597834687
0,0,89.4093371898526,68.16184581010823,-13.575205052919713
0,0,73.49118148162728,44.16950587838936,-9.217269820856387
0,0,31.045947970532552,22.866436792530298,-4.911156234924491
0,0,79.94480882990038,61.793936247513074,-12.632115209448301
0,0,22.113698630782643,16.402068342693934,-6.708718284050377
0,0,97.19120870277904,74.50467769629621,-16.736629394000317
0,0,17.167343673234623,12.639836432029192,-2.5489851316634713
1,360,40.14936808327576,1.2391365968871983,32.94117767760224
0,0,34.26953703711188,27.997416734647906,-10.107118304102158
0,0,127.42823978413955,90.06544353214204,-18.10673676261584
0,0,151.28584993651984,111.83687908179358,-22.785015283687727
0,0,49.19200599815302,29.54668740591857,-7.067577042518394
0,0,43.60675038990747,28.89033417143159,-5.710913242261384
0,0,49.59742042673548,33.802690311891205,-6.737778707445358
0,0,62.39475902486026,32.85295362288835,-9.593427441674848
0,0,16.263556403000507,12.345083567318497,-2.9930933499360037
1,360,40.11433862352929,1.208986414494112,33.06877708393594
0,0,39.22018840735159,31.51954257343799,-9.904432259383285
0,0,122.59601276988957,93.59351193492569,-20.7664607884579
0,0,88.7375231132161,68.5515585369086,-15.93655596944594
0,0,20.413477416253066,14.732624882536806,-4.612300173013551
0,0,42.77866969846833,25.129367415453007,-5.542475197950409
0,0,42.41260136506241,29.67338320838735,-6.676293846027448
0,0,125.14114367105715,92.19421140400281,-17.975569335816587
0,0,27.523571621158275,21.266428909998314,-8.114343485328163
1,360,42.26884343316702,1.3585533572286066,34.14484542643824
0,0,51.91058181116696,42.841417495313515,-14.453441856960808
0,0,160.00205608522816,124.22336899234843,-28.29138264321439
0,0,101.34904048360214,74.74824674168822,-17.157214490183797
0,0,20.747665521808486,14.587887241637112,-5.162125049000309
0,0,29.957482976493907,20.65982668601507,-6.671968089593719
0,0,181.18261689865523,100.63227470086078,-16.467112702241877
0,0,96.32392531376283,42.56034746168521,-25.045437434606356
0,0,20.522612181600476,16.175877563508806,-6.367549746070225
1,360,43.800414363278534,1.38512909019728,32.648899763107366
0,0,37.0225209202746,29.986724548520304,-11.76804640265837
0,0,155.69802493645724,114.2116617769252,-24.97170805954881
0,0,74.31319535155055,56.924848960863415,-14.008142910738279
0,0,19.916852922256442,14.522931833167858,-5.699418137821041
0,0,18.143122053692938,13.14240856466942,-5.8088069006118275
0,0,113.35672159322161,78.98588377183816,-15.086226331309796
0,0,70.74655878157188,41.87535213948149,-9.61910719690411
0,0,35.428380837596116,25.858257124518623,-12.734430382074606
1,360,46.78847103430426,1.5887902011290063,34.7777298220138
0,0,50.70031342539732,40.721435263344596,-13.536310715476176
0,0,146.76350145785426,112.88534010206365,-25.225204047980043
0,0,83.04649155262602,61.518707340086124,-14.845761736177451
0,0,22.666709634692353,15.692684275755132,-5.520134477042461
0,0,35.574400039329234,22.93699663901909,-6.607056762781241
0,0,87.69298558381385,55.80460379630693,-11.51415072932084
0,0,139.10502541769904,79.76811567102335,-73.95382796782381
1,120,201.61598062046502,2.7278976879252577,3.9363104845987777
1,360,72.14410443224406,2.9278754270810414,32.26372008820624
0,0,74.29585527259975,54.23243072572868,-15.451600786427257
0,0,95.5281495276803,71.24989961202175,-16.042172705933595
0,0,69.47793124968112,48.54924880227447,-11.66395346487596
0,0,48.0333129489913,30.544623952519302,-9.718020884442495
0,0,67.74249673232883,46.83502337457361,-10.488188718560465
0,0,97.18198713407493,65.12229617916921,-14.306590960974034
0,0,206.08791197390295,86.69440646713049,-74.2551130392914
1,120,191.41327818707728,1.8031324826408566,3.0004399497472747
0,0,48.577514192687666,30.60911866434894,-8.833334997902995
0,0,42.37552389344665,26.240671965712863,-4.357634273554524
0,0,146.0538377686818,83.13559677787468,-17.346898285294856
0,0,56.662524554023626,31.60120563159897,-7.32241780412393
0,0,24.550341894231174,16.105526228037334,-4.573222646654628
0,0,66.45562461355217,44.290859290468475,-9.309788549894094
0,0,34.0408950800557,20.594623318498193,-5.328706223850816
0,0,134.5519972064708,63.17740684741847,-74.3019045689105
1,120,121.354579305836,1.1617679147036715,1.473135674810237
0,0,20.946966123897017,15.101947204244988,-2.6355835280267286
0,0,40.979923302521065,24.491216629234604,-4.660303995612992
0,0,121.58926602323889,77.92330035671948,-13.448313421940895
0,0,41.40128427953645,26.54423019433057,-5.492285598519686
0,0,24.93068748093777,16.58728952469251,-4.904882014572593
0,0,24.405320960402033,16.54580851197024,-5.573046929897302
0,0,93.69367506829687,60.10841207957441,-12.09887309368822
0,0,141.05218832909355,71.29432936500919,-74.29801661837185
1,120,114.2132097168011,1.0867690201084392,1.2865993983362216
0,0,25.169532728725187,19.81192508724049,-6.921775319410642
0,0,12.749544913595079,11.250533159071791,-1.1465574096360314
0,0,35.32763483181747,22.14030281015302,-4.176751873150778
0,0,46.28129946302384,28.49846025611388,-4.556452534128141
0,0,27.651631192773664,16.580843998312577,-2.3352203209483235
0,0,61.90538346335971,41.27050394398853,-8.54221866766703
0,0,74.09804012256721,47.4026974369385,-10.066533632575755
0,0,146.17518890644524,70.47448658664615,-74.27736031173451
1,120,110.40342964791256,1.0862999583731126,1.9156451534576036
0,0,19.601742212722286,15.184586601155974,-6.150108666894084
0,0,13.203273302612995,9.796669662377285,-2.8683999859417924
0,0,17.274441457297307,12.261886262550362,-2.938636281453725
0,0,29.840395159668425,18.774591229232442,-2.794941230872894
0,0,30.321714717568202,20.315629941893715,-3.009905096306909
0,0,43.062688866949046,29.807768559048846,-6.190476842429575
0,0,71.5861259884144,45.92089416835249,-9.726077033334946
0,0,141.168788961767,81.02896488644701,-74.25783156669887
1,120,101.95826702336403,1.0169932912755688,1.3113798625263229
0,0,22.641217953741133,16.97392107855454,-6.159184844974462
0,0,13.51790418171817,9.60995790837653,-2.9058870994444277
0,0,16.07805506221443,11.285291804772891,-3.943402502027311
0,0,20.028614805163297,13.944620891203291,-4.327824440960256
0,0,36.984248468663296,21.965994643966237,-5.312714664214695
0,0,34.43533407698673,22.57960734647769,-3.151043828841267
0,0,43.97203555180861,29.860268251949794,-7.348563858410529
0,0,88.24446333646773,50.63899693673227,-74.28043493861742
1,120,93.01072745496337,0.971256998391596,0.993713629713028
0,0,14.730425564387115,11.775168715946545,-4.432883283932867
0,0,12.257685632134553,9.45339360710605,-3.5284629551452156
0,0,36.83769244514756,26.794851983997543,-7.277453252166083
0,0,27.0519828772838,19.92230208488768,-6.555938728620276
0,0,16.85013899106211,12.143929607652016,-3.6645889728131493
0,0,29.997490906744908,18.595478856497994,-3.7423526673935754
0,0,66.78804966400646,41.91144145177622,-8.657132241610412
0,120,60.05071935734377,33.032819734773234,-74.15240228009036
1,120,99.28148977216365,1.110090818898915,2.1368457687835587
0,0,15.421902577242687,12.221843694075943,-5.22271894614795
0,0,34.08234801688593,23.95955298310383,-5.5306969833681165
0,0,15.522519892867967,11.397320688689037,-5.194599447636534
0,0,63.247857082113924,48.03833482008329,-11.60728147587131
0,0,37.967209598110244,29.978384107827583,-8.264745748242717
0,0,19.320714171091968,14.921379480963989,-5.378895823281539
1,360,81.94655842749162,3.612316715787725,34.612701589559634
0,120,80.21394773979036,46.81159406228983,-74.13329722447442
1,120,220.07881129902884,2.0088914715234285,3.6913452708862167
0,0,26.169140848725522,19.7944566541072,-22.5802184030575
0,0,16.39004595474482,11.892899249099761,-4.08220141250608
0,0,19.750680842506068,14.34235002130461,-5.735460556922817
0,0,43.872914718823914,32.56474067805867,-8.576712307756921
0,0,46.457741017012886,36.96410617930328,-9.894635815794686
0,240,24.072952901301374,30.834589516981033,-74.13625348763873
1,360,44.03776680528689,1.5823770784882505,34.139782750958545
0,0,41.6720226241897,29.53597444797474,-5.036161852751746
1,120,247.73242799702587,3.708083501425843,7.429273455448566
0,0,21.11921973260936,14.589067864829765,-3.4280254689015948
0,0,12.509504685812113,9.608550459009631,-2.2030578452677787
0,0,18.299794961694072,12.716013396261543,-4.824470407487979
0,0,90.0339477182341,65.55489455034231,-13.500047636999057
0,0,24.25087071519262,19.248762188912433,-6.7626840731686855
0,360,23.791783300502352,20.431691682479272,-73.7938337875813
1,360,34.85786797282851,1.227311081213719,33.230982541739436
0,0,18.226570264428315,12.944645726750807,-3.6883452444308773
1,120,210.49721902185104,3.1181938581381097,4.548894217642257
0,0,34.08391435989548,20.99137892756595,-2.849989499945721
0,0,26.66199655965926,14.148157230128454,-3.0768939519552276
0,0,34.97310448987627,20.02162236318411,-6.804505269873914
0,0,81.77990835574303,58.3394271503795,-11.792023333651443
0,0,22.845541148672503,16.01788115785249,-4.827089176301072
0,240,24.55632047107045,23.28866878488294,-74.19626278706332
1,360,37.563026918138576,1.0988304314809876,32.07034753448086
0,0,26.342776957371175,16.73151997663116,-9.009279624360275
1,120,588.1873027980272,5.701795053895416,11.52512780036426
0,120,255.24543268781517,90.62372896329472,-74.15128099609177
0,0,26.65871128388688,18.089467700930243,-1.6258628799688921
0,0,85.2504979489717,56.873961001772,-9.676591045874659
0,0,44.40107381568771,32.22163298134534,-7.460654657703216
0,0,20.076382751662322,14.811457544523513,-4.936552880011789
0,240,22.291967584949504,28.48152578024791,-74.22504605265503
1,360,35.92096262234626,1.140374930877027,34.631794870603954
0,0,28.805590282722246,18.637337443224595,-13.753231371597252
1,120,604.9544973083828,5.669744938132113,12.34993589187988
0,120,189.13144733969835,51.86898652159286,-74.01205946956586
0,0,38.59356663571602,19.402020604357666,-3.501792314419106
0,0,49.074537626159724,33.053732826266945,-6.129857964975287
0,0,54.738400856943294,41.05394271077211,-8.013606235404822
0,0,45.96701972419428,35.04152470868911,-8.667661440860542
0,360,23.27750251746379,32.140023459796915,-74.13170398181776
1,360,35.19055040358953,1.1703550816930688,35.3013919901762
0,0,26.58394965850377,17.45849645622706,-13.550320504118595
1,120,584.8185916839268,5.1584206259828695,12.594726243445947
0,120,83.71718050963594,40.833597284363016,-74.28027451821069
0,0,27.976829371901022,15.490184856483658,-7.358976482896324
1,120,334.1333497335901,4.926991711916738,3.8491458679516057
0,0,48.11173305159156,32.158938790327404,-5.4988887262423845
0,0,26.75336473011899,20.558287456014067,-5.365785325678274
0,240,22.879018972855516,29.9612749335417,-74.15663735280674
1,360,36.59214427880049,1.172791173671583,33.97255625151976
0,0,29.907034597943323,20.50504529482848,-33.86372299258587
1,120,388.23080744325887,3.06441104760863,9.662512869354899
0,0,126.56804538414309,52.170144055794964,-74.27835295365918
0,0,23.829899485498863,13.737504643528093,-10.747092943379961
1,120,333.91532655261744,2.9497414350567706,6.386353979861866
0,120,186.84776335411095,64.57699478541926,-74.07925168052293
0,0,37.6121387575249,32.942895131980144,-12.87441169373448
0,360,26.056042426654415,33.84165087724873,-73.90093145292504
1,360,37.31711841936208,1.2970369716868755,34.07296043068786
0,0,29.433191937954163,20.175356972709434,-31.882455768405535
1,120,487.86772471157576,4.0157207268198345,11.58412295788672
0,0,56.06911587254129,34.135961360476735,-74.26072037002466
0,0,18.739483254979664,11.491292236733795,-6.631949638351244
1,120,233.4383493780137,1.938474976359045,5.012445441252126
0,120,119.33346000173228,33.053732826266945,-74.001272921115
0,0,38.33500237957128,17.86091849307626,0.17878941285923133
0,360,34.521982995679416,46.93675139157678,-73.98898384625127
1,360,41.05390543326092,1.4468158595306118,33.50950463404277
0,0,26.681469218294435,17.509056151352016,-16.884279659799674
1,120,413.99619396638036,3.383115206575512,10.07586200338072
0,120,65.33679242018046,35.598195588315804,-74.27087388888191
0,0,19.260851188607216,11.585730821280178,-13.797771258342166
1,120,460.1571901971753,3.80578500162161,10.030514420054345
0,120,84.38639136831289,27.857452305414927,-74.09447802310946
0,0,15.981565023650699,10.16235924315199,-0.08269611031339252
0,0,62.54790030736685,29.952461116485335,-9.725398401671129
1,360,63.13706589064961,2.520829693644269,31.733654634774297
0,0,42.079948349193586,26.77375292321811,-34.04664545136549
1,120,451.4167314698496,3.723019511899475,11.762449040243993
0,120,63.23740744166053,28.168297148772965,-74.23412489790357
0,0,17.09069949475083,10.530549547276284,-7.545491942448123
1,120,236.66553073830275,1.8614711884558248,6.217720256482181
0,120,60.393623463143655,21.71796374457527,-74.11940856429807
0,0,20.535951835212334,12.285067615786522,-0.3811025267047512
0,0,21.86705292127043,15.441525711104392,-4.097156289416503
0,0,35.79425797420274,21.48425811561734,-4.4784473632501545
0,0,41.62070834475004,20.564400491852872,-1.8038309112642708
1,120,378.8351614071116,3.6693536366026804,10.879403527174063
0,120,63.44372349553832,30.618245247931284,-74.22205931221556
0,0,20.606025462151365,12.478233349316561,-8.561428523475684
1,120,178.54611598859717,1.5016385835375097,5.1697963927979345
0,120,43.21469767610601,22.745111557615683,-74.22268157555722
0,0,14.302612614611146,8.868387066426589,-0.8973538705629949
0,0,24.260250388942303,15.815053474614562,-3.7796316116741764
0,0,21.136103880731092,13.780550897738474,-2.801619299515508
0,0,34.46510194789125,19.97136979915223,-3.250032457299568
1,120,411.9475643843483,5.774701705972703,9.807556856494486
0,0,25.504413922678022,16.384625269008698,-3.0515805745567377
0,0,18.96120352021547,11.634787969108043,-2.3844898124176837
1,120,177.71101249164573,1.4255525787143175,5.0137111101220455
0,120,41.24382636159978,22.362334639857586,-74.23127177608349
0,0,14.754183605129406,9.135681284329653,-1.0222637305481044
0,0,24.983244539572805,16.285351483033693,-4.961516533117276
0,0,19.911889159198005,13.135414992439914,-3.455245676373849
0,0,17.478965041181777,12.398110173195644,-3.2810163643060832
0,0,34.90775195313504,20.78500655703362,-4.5671940659847365
0,0,25.30715765559726,17.04827075366891,-1.4598687423245167
0,0,21.504211033852496,12.91934967731874,-1.9831645326561471
1,120,198.8627025883803,1.6288088190135994,6.2805540544588325
0,120,47.62134267631017,24.395718583302926,-74.21471324805532
0,0,13.139919140110479,8.56135177570928,-2.0909628825906452
0,0,23.857429986165563,16.965270689052293,-4.972645259726846
0,0,17.518454533957787,12.39588981263285,-4.052849552200257
0,0,12.266082664641742,9.098347245793029,-1.4366037500707733
0,0,15.065048458817836,11.191963400507904,-1.5973936571644742
0,0,28.050596406241684,18.044364513711184,1.3873949356417228
0,0,36.80591700785051,18.904147013898218,-3.2359269108150244
1,120,189.05567457739593,1.908189455522708,7.513398801454144
0,0,81.57077582593726,35.891074671587084,-74.16173379073213
0,0,18.18360062221911,10.838475940820983,-3.093272706344308
0,0,51.55879808478477,30.636025038732324,-7.470621800053877
0,0,33.06123577225799,23.344608909569637,-5.8183327242117855
0,0,13.43715111048045,9.385470438785575,-2.4325852294748245
0,0,13.158292417149745,9.22331297036136,-2.0286703245912605
0,0,22.412265301886105,13.558069642260092,-1.7743458226563575
0,0,49.984582914708994,28.471077687650407,-6.617652576182422
1,120,347.0195433673224,5.564877985003375,10.183693660390745
0,0,43.65474814025179,27.224731258796144,-35.355850832384775
0,0,14.323766518178518,10.479366432386712,-3.469342896089529
0,0,14.503208391171778,10.370005221519834,-3.5896896867278087
0,0,12.306901342858955,8.801595211260887,-2.9000750147654344
0,0,11.704179171134383,8.276127019175087,-1.6175527646255858
0,0,12.725726204637631,8.514408619648211,-0.5477378255529715
0,0,12.796744784988528,9.439446615106453,-2.543964090028183
0,0,20.145141900606248,13.399723839763945,-2.9848331952059795
0,0,103.66225702095649,56.55590843973424,-10.145596303101641
0,0,25.967498085845712,17.42159423273644,-1.7939137295269063
0,0,23.61100856520636,15.459470338317772,-2.4067222853301757
0,0,26.59215457499629,17.2968525166259,-4.29230244491356
0,0,19.27852218509525,12.606206986195527,-3.80127288399612
0,0,15.0212202694426,10.157101384255833,-3.2700666632274533
0,0,15.460458147191405,10.363032077734593,-3.2162507559490194
0,0,14.436988115110704,9.794515518151073,-2.9879890406119074
0,0,17.463911970099375,11.713190929336086,-3.752378097126396
0,0,64.96281883449629,44.092692110239255,-9.39963438612098
0,0,50.62174624833607,29.486284018374686,-7.106904371943756
0,0,23.308005760673268,15.505117344811726,-3.25158956308033
0,0,15.016700487413278,10.642915148308235,-0.6356685049372146
0,0,14.615210189293123,9.469114351611074,-1.1557335089429728
0,0,15.192414942035805,10.342191542439473,-3.200937827976702
0,0,20.57645798019994,13.793036199329505,-4.648321775193125
0,0,18.77664161754897,13.211317229318366,-5.590653882696344
0,0,79.51499842510108,54.11561383713446,-11.100814085448341
0,0,66.46830978581262,46.48266229703767,-10.302135394681557
0,120,28.207449480457534,29.178324516661696,-73.47614771363904
1,360,83.65699028647548,3.029127250004116,31.443541680188503
0,0,28.634869925265733,18.793347358783492,-2.40533171492703
0,0,17.849846386323616,11.531912437080514,-1.0776034365317884
0,0,14.591460421489264,9.889388031030794,-1.8363386169760219
0,0,16.968850142250776,11.208187107399297,-3.1549907172909
0,0,26.573921018694964,19.337658325201186,-6.303758369672252
0,0,30.18210244704199,22.771841824720923,-7.3102565581731085
0,0,54.95485401804487,41.91833358621352,-10.419326339913908
0,360,24.939736237150225,35.34379805860551,-74.095890678966
1,360,46.579184076314455,1.7663463138465278,34.81449250662378
0,0,95.76149786748819,67.13943176070423,-20.097013550725507
0,0,27.55724983429439,19.318458405309222,-3.073896315158038
0,0,21.524514663192267,16.550839544692153,-4.965933884008692
0,0,110.93278004791038,89.11842593951367,-20.58395466812233
0,0,170.78146689505272,137.88616047534006,-30.232656396458886
0,0,131.5260431237093,107.44481428387157,-24.430901074260262
0,0,41.80151065650747,32.52791875948688,-10.087379698469547
0,360,26.08026742881035,26.540105057447413,-73.9790013514205
1,360,42.896579293844596,1.4611826912812944,32.15826156032733
0,0,107.43117980458182,89.46283542122701,-28.127228721492727
0,0,30.486184410432607,20.82422494344634,-3.0444112265501246
0,0,37.51858101602718,21.032431647387785,-6.580111338682059
0,0,133.25490341265527,88.70839747710703,-16.683421340850202
0,0,181.67416916217843,134.55363595877046,-29.33094226755758
0,0,44.1102561302477,32.17312035722148,-8.446040323706086
0,0,59.235198824873244,39.53053022336534,-8.906881184045162
0,360,25.189518309543065,34.55780450795924,-74.12125050412216
1,360,39.66792718894566,1.3566710345862043,34.705561716121466
0,0,96.03501959631569,82.04513487619728,-27.583228420338287
0,0,17.487416307396455,13.334664175786031,-3.524865790988585
0,0,30.013202136040242,18.888456559845032,-3.9356669337367833
0,0,59.01691090987081,41.196400819063555,-8.115625807735853
0,0,64.39762638835504,49.290590000333715,-11.48291285586346
0,0,118.79290988153001,92.29455592222891,-19.458779206143852
0,0,55.51635121835374,40.52973192465223,-9.708744863908962
0,360,25.110309520145744,30.860923894925016,-74.07739646991094
1,360,39.04550071630985,1.3430523946067008,34.453077430109275
0,0,104.81455600792664,91.1288159078668,-44.6588167900099
0,0,31.866689646368254,22.72617509421182,-7.063480272228901
0,0,75.89245885249983,47.40764534702513,-13.102406952467405
1,120,178.92417089057383,2.9860679638551533,4.734389648006129
0,0,56.277288741489095,38.60011179834536,-7.418183973025265
0,0,68.46942696322161,52.52398725218372,-10.415608437608498
0,0,63.68561686152977,48.92778083020027,-11.623335486274037
0,240,25.218207021590068,33.684363127279646,-74.14855755719172
1,360,42.571088804226015,1.4024350643664845,32.93323394008969
0,0,135.1972569891754,113.12342587124348,-50.493552362054274
0,0,18.440857754091805,13.882136620060901,-5.632470916017141
0,0,46.268390002210374,29.829811554839107,-8.860680106908475
1,120,120.36029711975428,1.407763190066618,2.0612553608810913
0,0,33.50386371633263,21.536829660287772,-3.152617588159785
0,0,30.885202938392737,21.98961415211041,-3.578948154871213
0,0,50.0459975327572,38.38940577991254,-8.981006080624553
0,360,26.298200526675647,31.651135567097295,-74.01304521588504
1,360,41.689219305541044,1.4155503016914242,33.04326386408431
0,0,125.67858316640947,109.10643294544636,-52.9473491483905
0,0,36.366649715209505,27.328132999370755,-8.266165462336943
0,0,18.874924126106023,11.844661352329805,-3.7259156256223207
1,120,159.32986696871615,1.4376234998798856,0.9061493281595574
0,0,19.43576868349425,15.203606187195122,-5.849349938293827
0,0,27.856173160965756,17.872758537600188,-0.8946060368322293
0,0,23.3259359758988,19.859302171634894,-6.322356207968156
0,360,25.904570439280068,35.64956537692021,-74.01608526716122
1,360,54.48471579604191,1.3508037564540445,24.376746159115854
0,0,140.55707686361438,109.90562749766202,-50.22086733473658
0,0,32.4261645728385,23.645853792981693,-6.659532060269825
0,0,25.178208283492875,15.632163952978562,-4.362846830874091
1,120,210.80472230489045,1.8262664630191958,3.3505639276590244
0,0,17.491293557874325,12.706421889464911,-2.4819796224773967
0,0,50.693555353914796,34.25732040798875,-6.01016066230973
0,0,32.69819717274848,19.846916898977845,-3.19466777100925
0,360,37.030047455815804,48.63472141307617,-73.97667011634532
1,360,51.38083063326294,1.742586095987122,31.01551245262533
0,0,140.97709210931168,110.77636950598229,-55.05988580228889
0,0,19.626070167000915,14.560745587930136,-5.6859828962314225
0,0,16.31765958190671,10.692394953603635,-4.260444227174531
1,120,129.27499496101572,1.1598685096552899,0.3375142812704297
0,0,13.526242384440964,10.587311740737341,-2.8572337888722643
0,0,12.745830364239682,9.15881825853172,-1.4107408059261388
0,0,18.324225868095393,13.130057104609774,-3.5602129248887735
0,0,51.53427709527609,29.81521578362684,-6.400378032383898
1,360,75.32703844094402,3.149417678552378,31.84774802198288
0,0,103.48017883824997,78.88349359146919,-26.036501956986122
0,0,48.98024818921857,37.4010973704223,-9.756686235741796
0,0,17.712074384990554,11.533489653863539,-3.8961147815516455
1,120,106.21746252270194,1.0258198761095978,-0.40489210539800524
0,0,19.77833451803385,15.405763253917891,-6.193686811833231
0,0,12.240817110674298,9.067960287164484,-2.4027004559606127
0,0,16.377208192731093,11.19527421733694,-2.353097893736006
0,0,70.04041752574015,49.16658229935847,-13.558110196406851
1,360,90.58833019149256,3.5464180767367517,34.10598439607023
0,0,158.94644384891333,104.97070144843596,-18.45964604471832
0,0,29.76071940885746,21.67872704300562,-5.924078525617091
0,0,39.21052193840298,25.860342234691803,-7.73435971420885
1,240,83.39244009976841,0.9792918049031063,2.0211036813365126
0,0,13.109226538532475,10.897720542474705,-4.326275661948372
0,0,18.152167133043868,12.997766726129035,-3.3754252698797984
0,0,13.80261827702707,10.35641114850563,-3.4848140326705703
0,0,24.475150076049665,18.087569968901,-4.5528886770470365
1,360,48.260951122851225,1.5836638943696213,33.26593831750222
0,360,49.516294154053,49.40403126462054,-73.85214419846908
0,0,29.347337221350823,19.318454178734548,-3.348904510993549
0,0,22.02183224558631,13.6752838288738,-3.7044658689846557
1,120,138.01927762432717,1.2757430482041847,1.2513438588937191
0,0,18.555630986587442,13.776885048636705,-5.121353025174102
0,0,21.919424298398468,14.614045512302955,-3.4422475901504868
0,0,14.127534257032403,10.84951082286925,-4.138790133821914
0,0,19.616184924791575,14.638301824364882,-3.5743601052177354
1,360,39.870334739022624,1.3458106748505727,33.37088891247939
0,360,27.04264548744165,18.359125982935062,-73.51957584663256
0,0,35.18125529765492,22.308788165295372,-4.450727549645023
0,0,51.16979348918734,27.49319482902606,-8.476083305829036
1,120,121.82776196918145,1.3917451764760924,2.798790587754098
0,0,22.600678716999802,16.20616519763248,-4.9611085214421
0,0,18.719466420838824,13.50531353716217,-3.7018346100182242
0,0,15.30755494146854,11.022889847056565,-3.959939465025144
0,0,24.137364161492265,19.28258183060649,-14.24345323593323
1,360,39.55993041224017,1.1868170617317861,33.3483483491183
0,240,20.145893818788064,25.65349085236293,-74.22911842811382
0,0,17.010058567789617,11.522231467786588,-6.410445095961123
1,120,194.122316221296,2.8409645481387624,3.9216137375236713
1,120,200.48700764300798,3.043558537018598,5.640092299201484
0,0,15.000465305350664,11.385140404903744,-3.2187404598444687
0,0,14.506997396973052,9.969344961881148,-2.0396200256698904
0,0,18.074504463917716,12.62827815915029,-4.112594118922033
0,0,33.4670436250236,24.272680176786565,-7.370971193469515
1,360,44.55075149463797,1.0527788185155045,23.186676023862645
0,240,18.390819345601233,25.75425802805656,-74.19794469679798
0,0,16.077264536986604,10.702456314618345,-5.449436045857624
1,120,284.2492517674915,2.736216291315491,4.985050371633363
0,0,33.756813404929055,22.775969779320533,-3.550420644684621
0,0,23.82506257416303,16.54086060188361,-1.7134438350601187
0,0,29.17544210663715,20.27820221428512,-4.449228731246436
0,0,21.55822412965134,14.890407141742905,-4.519090322158718
0,0,17.01553525303076,12.749493503123345,-4.895497746043617
1,360,39.988343609660056,1.0667218481013425,26.66715716815969
0,120,13.484795882118396,20.00165884213413,-72.71951634339491
0,0,15.31097166504043,10.351659774141407,-5.2660014907918224
1,120,204.78464105272582,1.8237585192712003,2.809831883290414
0,0,18.155134360294355,13.473955170787402,-1.7181567862468228
0,0,27.425145715001758,17.854713881452824,-1.4375363481854606
0,0,38.28970712244766,24.839570913978292,-3.748364594525725
0,0,58.35995870751743,35.74897441328482,-8.290712776998376
0,0,35.66697973566137,26.172598753991416,-8.370383301652566
1,360,42.91506655359113,1.118332375354962,26.996955503232726
0,120,18.369885134509968,25.259934760324423,-74.05436322854891
0,0,27.340846310823398,17.875246581225753,-9.586820150567718
1,120,258.82681347250815,2.183438967501202,4.108541372135093
0,0,15.715862140855615,12.473550304576255,-3.840183874977413
0,0,17.674583266453254,12.94208301363931,-2.895145567587832
0,0,27.714444856632042,17.863447393590356,-3.2128534342455453
0,0,34.843568658358684,24.421199193162487,-4.496574739104275
0,0,72.05446254827021,53.950794331093874,-13.388127536468431
1,360,41.496794434503826,1.2792265382194383,31.30865635108384
0,120,15.281169783166803,23.715555644811385,-73.48455957168963
0,0,21.88994506112364,15.027993418291878,-8.071081757606493
1,120,137.3956819097265,1.247690127386471,0.9049169663651639
0,0,14.174463879103781,11.534294816339196,-3.710927441636372
0,0,10.415728759548212,8.546956062364982,1.3935400910759626
0,0,16.45585442231512,11.791061341155036,0.30187571045939876
0,120,29.318756976718802,17.11851783363172,-4.673635152591615
0,0,31.796365992845537,21.840910575307,-5.396069784098771
1,360,42.388911346258325,1.3591021075072915,31.49928939784735
0,0,15.195370219486337,15.730547340555288,-57.06678073939298
0,0,18.293095719995947,11.675191205288094,-4.093276015117922
1,120,321.3952306671832,2.656055956558885,6.027386973398393
0,0,13.506099617792902,11.067974014689584,-2.9763815247916767
0,0,9.826870194202778,8.108734233586318,0.7424700322641229
0,0,12.937404041833915,8.869223223783198,-1.3199873518912142
0,0,14.814265360874879,10.881968098659614,0.603179842421369
0,0,30.480459537038545,18.954727841896553,-2.1521812874043604
1,360,56.6153577743839,2.3839800738397563,31.50550949420152
0,0,13.625988283884874,11.056624252828,0.2839065432140302
0,0,25.507485940481967,15.458888479870796,-3.329269989971948
1,120,503.21415051386873,4.278768646032381,9.754531992259743
0,0,24.708454293519257,17.304606872296976,-5.179503015655129
0,0,18.694160421394606,11.441184785099102,-1.6507848992299756
0,0,55.61165179221421,30.194750918608932,-8.421863550259857
0,0,71.1388578450955,48.58750775623588,-10.270093988027142
0,0,29.599020231151968,20.377261853809905,-5.415550259896065
0,0,32.332525940387235,19.70016459081623,-3.7900483995444176
0,0,32.91244789379672,22.03512731707298,-3.387998690890228
0,0,23.618071816195442,14.055591018163259,-2.2654503244937274
1,120,206.66226715896394,1.7514934260081783,3.6776394093079574
0,0,15.557779156459732,11.471334351116715,-2.8725633703823377
0,0,21.51302630935813,14.916768287993165,-4.228277918986905
0,0,22.675011988015278,16.00066068376682,-7.1865915501357165
0,0,115.90681625744763,86.76422948076755,-18.930050199117318
0,0,53.837408001468,41.129009494723064,-10.196910016331316
0,0,14.439414843717051,11.677894804222102,-2.4135752161193125
0,0,31.032354613475484,19.29667604829061,-3.3602955308228672
0,0,134.46266417886503,62.800182239925576,-16.273873376818592
1,120,551.8552633803503,6.174400067658185,13.73103043203399
0,0,20.58241081900854,14.482238372193432,-5.266909108599862
0,0,25.092715737749728,14.766781241346667,-3.691476109530157
0,0,53.55311674523445,34.991896268850965,-8.735333091557095
0,0,50.95920124535625,35.36371931390873,-8.170853102339635
0,0,20.504268319453406,14.301381832976285,-4.068287381705787
0,0,14.850436486124787,8.966803562171604,0.08798599821103892
0,0,17.956460663095793,12.28032258128431,-1.3556509030088932
0,0,27.978342400418466,17.93165726455964,-0.8371263512461127
1,120,448.3221377361437,6.2159627941575115,12.027964719555072
0,0,20.43102891474155,13.605921511876364,-1.4186512363631607
0,0,37.72228282136086,26.914793720135087,-6.317010422346499
0,0,24.803688683872277,17.696480787614686,-7.557340934565914
0,0,113.88314521144572,85.85231499967632,-19.273417004082077
0,0,60.46944770150743,44.320355146269634,-11.143505429501651
0,0,15.38186798974563,11.313924030482047,-4.408252701582626
0,0,31.829976184043446,22.862162316675278,-6.351121031067848
0,0,20.61988539166898,14.128713577763545,-3.860767647651457
0,0,38.06744084327542,22.174931136468295,-4.193422064450701
0,0,30.158998887651112,20.431581791537713,-3.664297535902307
0,0,24.777809094030196,17.367881512903658,-4.23393179505716
0,0,78.71037611018996,54.34320643025358,-12.075108495301606
0,0,76.34237433611656,53.98386305135394,-13.104796735136276
0,0,112.13734929831664,73.85042647828111,-15.832225718750415
0,0,16.14881442382783,11.195352408968434,-3.235618820366412
0,0,46.13775846595841,29.8793526454673,-6.213804285449925
0,0,30.47818355975471,14.648245545717794,-4.648463330264093
0,0,29.765988351422454,17.07211849684555,-4.406770536721794
1,120,790.811375896461,12.492378285896788,13.934569970563174
0,0,44.8600821778552,28.746027641148782,-5.21800599496126
0,0,51.4603501174591,32.68810030425036,-6.979267495150083
0,0,234.15288123184496,18.66962988260262,-2.9752823912993733
0,0,120.37368089570444,88.09425927047761,-24.372084942268735
0,0,15.55733793307676,10.150960875681639,-0.8863708624088389
0,0,15.953124499756617,10.997216223620164,-3.158829357745077
0,0,15.527345773619226,10.223998903788418,-2.4169142504406267
0,0,25.28932120034061,14.259273878343835,-3.0204301321726064
1,120,713.845898545188,7.172807172906109,12.937564298586764
0,120,275.59224308933193,91.7705902774402,-74.12045224020856
0,0,97.8191945900403,65.27909082875951,-11.189631565718408
0,0,46.92718431218766,32.99647964571444,-7.167319243560442
0,0,24.524449435373757,16.236299266209617,-4.098763355810547
0,0,16.688631010155905,9.253398433329728,-1.5002119375533596
0,0,17.35602733767039,11.764008445516241,-3.142367335667174
0,0,21.082767327452807,14.286235198197996,-4.4079945717473095
0,0,24.836852136394924,14.585682378514797,-3.780231139033617
1,120,705.1647402405338,8.924187714149,4.234283909008312
0,120,466.9673848686743,57.35138360623558,-71.94631106011605
0,0,36.63688432983387,20.5623886423074,-4.583547840067183
0,0,74.26766109842782,49.359950908472925,-8.2784640999743
0,0,26.040355096958994,14.760800638181022,-3.139894285309495
0,0,15.522681674775058,10.36707197869513,-1.8067119732971264
0,0,26.812600807713764,16.139538883308234,-3.556715681958721
0,0,33.02600408512766,21.04756137586737,-5.744499264543222
0,0,26.56599738210909,15.160180950122184,-3.3043479707108787
1,120,858.3134941297466,8.666352570369405,15.31816254138161
0,0,248.1159981912897,66.35224068056661,-74.06851645879588
0,0,24.159473129840695,14.756513482601976,-2.7426407955308036
0,0,31.645783805960182,19.708630419890987,-3.6059268860459213
0,0,44.130188396573466,28.655252087987716,-4.334710678824905
0,0,18.20844333711121,12.33431002847099,-1.4863895012107662
0,0,22.42915496530013,11.93109339558282,-2.347552265661207
0,0,31.450384353949428,20.42197619615883,-4.942169285622086
0,0,25.53281951638762,15.070366238270651,-4.069528070269072
1,120,803.8419378211017,8.728526892702268,12.43533523352427
0,120,246.6853902017868,43.231747302016494,-73.55794976102104
0,0,14.811511391592827,9.379100286320686,-0.15911086833509103
0,0,19.580600258954867,13.848628336034597,-13.602466894236372
1,240,148.5562950149929,2.667044874607559,7.9604297156039365
0,0,25.73768504839389,17.256090021598446,-1.752446420499112
0,0,25.243588396695543,16.69432471062971,-2.499532451278725
0,0,27.836718886638206,16.09843403573207,-3.911502650443893
0,0,24.139638300345332,14.015401928433425,-3.162676324968132
1,120,797.0291546390893,7.529248303861999,14.999213986160626
0,0,209.69778108168984,77.47273059002673,-74.25322923793782
0,0,21.12512844907966,12.664691508836796,-1.7463179186026423
0,0,30.649591490316354,22.709102550239788,-72.5956919557969
1,120,212.24990537347753,1.7787074598064712,7.03746567251811
0,120,171.32970165584177,47.12715576298557,-73.94674787237115
0,0,23.681971992634388,16.186593339169086,-1.46390722523185
0,0,20.012767531991546,13.322445148399547,-1.6990135445892065
0,0,26.423173373040992,15.009280963345807,-3.192919149544224
1,120,790.5768215460729,7.658541336468791,15.04121420839681
0,0,209.25352796482127,74.12292220075133,-74.22534607654629
0,0,27.11489213954182,15.387549534783513,-0.6886767156341733
0,0,42.69157587953114,30.589183320463466,-73.70419690121103
1,120,164.29582143662194,1.302771905199513,6.157784174076141
0,120,181.9203571024308,52.17451151629284,-74.18238375471348
1,240,108.9564522709014,3.569708264270801,3.1033754666552085
0,0,26.445344848035347,17.51536360962589,-1.0025709221443435
0,0,30.430559010855152,16.945843942986084,-1.5244095279217902
1,120,764.1163022905249,7.642305654282484,14.43520862276938
0,0,313.0822879830654,81.564128136409,-74.07609518458818
0,0,19.05827450290011,11.89602127892663,-3.113123723356807
0,0,23.0261246871692,16.22999885222687,-21.832811791675972
1,120,119.62418208877264,1.5529169724645568,-1.3558091116176314
0,120,136.08220402095662,15.593530242729264,-72.55739259201107
0,120,60.34978424318385,6.796938591454897,-42.98874173583782
0,0,29.81420119816598,19.770346863300684,-1.4675210429262364
0,0,63.86943052287598,29.59006896838653,-3.009813501849223
1,120,874.4689765419495,12.450939538921272,13.156749835843499
0,0,285.6271629776214,58.90077825703005,-73.76552817277482
0,0,22.42265427412434,13.505152927324506,-2.200926192434224
0,0,29.913143703366725,20.748539670734555,-59.80221070705573
1,120,227.98047496043222,1.756658300261476,8.343011438614155
0,120,221.2009011917115,41.76541329674232,-73.8768042497748
0,0,144.92832104105807,16.869123159478836,-42.15764277043253
0,0,27.02949886905984,19.4197214990981,-3.699161717207403
0,0,53.97184141253658,28.733254932479827,-4.70015591147785
1,120,622.2878696637683,9.145593306372499,13.989052019352101
0,0,42.249311944747454,27.000646722657574,-10.79510509274828
0,0,15.801878639366041,10.677242683392446,-2.227730061462424
0,0,32.56891136781458,22.78148405041366,-68.30288675833495
1,120,161.35184665841666,2.1892225066226065,-4.151047137614867
0,120,201.49667381770934,12.989055755723106,-68.56369417026683
0,0,75.25717807197343,27.887562423402237,-57.4086237456525
0,0,25.024997140617312,17.59459920506498,-4.08369190413579
0,0,16.051090798222543,11.264634421047038,-0.9803717563073775
0,0,34.77321191308225,16.551876464345842,-0.035957956583885675
0,0,48.58618790902459,30.510749365354467,-4.024971529986402
0,0,28.528062613263504,17.41834681452753,-3.1019408727495232
0,0,117.99992115648325,64.24926618509136,-74.14896995993642
1,120,179.02978506101127,1.7391618660709627,7.882999091778757
0,120,108.42338824076356,14.490549226863427,-73.0745732813399
0,0,50.22670792297651,8.209738097461772,-45.82098808612703
0,0,37.42406729053301,26.82218665128136,-6.422502257300934
0,0,19.257650480649904,13.117078702639951,-3.257326706839393
0,0,21.23944758917699,14.465382792388072,-3.6537142126544495
0,0,41.09027327060241,22.5321415040151,-4.125800374367429
0,0,29.760634841042393,18.334359664195638,-3.230023231678331
0,120,90.94113976224016,19.05111487736828,-72.2310576723695
1,120,127.963326088116,2.519287522209595,-8.58984778566682
0,120,197.43749223159577,17.017498472315793,-69.48029500065834
0,0,24.90179286464538,10.283940890263576,-37.13887850642874
0,0,19.577419773735944,11.715527520702452,-4.250935057112329
0,0,14.922796201716842,9.931919347559893,-1.6666890277928417
0,0,15.653175328719842,10.801859011120946,-3.1522262300223787
0,0,25.026035853998057,16.611165445033652,-4.468896559343548
0,0,44.82304147485468,26.15247744082022,-6.330487297780536
0,120,226.0524170215204,16.620903473085697,-63.921287369534646
1,120,279.7037096463277,5.198246934719734,-12.441094967931832
0,120,149.84749112292272,27.33025473985779,-72.87171575722438
0,0,30.65081220834258,15.908980643625226,-3.3976077821789943
0,0,16.220110607223848,11.43467656452815,-3.2375506307468243
0,0,20.298518502250428,13.30994434936804,-3.88695533578246
0,0,17.95892232188663,12.412828515073494,-4.655357894897634
0,0,28.674322649426497,19.642547924841633,-5.630813889009815
0,0,17.856872868697447,12.75971617840483,-3.928955558018643
0,0,55.15716964658372,31.585026303741667,-7.013049196500631
1,120,192.50968887887097,2.5819496617029065,6.420735208571855
0,0,78.60481341581387,41.77999497937233,-74.102043120323
0,0,26.41388745926019,12.565962950994914,1.3522309906569063
0,0,19.192297943908674,13.603515182027856,-3.6577943294061868
0,0,13.402722817593283,9.20243369146505,-2.507742645395467
0,0,13.750164170514728,8.89768638650534,-1.0666370819154025
0,0,43.00444738039672,18.18631965961626,-6.064051510508094
0,0,16.110839798000026,11.356522972205951,-3.0563851202011136
0,0,27.328107824070837,18.061252497255722,-4.714469627184442
0,0,65.76769117599109,37.644528347708246,-8.735915965378766
0,0,68.75401604523866,41.60579811298533,-8.690235311297158
0,0,94.2243638458897,60.549097296959694,-10.876674120707364
0,0,21.039288439922423,13.991314679358513,-4.041275343455553
0,0,32.760387608578405,21.130433234385503,-4.538649902260374
0,0,15.163681188435124,10.020257575991499,-2.5529986342641564
0,0,18.48952101637211,11.857965200549634,-2.8959948980137113
0,0,26.7581097199167,14.299705291688388,-4.294792148808995
0,0,57.05047021350192,34.65293625075239,-6.6408093204407095
0,0,22.18568238728379,13.771670864345529,-4.4705452595820105
1,120,185.15886319621615,2.691866314925038,4.004506721734842
0,0,88.6136275872775,60.186789680354394,-10.668130194080653
0,0,24.212741661180775,17.096745338620686,-3.323008259773374
0,0,14.337205447051545,9.45660650828844,-1.171645964274731
0,0,20.678189384867228,13.008505043520916,-2.561591859749427
0,0,18.76420279501068,9.67736613901572,-3.540861514009137
0,0,16.65942202220315,11.068097289784282,-2.2504288334322524
0,0,15.339308317596437,9.417383190871927,-2.1275257247474855
0,0,22.289318406220907,14.693978492563483,-7.5614835020842435
1,120,130.9547765023291,1.3822078226674894,1.4188701220122226
0,0,38.32147520602165,23.73247321437865,-4.903707940160359
0,0,36.74549146555247,23.281356810694554,-4.0973311515630115
0,0,18.860497959913594,13.180154694236892,-2.1094316559688906
0,0,13.732517992841982,9.256829003107901,-1.041706735885441
0,0,17.947809007928015,11.1725873733378,-1.6291686072146945
0,0,19.18018636204609,8.633078156808471,-8.536460706985764
0,0,14.325984584893334,8.806946054799901,-4.908645714106839
0,0,16.100938009913822,13.235359394930075,-39.82983832403596
1,120,142.0188793462934,1.2946982670331728,1.4625273712557316
0,0,17.718128337491084,13.264193087365424,-1.7344023123338133
0,0,28.718106716463435,18.20654241057966,-1.2023467611392817
0,0,34.32245442817634,21.687090025429942,-3.9030093461851862
0,0,80.66993739864601,51.31131535262633,-8.645499745483534
0,0,20.94728233398815,13.281386793144815,-2.937029215059681
0,0,62.96459902396883,39.57565313459955,-8.268118089639557
0,0,22.937460848360942,9.548462655708175,-7.563660952146648
0,0,17.771290239846945,11.922292258250483,-4.52522715082408
1,120,119.98847817492363,1.1178475520182418,0.016708856588962817
0,0,21.22601601402701,15.216709977546984,-3.7711632877221177
0,0,26.252532068107264,15.044234735911086,-3.036933788094913
1,120,611.1620396685262,8.492038768749723,10.277361483534037
0,0,18.732927410881,13.909326174947532,-0.8303483613769203
0,0,14.278698307254054,10.279874925425872,-0.5086020118118881
0,0,17.231887300440405,11.43761685164398,-2.9319249057355705
0,0,21.118214110982333,14.554638187524231,-4.920748672675501
0,0,18.182122523886154,11.57132383707008,-4.304218051182389
1,120,115.6756887420007,1.0997889833959051,-0.2555181984402708
0,0,18.18305828514421,13.312219655401611,-4.388626507329917
0,0,104.84828018183181,67.46269146274204,-48.725131922319946
1,120,700.5630745050559,7.762381231951415,12.895822206185898
0,0,55.630944284634666,33.24879206525155,-7.879678484721495
0,0,26.52823417581896,18.227313207392637,-2.7607182107716426
0,0,14.199495033149022,10.43625959727265,-0.9165470728338789
0,0,20.343170308607213,12.744177881039958,-3.398074081236345
0,0,17.679495553450344,11.811734222321364,-6.738736285866679
1,120,137.5699651460005,1.1857941426067085,0.25899285072182465
0,0,23.292380937623765,16.894637581935797,-8.739454842153236
0,0,129.35159134029968,83.40713447675182,-72.26358307246512
1,120,590.4761932195337,5.326825323991833,11.303460885980954
0,0,23.617459618751568,16.661420826781985,-2.8580581389914954
0,0,32.997570914956626,20.035112180689655,-2.9533913159110057
0,0,27.87970323629351,18.802073826629897,-2.068555547531659
0,0,16.73881833153823,11.681592352633936,-2.1861295241325394
0,0,27.49287718114951,17.31504651174513,-5.910747368638482
1,120,126.91244964944507,1.1906107647174837,0.38937339786181724
0,0,17.986605412306606,13.115834680827167,-4.019017890236427
0,0,106.07858746291144,68.94721664541899,-41.787307642754165
1,120,771.6848128828921,7.7078295370455745,13.709855458769397
0,0,17.146315702174476,13.004961765084733,-2.281829078882822
0,0,12.758064201747967,10.255151576862318,0.34500837326341127
0,0,32.03803139342245,20.026857680348666,-3.604786118709214
0,0,21.552714352656476,14.996399772593515,-0.6906251795523559
0,0,20.44242718546833,13.215686098674471,-3.952686849329723
1,120,119.93964210015166,1.1302797572649146,0.3159646034061865
0,0,20.380269841392124,14.768494412948415,-6.196663631708219
0,0,77.86274186916211,51.29422872007205,-65.4652712033866
1,120,748.0377692363122,7.057676687607356,13.460410443398814
0,0,22.97394266840969,17.095537947121755,-5.919482149194735
0,0,11.967204379524055,8.720695049828814,0.054154336247194124
0,0,16.091039898689147,11.392461536670591,-1.7275743618513246
0,0,62.86949332376918,34.44835876559886,-7.50816303755424
0,0,30.195853909144628,16.44894246470197,-0.24600070160919074
1,120,148.72422463455214,1.445094586994069,2.054710520540553
0,0,19.816397388538252,14.218191572499274,-4.730615232044855
0,0,98.13358831157713,63.446335340862674,-28.502907553100528
1,120,798.822109978135,7.941063902927199,14.240453825409745
0,0,17.97160381728555,13.200942397348568,-3.288918467974227
0,0,12.427520785178976,8.922855638697145,-2.1666448849507987
0,0,18.05874727385332,12.1645214794704,-3.3833856609301023
0,0,20.36560835606211,14.580114570809114,-4.488214663147659
0,0,30.057614946397916,18.635558055286268,-4.004254529010268
1,120,202.60348267389506,2.634814248884163,4.806432852365262
0,0,22.967631335602427,14.46731574587294,-3.3130244638849575
0,0,183.5050255898215,79.97681829306003,-74.27538748551207
1,120,855.1006231145119,9.387038497990135,12.154415031783188
0,0,133.2056187607773,92.32395034023786,-27.062097589915737
0,0,23.622645831932253,16.330511024581757,-4.377393696109337
0,0,21.12199943992208,14.506611619488044,-5.136378679620009
0,0,51.26074433586401,34.33322968915833,-8.158791777615377
0,0,29.78959564084223,21.207485099575656,-7.200688769851382
0,0,142.66762479372352,81.42532178863706,-14.131129287111868
0,0,39.54696579850384,23.656972502094355,-4.294234255293958
0,0,323.3630281254548,83.11360731869698,-73.84194872050301
1,120,645.3910907833889,7.069817523362346,10.468044490910827
0,0,21.106740464594296,16.050961148978356,-11.11884986684477
0,0,12.833164098391356,9.40024513499243,-2.8959199570937812
0,0,14.319075762088294,9.553773346787773,-2.447523452847477
0,0,24.37569464866621,15.01388370316728,-3.8812431723300307
0,0,16.877507709821725,11.975163889722864,-4.120654431198915
0,0,19.33268603221661,13.734306535357065,-4.220817134069463
0,0,34.54885717656394,20.917208177446174,-5.090593940927377
0,0,447.3273554968946,140.10441338622772,-73.97015773739285
1,120,718.6974143749969,8.199619677688943,10.188922871248053
0,0,23.2789291397354,15.837428960945951,-4.021674129509492
0,0,17.677782135979804,12.104353371250111,-3.2299649442961567
0,0,29.788981604967592,18.571428237736935,-6.345737774986233
0,0,91.65587752031679,67.5256843317037,-14.889847814018346
0,0,35.025510797188794,25.113207811610856,-7.15308463215824
0,0,13.94272416621298,10.077731947285354,-3.572345027148515
0,0,17.66920585647328,12.024032954977674,-2.7894205831047287
0,0,50.09225612760031,27.299814949045803,-6.22578234248536
1,120,877.6836712805004,17.163646380298832,16.081560712399266
0,0,87.39857192780262,55.85409980347192,-12.96377041398182
0,0,24.07838546420422,17.170661085401715,-4.942706362214906
0,0,21.975838384772985,15.630567716609498,-6.898822580989943
0,0,117.07935269025009,87.1272527973512,-19.267234378187872
0,0,31.22043711105195,22.467724279387845,-7.012137415308146
0,0,18.249806190834086,12.5568546825695,-4.090461567236119
0,0,13.312489878129329,9.904266278317197,-3.2512648190939757
0,0,14.388972899674137,10.606150992923673,-1.5161576999606439
0,0,29.513766681407933,17.896966948482458,1.4418103702795975
0,0,62.41533474195286,37.600076052989195,-6.491035728576676
0,0,55.422550803995385,35.67096593335981,-7.62555798862418
0,0,89.48193314379762,57.39720531114945,-11.56096798735473
0,0,21.980127443741626,13.866736390802092,-3.3967251446776032
0,0,16.679440694774748,10.795228924313522,-2.8643864833411214
0,0,31.806094968440075,20.208536992769282,-5.404454840362021
0,0,58.225904013185904,33.42786921653037,-7.040261077204008
0,0,67.65956879749922,33.617805847008434,-8.240698039714147
0,0,21.270859017183085,13.681733581828409,-1.1184545646623718
0,0,37.64884854298819,20.92525557562807,-3.2136944379025323
0,0,53.785167152924096,31.14944960628067,-9.19469595041977
0,0,41.40367423952755,11.075474071451021,-9.91850033540787
0,0,54.4988165599894,34.97329088713,-10.147598891017537
0,0,90.77971818757979,58.88451439767924,-11.48399949920244
0,0,17.891764446136737,11.982227904863628,-3.282465222091389
0,0,15.912587101446048,9.875282542480873,-1.5676670922590148
0,0,18.391904019751042,11.925948245344674,-3.2799338843515358
0,0,28.597902759495714,19.812457635649583,-6.265742506345674
0,0,67.83373437420443,42.79008433702297,-14.220775280885597
1,120,190.40287664007099,2.9370048283798327,5.021738115323416
0,0,32.375986443609996,20.586639318936427,-3.97742567967542
0,0,36.11403094415031,23.507036174343963,-4.12001326999507
0,0,26.374809774974956,15.627527400559686,-3.8707431167709814
0,0,35.38825524777632,21.184878560495346,-4.171722504746597
0,0,15.799359989221575,10.535239636307717,-2.9674052679378633
0,0,20.463815488957906,12.12841526087697,-2.9904371106629384
0,0,15.884613538965612,11.303215299112894,-4.505975661171007
0,0,75.19876744979096,54.12375703767567,-32.54564127593935
1,240,97.09099951878301,1.3348239581428751,5.751954112349949
0,0,70.9078700503865,43.99050762317115,-13.195133850727139
0,0,184.87299456638846,113.22543847760812,-18.496829231156795
0,0,46.40144459020716,33.81467969538699,-7.917902517270107
0,0,43.93521178363806,31.446298852030345,-8.482245114801032
0,0,20.394673946415402,13.655549951714516,-4.626738790253356
0,0,19.11996120870115,12.827648504303767,-4.458354869940095
0,0,19.19298735544457,13.44859713159343,-5.2787456105643145
0,0,54.323603077749624,37.88414131920411,-14.28564913723811
1,240,93.23684708501357,1.2188805616482272,4.284261175832569
0,0,134.09905198895765,95.58112348349503,-25.862305951993875
0,0,74.21735427904595,44.349673485934424,-9.193667594462966
0,0,22.170739622047133,15.670367961469198,-1.590191002082335
0,0,15.408612561261412,11.032375689486312,-1.5157330347476972
0,0,16.760508137672836,10.67747444057048,-2.0743926125172862
0,0,26.85655217195008,15.877780069371672,-4.068237421092505
0,0,33.87615329943846,23.087728971666674,-6.062873272711414
0,0,24.131462798745012,15.429441934107519,-5.563708458597162
1,120,125.92016767603283,1.2082475564086745,-0.07711717516306749
0,0,86.00150426912866,60.54154581687304,-16.634093561998668
0,0,41.126791859266405,24.1784388323917,-6.6930931022450295
1,120,357.4782730224028,4.763111209883199,5.300385109159961
0,0,31.577423596491695,21.484110185503702,-2.9866650843598137
0,0,15.01524353103409,10.601335515510206,-0.7845344789931943
0,0,15.938679949256565,9.147206449040263,-1.05833529334096
0,0,35.323696913124444,24.38939562758858,-6.681739552875669
0,0,61.49180640219227,44.516871144659014,-26.678945483237165
1,120,100.16281877220449,1.0818865338756396,1.3533467776869799
0,0,114.89938561455334,84.92580474737282,-27.6876502654915
0,0,49.775306987303765,31.6107858675298,-10.52143334331818
1,120,226.2646307612839,1.9202605527955539,4.872347554827911
0,120,116.43708587282664,48.75466033149727,-74.11874967618391
0,0,38.88031403544812,23.909699125949658,-4.845990941661142
0,0,25.988268676599127,17.91498342746532,-4.24501472443788
0,0,22.826813054496093,16.32160563174076,-5.504363576781685
0,0,34.360800417018154,22.15648777344322,-8.10481349834376
1,120,121.95291498176152,1.2337877785818832,0.1345159827185256
0,0,111.88004252881336,83.0537871984583,-26.680973051459702
0,0,28.540440767586638,18.07966768311629,-4.987625116943903
1,120,192.15475408216204,1.7641379285786492,1.9470370721392811
0,120,61.32602406976352,55.973587887260976,-74.42058498118968
1,360,72.91648802530601,3.4893776337762334,32.437449794141145
0,0,34.38592073495537,23.478126403564456,-4.787965852713313
0,0,63.09045064023859,47.189988022109574,-10.509013967532042
0,0,115.94035658827656,76.63878795854666,-22.299119175785478
1,120,124.23932719860031,1.325131013554035,1.191982323540472
0,0,104.74474711501739,78.14732008537969,-23.948069217306248
0,0,32.252127686286656,20.732112383829634,-6.60317648848266
1,120,278.5839141152365,2.593928302654729,4.188811424148724
0,240,29.896684232751102,45.00273562760752,-74.4541732803224
1,360,47.76968197766542,1.6778774138145423,31.694776950868516
0,0,98.69562601053013,67.99247287428405,-26.902127869556814
0,0,87.29731851513355,59.07493003995384,-11.08172496778846
0,0,34.63083648112018,21.586145333599944,-6.551350678966799
1,120,131.58982931744097,1.2996938141385386,0.40857492690159347
0,0,69.52841455841619,49.78522321687538,-15.3079556964597
0,0,41.52633433999382,26.86222921975578,-8.294792893750099
1,120,259.3400150966892,2.3204798398097752,3.5460015200669233
0,120,36.00273234579558,48.23164143943584,-74.45539713645249
1,360,44.51045676918804,1.5024305379673064,31.59813647123468
0,0,160.40386351265482,131.5690092568796,-74.06843058899179
1,360,83.97890686669199,3.4493502105277334,31.219559924056256
0,0,60.64151746714353,34.83231489769138,-13.927818734726912
1,120,109.15101707534603,1.4429571729592805,3.4014321587535647
0,0,101.66238997646593,71.23825117221644,-31.19052625469422
0,0,63.72085590238315,40.96233874897467,-15.74123911518683
1,120,333.59938119551714,2.9803039726416225,5.417634341774487
0,240,32.96815969962001,46.359029352350305,-74.45392912059346
1,360,42.68929622538579,1.3657253261308688,31.033381698644135
0,0,147.40287826211926,128.2340164206996,-74.26529453088786
1,360,47.06596377357852,1.649019242467532,32.89813660925593
0,360,51.603519751510525,53.3059937340529,-73.87910556052432
1,120,249.97346038892596,3.662636905014411,3.6404020988717463
0,0,154.35227891094598,104.23368826284428,-36.56828250546812
0,0,97.29356517390553,64.72602380847268,-27.444558574777176
1,120,286.7990816976877,2.575033048353948,4.377912345438105
0,120,45.40583873397654,52.0955534659241,-74.45269812490957
1,360,40.887266392096905,1.2322617209631588,29.80360952936593
0,0,109.79247498323403,99.09144590807504,-73.6852067289845
1,360,41.7604989430602,1.257612980026923,28.558865829639544
0,240,28.2456704560075,45.535244588673365,-74.39076817167383
1,360,65.9253035221118,3.5730349307548708,32.993636321553055
0,0,163.03193705609814,99.74484054028927,-17.71239347856109
0,0,44.40826207996864,28.252479245440462,-9.875101215999678
1,120,177.04155896010812,1.9950147463278103,2.1966819299630203
0,120,44.59160142617815,52.95626440368149,-74.44393707925227
1,360,41.47877413617094,1.3614119305673793,31.229710255322303
0,0,148.05312386905146,129.6983723890257,-74.10338613706949
1,360,39.21543054853854,1.2638047358190565,30.71459135203189
0,360,23.31766119903731,41.901435740661405,-74.3766188771262
1,360,38.48541910768802,2.266693683242011,17.202152288108707
0,120,158.4868949881017,18.05438431340825,-68.26221361488919
0,0,48.1922747032916,26.505413332512006,-4.937414700590978
1,120,247.8980926698858,3.1632442131737264,4.31341319368525
0,240,28.338246475478112,43.96339837320335,-74.45379220054032
1,360,37.10734243878948,1.2374300293083802,32.31151574158366
0,0,55.50894601924286,55.15140640424422,-72.31050519574461
1,360,35.951697507831796,1.1669242477539794,34.70989163593963
0,240,19.413418880715945,26.270863797477233,-74.20900846810498
0,240,17.25495409121604,17.97007964607517,-72.9667659541077
1,240,67.6051586006557,1.270844095940879,12.380353578602481
0,0,27.636920069813065,20.875773657045332,-2.4225931068175157
1,120,385.59249751733057,7.743851928574609,4.12204739126021
0,240,37.12145055646002,52.418537031749786,-74.39452647181888
1,360,43.768436698597625,1.5073092378936261,31.732930205881644
0,0,120.37193070961865,108.6337441046192,-74.13189582276644
1,360,39.36953884562615,1.1223932330815984,32.365331648862096
0,240,25.24356449709563,22.78642350735094,-74.25745377208733
0,120,38.7887307685892,19.987530811852608,-73.4218800791488
1,120,224.0522925967231,1.9436167805589062,5.262190220302429
0,0,25.798936046104238,18.577816000929637,-4.7534055984723835
0,0,47.76151566821891,27.970392016173616,-5.195781848817646
0,360,39.05208229843919,50.686374021126674,-73.87977593047214
1,360,50.403079616596585,1.832106532576883,31.519215355779778
0,0,151.48545939497643,127.88167788489525,-74.14865663273083
1,360,41.0578801205692,1.1518067587302239,30.853881541874642
0,240,23.227791349648925,23.557670538954852,-74.2417326372812
0,120,46.957974350596075,24.030900381340462,-73.48638833830513
1,120,247.9901024526816,2.1018553337226664,5.350312415370922
0,0,66.67756732891023,49.27596041652404,-13.747685743522453
0,0,37.145600182954695,25.88280507023315,-7.07687387997413
1,360,86.83239408277272,3.3185835122174634,24.37916092209136
1,360,76.31361392526982,2.989550661387655,29.54501339499504
0,0,147.82305528972364,121.59749394890267,-74.0811558109021
1,360,41.44378144503972,1.2821685864080494,31.837939088240972
0,240,23.818811909570925,23.27316430011547,-74.23555085707446
0,120,24.00881372886332,14.780940266509143,-73.01893563315718
1,120,97.9239410211579,1.2214078771968182,4.331115904326424
0,0,13.016190911371266,11.450433939347029,-4.6416437065504965
0,240,17.555767324711134,27.08621231810214,-74.09117441008233
1,360,42.7370991020693,1.4497683861022723,32.38195187954874
0,0,30.911551328079227,22.86380786308222,-2.7074851773148794
0,0,92.5328825312045,65.10650006074916,-25.132481313104755
1,360,44.859442403949885,1.5620393294722223,34.37558019213304
0,240,19.880823356175238,24.355636566798204,-74.12177213065553
0,120,19.74304583954989,18.212151075173875,-73.55262427189852
1,240,74.86961480609372,0.944578947094323,4.9177201184609345
0,0,14.874710206695925,13.138728626985401,-6.092832987145556
0,360,21.37528923820955,27.452946567250773,-73.96424677233338
1,360,34.32433698127703,1.325409439160775,33.73680877095856
0,0,22.558593359987306,18.192644024188834,-8.496775326498522
1,360,82.51928843975865,3.403962786161756,33.33665756560926
1,360,51.41852214075334,4.444278492603274,-0.3235978608120007
0,240,40.725072676516334,5.5676139876765625,-61.56514796948186
0,120,86.08542495656997,54.129544627264465,-74.37628086235193
1,120,115.71459729065579,1.0811708338972774,2.2770102693588257
0,0,46.30735002692682,36.625735063942805,-17.174301019927775
0,360,21.62474958521897,30.79449622961051,-74.16165693075219
1,360,46.5785663635783,1.148711849424187,25.433937716564728
0,0,81.69461252209145,72.21432505687973,-73.41591043638988
1,360,49.76114003984883,1.4032121377312783,28.32992964602306
0,240,49.28407093387169,44.03864267329067,-74.04158241895102
1,120,189.94719583758342,3.455783761612753,-2.361507930305905
0,120,99.68869483230867,64.31042753836036,-74.43793043766678
1,120,152.27563164409523,1.401199055434857,1.6314691850840148
0,0,21.347368990221224,17.488278310247917,-9.65372990191166
0,360,22.047513284906053,21.07438180989902,-73.7502415261668
1,360,35.952635107520614,1.1203960884938486,24.881148510856306
0,0,26.580884994422874,21.779809802941678,-14.32801157392062
1,360,39.56525818458956,1.2237881431681619,30.869619135059878
0,360,24.943859837350253,19.436205140332028,-73.59323353341426
0,0,23.03823626903179,17.323987126041754,0.2574857055543447
0,120,91.81393844354353,55.22870200190732,-74.21230645405782
1,120,161.51523167713125,1.571181938816874,0.8038133386110502
0,0,63.52450414323748,48.38265977030313,-21.158114526164056
0,240,20.79918019020125,34.118373174394314,-74.15444233846623
1,360,40.0967043956565,1.2836183015217002,32.933059077943184
0,0,111.59121770231977,101.24680738779324,-73.82396231424393
1,360,40.05128412524104,1.1148923838374092,30.87641377846684
0,240,22.4101933904169,19.651237762374187,-74.0536378889159
0,0,17.706952516886552,13.8896289281021,-3.748489496058937
0,0,26.297790556615638,19.219147989020367,-0.1754313353420116
1,120,227.5652837570554,3.867316180174705,5.8266202489066075
0,0,74.08171485739724,55.31335183950556,-23.650520458109646
0,360,24.47117171187987,34.335802264277405,-74.05195366980394
1,360,38.37093267039131,1.2925785517798376,33.69223557713812
0,0,70.56639992058129,66.74158710422844,-72.11174808487996
1,360,37.454662455280605,1.1098290354299596,33.65523141623059
0,360,20.587111686467956,16.83601640004669,-73.94340838267966
0,0,11.341374052331695,9.058191264231487,-2.7938087903050643
0,0,14.52392107135618,10.867745674877007,-2.0968166011140426
0,0,31.09996474319292,19.233560608663364,-4.061159667543578
0,0,28.607486499060023,23.48115263103202,-7.132917197928251
0,360,25.363365837726388,33.881955493353026,-73.9768852462257
1,360,41.04823938965126,1.4006346316084175,32.68338091304392
0,0,97.66968604672017,93.2324441135585,-73.71460328062017
1,360,36.90304498188879,1.1821044309687527,34.395497823296594
0,360,19.650925750908346,24.09329871213112,-74.12749236066531
0,0,12.876695381198468,9.919436159256199,-4.179599628108107
0,0,22.109663275259212,16.107190089601204,-5.196893472463273
0,0,49.07272125656649,30.479545973384464,-12.898925701320387
1,120,230.52861353432706,3.421446716735521,4.131656482548976
0,360,35.16781269192037,48.78650052738503,-73.99991507231144
1,360,43.90925681813472,1.5422429342291974,32.2952119281145
0,0,56.16424731077162,51.81551753423303,-71.17590018843136
1,360,40.276664706124755,1.0627344271096908,30.641107616656342
0,240,20.580642248615128,17.334695857410907,-74.03336253195488
0,0,13.652598649955003,8.828919312108019,0.22139748922373315
0,0,53.54241340133585,33.31878977730852,-10.059126971656042
0,120,443.1255263910661,41.52800377951054,-66.81014377848496
0,120,532.5602706940549,20.191909647996393,-39.696154131342404
0,120,675.3666308268309,43.37751059170407,-54.1806331324443
1,360,70.11850671080317,2.9954396887686654,31.748351381849403
0,0,107.68594218590995,96.20746803778691,-73.61700515751212
1,360,39.119310034558055,1.2881500701100834,33.46878673421428
0,360,19.81524836931176,20.40439223665108,-74.03073114288269
0,0,12.097722852284132,9.007640022255881,-2.1544128614644933
0,0,40.897653525904374,25.57944971719986,-5.557251049329892
0,0,188.7168003118272,78.22834633962292,-74.23862655732991
1,120,394.7820039889532,3.4203798588445475,11.657423504346895
0,0,161.09253967624392,49.1669767796615,-74.07573967058869
0,0,65.90722807085605,33.34428165803388,-7.094222702937856
0,0,33.01696268263826,24.768967392884523,-12.187070229676642
1,360,41.41291419253929,1.5654059723084297,34.384548122217964
0,360,19.51482672156905,16.94159623543734,-73.55686923265294
0,0,12.324187188102272,9.068886611447502,-1.395844216397876
0,0,77.07386387530005,43.555705797733964,-7.2089530879658525
0,0,151.4763554858411,64.1792684730344,-74.25997327020268
1,120,517.9779555463931,4.347645259156706,12.938363668399347
0,0,266.9913580254864,108.65047006946784,-74.2727824103306
0,0,44.75348260852912,26.85874370450683,-6.027218048362627
0,0,32.977465836139196,20.550524647193647,-4.173046460998691
1,360,60.268933735115716,2.5417028087858435,32.76555779513133
0,240,16.65940731475705,23.846421667626526,-73.60652494308205
0,0,11.736096167600133,9.05033406190998,-4.12660807094889
0,0,22.38150835523142,12.731121991867752,-3.3135407235555903
0,0,229.89931133063993,80.2394576433873,-74.22751383372929
1,120,632.7568062864415,5.479106344043386,13.667505512240211
0,0,234.73191338476545,102.90368101486582,-74.29827295925291
0,0,42.28156537404272,28.406323745907343,-7.536132654225796
0,0,22.412180734071036,15.597486316625407,-4.108056029881837
1,360,84.9634233085639,2.9189122710528146,29.420469912840687
0,0,22.097042448075445,15.440943852657416,-0.20708138385900554
0,0,16.799453454943183,11.175546680039668,0.43940895206823427
0,0,33.04243965614337,9.836422710486442,-53.96860653473307
0,120,171.47573188815946,23.118753438642088,-72.22841652536503
1,120,628.3555147966174,7.907546461322433,11.683353062642581
0,0,239.81230649076812,90.85974089316717,-74.19313445902642
0,0,57.118922344508526,37.54513621764233,-9.151126132249516
0,0,33.644900770699685,24.696836669474724,-6.411490105455698
1,360,47.10416268795933,1.571625200835953,32.38713112979276
0,0,41.16403111278926,28.84302752994844,-5.1884667823556185
0,0,25.83459424917144,15.933441240129797,-1.0132874736943052
0,0,88.08636564462576,46.098334226373716,-74.04784805232251
1,120,524.5361234215384,5.52380554116639,12.049489417112667
0,120,397.49793981539233,49.85501241791503,-73.12786746450563
0,0,320.6246193213762,31.394954422873994,-46.9511429558964
0,0,88.00545998363475,57.9239886723884,-39.76341360697935
0,0,22.566443459342686,16.597192389156895,-4.486749151824597
1,360,43.42010186832566,1.2188156661162326,28.969342228401402
0,0,31.310523895270297,24.770026854269815,-7.2033241922022455
0,0,101.70268102505435,59.44964687980602,-10.177163083929827
1,120,653.2331598731988,14.683392331859915,-8.206366771617454
0,120,460.2900866801265,57.29656775041253,-72.97193388515028
1,120,421.4364850436558,9.245074194506595,-1.677905185475666
0,0,285.33777926817606,116.75937336604119,-73.9845085332421
0,0,68.21078181612332,48.474793462793215,-13.257509676415332
0,0,40.427842544577125,29.87278454842178,-6.743453400437815
1,360,39.292004866653365,1.219128608749488,32.75655655797088
0,0,18.831526129529184,15.873856399214707,-4.970750919806392
0,0,47.418655684757326,35.19950843462141,-7.1969042533949334
0,0,31.74369127464171,20.100588866702203,-3.7170226364573296
0,120,448.5356898535022,70.59706288766468,-72.20006856113244
1,120,644.4871123163555,9.903850665140785,5.612164316374333
0,0,273.73307482794814,88.71417379583004,-74.10564880640716
0,0,66.13841441608737,46.7305227245834,-13.570167357746655
0,0,87.61797025498554,64.88862858938337,-17.903084812706766
1,360,41.84666986975467,1.1984166317674116,31.265548668586476
0,0,24.170777640598594,19.47727194873611,-6.144633816354769
0,0,32.694178363101905,24.304540096689475,-6.241124414148757
0,0,24.447086430461873,17.0028505733492,-4.9792234071428965
0,0,55.05560370068504,30.273731510709275,-5.39372579865875
1,120,767.1180920393456,13.371005673703056,13.068461105397375
0,0,244.30468119428377,134.8470729498989,-66.75641426143366
0,0,47.01762775197391,34.992079420420225,-11.915625890922236
0,0,63.07883175782033,47.224843174599094,-12.436361199822933
1,360,41.22397866308908,1.2700097877106895,33.20195542541998
0,0,33.796942671610374,28.038335612938354,-10.433889858686925
0,0,66.84205540608225,51.57889697760732,-12.037130102434993
0,0,51.60924462490458,38.67185085916857,-9.839121247664522
0,0,25.002246559932807,23.767077590104098,-63.30041121553172
1,360,79.5575176517735,3.5901479794008724,34.49506932557658
0,0,59.75327229057461,39.964137337027616,-8.633871412741101
0,0,143.9315974189239,91.54242287016524,-18.448459030726582
0,0,31.890361280864713,23.385269966804884,-5.4982100945785675
1,360,40.13455768505399,1.2559359104171932,32.79366896687387
0,0,21.931749138229492,19.545884753157782,-15.031673504985385
0,0,105.45947751937098,85.79984348393987,-19.55638142758346
0,0,102.1934390864882,86.85911889994597,-22.6023800984345
0,360,27.368875026226704,19.001831607795285,-72.95271921542836
1,360,37.318916404647695,1.7709143605342081,33.94554421326953
0,0,32.21404643147463,24.688208821704077,-2.7234226129532715
0,0,140.5642393898646,98.80097315465227,-17.766779769507885
0,0,66.7087985907016,49.83240869655117,-11.179281391999226
1,360,45.29187808787787,1.5009411987160743,34.023024797708004
0,0,66.91883562844247,56.63373376808998,-20.409483879757012
0,0,95.98138154039238,79.18470184456739,-18.60464423462905
0,0,50.39227332057529,41.23161945697516,-10.870416553893229
0,360,24.475966339308165,19.01616392251945,-73.58521082170311
1,360,33.64778710699663,1.3841607643284257,34.75397355039607
0,0,26.729882453991056,17.03929914449133,-3.2955798830790997
1,120,565.1726793337075,8.153268242082428,10.225294197720629
0,0,79.42168703332551,51.603089891049116,-15.362504359399672
1,360,55.03352414722881,1.7738752522015804,32.23176194924065
0,0,96.90211178853262,81.3194939941988,-73.54453663741124
0,0,83.0951658454909,63.19866370031911,-18.4719363555868
0,0,76.47316030055256,62.456048894424356,-15.948738032318964
0,240,24.950753952709192,21.293332466665245,-73.88266668538438
1,360,35.140842912636195,1.3070627590314006,34.00503065015599
0,0,48.79062876352475,32.621114731078706,-29.474291757229857
1,120,740.9217773455213,9.050403095963013,12.737080684236943
0,0,183.41047141885056,106.74748581676513,-36.522930758757305
1,360,66.54093515464984,2.656304796142897,31.64367557024532
0,0,60.22169341824549,47.66711758406232,-14.720194061450727
0,0,77.30296911690834,62.02258266658459,-14.295295698986848
0,0,84.45378824006188,70.0805754623349,-17.975427780745605
0,360,24.423128000766486,20.58743250611717,-73.85142562433579
1,360,33.9230847599406,1.1709684633428314,32.62382786200642
0,0,27.21009711500264,18.179276777348875,-12.646241572855061
1,120,582.6037679609752,5.50705597794247,9.48154720126233
0,0,99.24371369685818,73.3309466380812,-67.69943228652346
1,360,90.04771388778283,2.7461119353814705,25.847628248114674
0,0,41.11668049007329,27.850960286713565,-6.1513327019196
0,0,76.36663426845698,60.19668550052766,-12.16773130895033
0,0,21.94137883856286,17.654160095390242,-6.41294312662545
0,240,22.249453873569372,28.905473761918753,-74.18644015968977
1,360,35.10052612601711,1.1680230691159355,34.75705445488208
0,0,27.40498364483069,17.853513534245018,-9.082875771115724
1,120,639.8196748819225,6.390040612024485,9.264393395612586
0,0,185.66238732086398,132.4247722845504,-74.11646404317894
1,360,70.28453171609256,1.7604424934541538,19.54856914464672
0,0,217.48880062608993,136.5177872001751,-57.282991538466945
0,0,95.35746226197752,64.83912131135257,-10.93103543134751
0,0,63.812887746348096,47.91654747967083,-10.712291212841471
0,240,24.573776371159287,32.22594690523066,-74.1659796622269
1,360,37.78322680113389,1.214513189203988,33.522544354110536
0,0,40.23396899009915,27.78396907810901,-36.237509938436
1,120,531.0789367229563,4.986755477826418,8.452824866617874
0,0,148.95724941054584,116.61456528223023,-73.94146512299204
1,360,51.44881212599438,1.5946461203417261,28.19063945618032
0,0,149.273621283583,120.60144245460714,-47.17179816786064
0,0,38.51759532289127,24.0976887143606,-5.333077777513381
0,0,66.11801518834795,51.74654547096395,-15.091971801837744
0,360,26.684932821850765,36.159707304804016,-73.96519387724074
1,360,37.6343911234728,1.311784195158341,33.35281149723855
0,0,28.298345174211327,18.837765840905142,-15.485186808709102
1,120,471.9695931912143,4.268919670395109,7.170727281690958
0,0,125.23253574111679,102.84819454252761,-73.18065670720217
1,360,46.71468010036369,1.415187256537538,29.219603267122338
0,0,154.21060208267363,132.54087347316624,-61.601083181434284
0,0,22.96926570055019,18.074409824220137,-16.425466367683143
1,360,84.74557661694445,3.0676884040548202,31.644066928382728
0,360,34.73370035913709,49.031309368015144,-73.95857285997552
1,360,42.04472401578631,1.5066764844432683,33.10991132220849
0,0,29.9322008766496,19.564237949256448,-20.59365119048435
1,120,629.488282295168,6.073394090495394,9.812960929498303
0,0,138.84318875479724,111.44590401802351,-73.7735975274023
1,360,45.308446025908474,1.2272293674366617,26.359058392790757
0,0,111.87721869916234,97.0877001151116,-48.027044763021074
0,0,19.39589312025814,14.217112387098831,-5.456630374170885
1,360,60.46896603264768,1.4236076499345365,20.370296331676343
0,0,97.47693761186878,64.69327630788794,-21.28481880484305
1,360,62.34004732537171,2.5350734264075316,31.35739292934481
0,0,35.466976853021606,21.86066558533966,-20.46345799564419
1,120,585.8164624868567,5.775623451466489,10.1871409427075
0,0,72.75517675649138,57.29234117573716,-58.01644768943433
1,360,45.75408899643343,1.3260518785114306,29.840230658904943
0,0,141.95116626445326,119.4734992887086,-56.403584823398056
0,0,35.592475490584995,25.88544245283058,-9.172092936292074
1,360,64.77262214154308,1.4141483997037887,18.25771179885689
0,0,158.3615140101071,122.92939470233568,-73.9777176629023
1,360,87.73248243031291,3.225534766310162,28.577601059621983
0,0,59.698369394286765,28.307540242594683,-3.9484152168937214
1,120,539.997826186356,6.047681723457803,9.247981334147966
0,0,162.84010783662794,122.84180880419629,-73.40812256558233
1,360,51.56103729345335,1.4227058926168192,25.57271164673685
0,0,133.29926107009007,110.9023665147714,-51.75913588259779
0,0,33.70462770930802,25.905101660503934,-9.21644547073717
1,360,46.89643471925603,1.4172055339986644,30.0768357966609
0,0,136.45456714129293,114.85033665840334,-74.07964788510004
1,360,52.197101245484525,1.4066895520454359,23.24385594576904
0,0,41.31782687664726,29.691605380671078,-9.945691399189045
1,120,556.0290012641295,8.791001301837081,9.776881039936569
0,0,87.105290745141,66.58230159329615,-64.47073441838343
1,360,49.173794503020844,1.580052462416799,30.536731568731966
0,0,141.9840226990386,120.81127216322393,-58.90342760080056
0,0,26.276036405404344,20.186455957806945,-5.9942190632868915
1,360,42.11559552167621,1.325064356949259,32.09050664194197
0,0,98.62366247676738,89.59504831250537,-73.60451637030101
1,360,44.47412202360028,1.2876114459998915,27.9206523019801
0,0,71.28767513844896,56.12065577966502,-15.254085665183538
0,0,170.18934511510406,99.59343899998476,-17.030526865042567
0,0,108.27854195785683,80.76363743462622,-52.03217271590071
1,360,53.53393088179821,1.8953285171074026,32.20902154342642
0,0,130.181032470503,111.35049613901823,-48.669696458494144
0,0,24.478872898343493,18.98785573420207,-6.041660828986863
1,360,43.83117130993322,1.3530995789855198,31.137940935483883
0,0,119.64784636954606,105.60519483870193,-73.95993448184622
1,360,44.01855520381998,1.1393713835525447,24.757554280354398
0,0,47.57212420793963,38.368830814392865,-12.792522085173474
0,0,134.33659195090377,94.90140010876974,-41.77287943397547
1,360,91.24490000024736,3.3820092528687913,31.661403261193144
1,360,77.55113520866105,3.4222064435334185,30.579347971865346
0,0,144.39422013597024,119.56967358658832,-46.463556513911286
0,0,28.656811596414787,22.19276446388189,-6.1233922289391245
1,360,42.601198623252344,1.3654476930068806,32.5953170053576
0,0,94.57131985308988,84.69057050724064,-73.47417921343325
1,360,45.845253101078534,1.131415296994363,23.71122915629533
0,0,48.20536065345825,38.00146539675938,-13.931873871172002
0,0,154.75046830663229,112.12048787794356,-61.72718897359995
1,360,54.6130345863948,1.6552219169109101,29.05017017393007
0,0,58.61689043714518,40.87210983280495,-12.873912087601617
0,0,178.4948458314958,120.36344685235372,-22.478631822708294
0,0,22.59798541593291,17.487626008889684,-3.196133282332326
1,360,46.14054920385571,1.5399142676903486,32.4193807056692
0,0,127.376646063224,109.06425736561911,-74.03335472560906
1,360,47.78520936388452,1.1326584382707552,21.609078064883875
0,0,68.13679600852193,52.87207667158109,-17.35184438601022
0,0,171.56637387846803,124.21875920823582,-66.880608019295
1,360,64.07870277341969,1.26180257217388,16.244648807704138
0,0,114.4028401730795,92.30907279738058,-54.39902970834955
0,0,37.76034201500374,22.40650657178984,-4.9175303765029525
0,0,27.36740795847832,18.776219869340682,-0.14406439696698214
1,360,50.33357590319389,1.8006440868007345,32.979647349832845
0,0,153.77140832726312,126.5425299647522,-74.08630903999338
1,360,47.96261425559306,1.1494514999923762,22.04390193585401
0,0,55.459815795548906,44.41856101771,-25.19245902935519
0,0,174.09717237341206,123.89588271563524,-70.87857312945621
1,240,69.14946985595053,1.138275644067956,12.71875346592968
0,0,152.3917910533857,111.86334307469428,-72.47371702163083
0,0,69.43142630511585,37.53279743730671,-55.42705883948466
1,120,896.7738774873123,14.924835410190214,13.336416527990608
1,360,82.6677601081288,3.240838488780551,28.583796175669505
0,0,158.57836059539184,128.01276932502643,-74.1277583293729
1,360,40.17344049567841,1.2856342015345716,29.77967006883283
0,0,19.01030249058646,15.669483198503821,-5.109437418905273
0,0,70.53629377841649,54.85357377545341,-21.3107233828321
1,360,42.220753761284584,1.1774801180057066,30.157755336647256
0,0,34.057073270764675,28.13915914296099,-17.03540218822244
0,0,16.92745051991265,13.093776187596431,-37.90713118370406
1,120,158.5200896939473,1.5600273038194699,1.6551671693195829
0,0,41.082265066201465,26.71397788644263,-7.728314480001174
0,0,200.3632297766382,128.69620081460025,-52.62003635382847
1,360,51.255019462469946,1.8431458173071054,32.03734854940514
0,0,34.4072281474914,28.51401968635213,-10.387942748001109
0,0,111.43912800220926,88.61943653333992,-33.51081787386783
1,360,39.53402324593665,1.2736410317323026,33.975828671690024
0,0,19.345470479738232,15.609844820976178,-4.703786382710007
0,0,25.002930456176415,15.387370609788922,-3.5174716202221816
1,120,479.55042862341253,4.3438149258571555,9.227464175624988
0,0,23.22284413246735,16.325356012336034,-2.219927879020858
0,0,31.325999805428044,18.79674975139716,-2.121830214832812
1,360,59.07386181802794,2.5054807116033984,31.922022800402146
0,0,22.807958108597084,18.510347189386767,-4.823762632133082
0,0,126.81135066496005,99.50809600413976,-37.46129099750426
1,360,43.403044907712264,1.2340328318594154,30.55541683810111
0,0,28.714314033800637,23.018063750150837,-9.459441403609361
0,0,19.7509970525972,12.133367397538274,-2.2978747625166704
1,120,489.17621677611805,4.158625443168644,7.929878800579246
0,0,65.73372432922528,46.546432855739596,-12.419940811589441
0,0,28.506834253250258,19.307820116851325,-4.909178627315228
0,0,72.42072943219847,41.866025498031185,-8.817056164740478
0,0,42.03889619026955,27.740387457773082,-10.271688564267876
0,0,115.81080604931287,90.6868739889447,-46.868274951991864
1,360,44.64848982768936,1.4657608641374678,33.417868542506454
0,0,42.58100162289679,33.26038415072786,-10.306436170808624
0,0,21.330118994377774,13.113808742699442,-2.284260495396097
1,120,615.8621276332991,5.572428760660917,10.792397119135629
0,0,24.25784020621282,17.764890716451937,-4.879972485464833
0,0,15.931813410359062,11.562891820592723,-2.9554730081312783
0,0,66.47527376154054,46.58429169396508,-12.808201390976556
1,360,87.47244007583521,3.1162478727146596,31.149714986681744
0,0,164.05819322999923,110.98981716252118,-42.21115475064681
1,360,46.15538901696968,1.6483820863352205,33.681061053299715
0,0,19.436805558444235,15.886643196465915,-6.186825554275217
0,0,19.833242929613977,12.771043398534813,-3.7100281505972106
1,120,163.6685488604965,1.388323059847271,1.259287596406267
0,0,17.929965198948317,13.00579158257933,-3.4809087780653414
0,0,21.1724753949341,10.5941961264544,-13.4204936871092
0,0,67.13487330419174,54.224304431486175,-33.92488727340186
1,360,54.10674546188032,1.9072499231938296,34.39680512601092
0,0,140.41331157799593,95.23099403738769,-39.81745433701757
1,360,62.06848904059843,2.6215551319129826,33.41870121939456
0,0,40.1291563754741,31.541839163708772,-17.491971416125516
0,0,21.851632164035554,12.93753099271394,-1.0557873020633508
1,120,565.4371780443532,5.076922052019675,10.547440232191946
0,0,19.898556859309195,14.083001763791234,-3.215784456891683
0,0,50.61237392830944,32.97353216294365,-8.62359201655741
0,0,44.80031111690857,33.93189669971715,-13.613995305752233
1,360,48.84033625447809,1.3594960594884915,27.775308551160805
0,0,118.90534830695742,98.40805950196442,-73.28741434113229
1,360,85.52280631349603,2.9461594130193975,28.28194247696139
0,0,33.57216877287825,22.59018364517368,-4.739016941845875
0,0,26.33141545525964,14.9457527282586,-1.170222086796059
1,120,367.4683057851979,3.3908399762238566,8.296539741488843
0,0,23.956892767272066,16.899943342011603,-4.996218342429188
0,0,19.756144658731873,13.784815511585917,-4.608003560270916
0,0,45.75838724755588,33.78474709353605,-9.56498736256151
1,360,50.93366176520521,1.3684923236850086,26.432117462953386
0,0,148.73881442108242,124.42447505083526,-73.98058799120963
1,360,54.71479172909276,1.7156108636579874,27.925989760832877
0,0,127.18840546060197,88.00847107543348,-40.7954728942529
0,0,49.79637908070221,25.178598557271673,-5.417665259191864
1,120,357.4480933430075,3.5736660992397256,8.46759655461291
0,0,67.48861679776664,46.896049477453,-12.276774510832546
0,0,21.287461885398177,14.991405370185458,-4.952615217183393
0,0,65.72870909010551,47.59460083349884,-12.374872175020577
1,360,57.52014147409123,1.2262276692386,18.599184263901208
0,0,138.00849706633656,118.2007367681333,-73.9850999289913
1,360,46.26183783497324,1.5020536683920864,30.28129960653588
0,0,114.0657087398735,89.88418546833073,-29.518227953230884
0,0,270.2937973874644,131.05452804566244,-28.303693771005072
1,120,494.4220980656275,7.357471151476649,11.743130936439883
0,0,33.012226884994355,22.194831258898144,-4.932243777115829
0,0,13.89718807465949,11.14942785740413,-3.30402322672451
0,0,36.867438254882934,26.911063063554963,-7.36193248584911
1,360,47.11598379776146,1.2675242976406569,26.574888242188422
0,0,95.83797658720337,87.3971449498214,-73.54523816768948
1,360,40.671618463669255,1.2835048884345777,30.977209315772356
0,0,65.445539276637,54.24813104178944,-19.507428353331576
0,0,155.10541781078732,107.40190609776725,-48.19935059147731
1,360,93.81257741628481,3.697914362756912,33.46750441180659
0,0,122.09092230223217,74.50056383027885,-14.972769941920603
0,0,79.80976505981869,53.06694994127998,-12.28801981220645
0,0,42.123261777955356,30.83388227015202,-7.977659574145193
1,360,46.846414695073086,1.3634314407794528,28.582688715408324
0,0,106.4837481880487,95.76888483687351,-73.22775759580107
1,360,40.624102382184674,1.2582968926415807,30.848302606724317
0,0,73.59896500036433,61.11843944746314,-21.55226629453454
0,0,167.1642440642163,124.28506571174297,-63.15557019338362
1,360,53.224975238456516,1.6624324533070851,32.61170408651556
0,360,53.21519478680063,44.78684219318981,-73.92176320718481
0,0,62.44754404890983,36.12655123533399,-13.637218664161573
0,0,65.81323278283688,49.30223844013902,-24.442204663016334
1,360,52.58057951821022,1.4864222102770785,26.755570800139026
0,0,117.04059121605599,102.9056646872468,-73.59218878413122
1,360,42.89379958653187,1.2983111078442202,29.346961197158492
0,0,86.97496806525713,71.16737433262699,-26.929756088704252
0,0,177.2179747760665,131.3636202693884,-68.55035728863461
1,360,43.744250303487696,1.4299638018708138,29.522306296256318
0,360,28.81490193453372,54.47582507270077,-74.39433267928374
1,360,72.96691985797973,3.496767447381555,32.886820530346526
0,0,85.85303995448156,61.83444373920179,-34.968885065558666
1,360,54.46869938724002,1.8492077820352495,31.864268331442958
0,0,170.0078405227954,138.74857331383342,-74.17532620008438
1,360,44.390072646005606,1.3381628640827754,28.4990713023045
0,0,100.60613061252273,83.32907246021425,-34.67300166013828
0,0,184.15662428179482,133.1660571282806,-70.83557447558888
1,360,44.9104367964369,1.2465722864384756,25.927973241048235
0,240,26.373074296335265,47.670667906789625,-74.45066473445411
1,360,53.22246761889662,1.8016424389605117,29.838273868217883
0,0,195.88363584378263,135.7010213681757,-66.70630220503814
1,360,80.25723910738299,3.4585574512434625,29.95467377040653
0,0,130.00538144174175,111.97854259404606,-73.99452537599451
1,360,42.249510495269796,1.4022417866287256,30.5375059582379
0,0,48.21787669008856,40.820579434362884,-16.53149944261485
0,0,120.1585992039516,95.93168122250282,-38.565312303140345
1,360,40.65994810518964,1.2985924392210493,35.51524839534905
0,360,21.993472612645775,19.116164679338617,-73.82555259699446
0,120,14.513268284303544,6.330016207343158,-29.542675346665746
0,0,54.99381771962284,45.42844468205976,-9.34513152040985
0,0,69.58550151044973,42.21291457022075,-9.194358716280092
0,0,123.30491167186487,88.11287310534793,-38.17428723648471
1,360,49.035371697197895,1.7715011499849715,34.248089033794784
0,0,54.55000950299875,44.92550483742278,-15.049755083610648
0,0,111.14089776393531,89.5503142461413,-35.119245694628816
1,360,40.34852896462635,1.3123665819271508,35.31178379773979
0,360,20.590086267441496,34.852199522680756,-74.28569937561028
0,360,19.704302749663405,2.8287502756487886,10.930596502254957
0,0,22.662126426801727,19.163995416081512,-5.869871260201251
0,0,65.5576320770811,48.801727467082145,-9.919570325209094
0,0,33.577680388303875,21.154636009834874,-4.593057010129371
1,360,83.89871451683679,3.5666577339988557,30.752386555983122
0,0,174.09403968739298,130.99480372778305,-51.64277969594576
0,0,160.82174617866778,121.02194718677579,-62.56431860136736
1,360,42.73288174190039,1.4083410860998353,32.32620416188989
0,240,23.598385899591833,46.95405217058127,-74.43625225220961
1,360,42.21433028420081,1.3974324729699932,20.298960902672107
0,0,113.83078670333302,97.221552917364,-31.192757828754345
0,0,101.73550804474748,79.83296823284218,-18.2631884231225
0,0,21.2845185577476,15.20610831940294,-4.085615387747325
0,0,29.33032989836801,18.41300917461308,-1.9194897310225087
0,0,170.9371599194575,101.14972014978362,-20.065475913588408
0,0,179.80845608728058,128.83944224806487,-48.96083360565231
1,360,46.43662112441462,1.5147108506865832,33.51060376753507
0,360,22.161795656388136,33.7577251927782,-74.30110832163625
0,240,25.83844943848016,2.190466352328111,7.810889273268586
0,0,39.97363616356099,33.752284182312785,-8.64119480597202
0,0,21.22537440169094,16.09722100880024,-4.312278363459271
0,0,12.134074143748753,9.464182643394034,-2.0478302197866327
0,0,19.793670707453657,13.954952048568112,-3.605910232508151
0,0,82.67244442971135,45.42095237401856,-9.272130737629396
0,0,153.05183181941987,108.11712142889982,-44.50782957158145
1,360,45.779532878184824,1.7267987829309601,35.70689730791604
0,360,21.3478929429885,29.783516473561594,-74.13850291871493
0,240,19.707865628480906,3.305489936087735,-1.1761757265460346
0,0,40.35798952932958,33.38778720002565,-7.654726660014617
0,0,20.421456205761814,14.772330733895423,-4.266447827537789
0,0,13.090196022495658,9.692354277243682,-3.246809997742588
0,0,30.011383928016244,21.346736646546724,-6.127576430301872
0,0,61.85462071314876,45.829138049866735,-23.131558750980616
1,360,86.61491507730572,3.5738485463798786,34.8320037015807
1,360,68.73102095326276,2.3731330982572634,30.92204447193518
0,120,34.77262361523829,28.12982686607778,-73.9356352138234
0,0,26.142842096669618,12.908542325873828,0.6565377774113443
0,0,85.3870418785555,52.90707834532603,-13.911868808935196
0,0,19.19092095926765,13.072462980366783,-3.9172314674340782
0,0,20.14185110954158,14.450327733394417,-6.553823729324492
0,0,115.37794384944802,91.11359460360256,-20.270131239147652
0,0,104.42699274204692,74.82119742058504,-18.7702137070605
1,360,59.476650967481724,1.756018150305436,28.30584863041898
0,0,88.07521004675961,57.46204660210247,-17.577728808831786
0,0,40.61046490278931,21.80500723229799,-8.320593387128142
0,0,47.75361409280218,31.97216645542297,-7.008352898851697
0,0,71.89305568105594,48.69301433099883,-9.932947279416553
0,0,30.702871052241008,17.687682467998798,-4.626572254875725
0,0,28.19000461095327,17.473813562850587,-5.633411840900706
0,0,29.079816130531743,21.86454135431697,-6.736975174248343
0,0,47.51606310027149,35.32445443517458,-8.571795350732629
1,360,42.052335119142576,1.353050709215836,33.7068573832933
0,0,36.24839449484991,29.331067289996533,-8.98362484943766
0,0,32.29810316279235,19.82587701024387,-1.8818444089111352
0,0,60.382714214999666,39.55308604354954,-6.962897067529866
0,0,32.59931901262441,20.966588658236702,-4.656407067776655
0,0,32.91207653078272,21.91240872137372,-5.524597625162727
0,0,17.40520903742569,11.500412480454122,-3.3034819867472436
0,0,43.225323805912595,32.260737250241824,-8.185699731254601
0,0,28.12811567776837,20.667197832248906,-5.101543642006007
1,360,39.736629346535956,1.2476592205591572,33.46820386039259
0,0,28.207500956518878,23.217570754552153,-7.686988726044362
0,0,19.197827943641926,13.64580347051312,-2.50032349432243
0,0,76.54548416674476,42.93383295944862,-8.6656546895602
0,0,44.15859582871383,26.234875922974712,-7.658511176471066
0,0,26.206449962617345,17.94433135315284,-4.117665121170603
0,0,29.921069178383362,20.676242702054193,-7.0732892059708234
0,0,71.871538687413,54.765824449759904,-13.340490091699756
0,0,58.41331732196487,43.433935363620215,-11.632074430214729
1,360,43.056118315404284,1.2179864649971093,30.450324688052973
0,0,47.41424712778913,38.24280281072279,-10.631775521145848
0,0,16.608773254699468,12.055846382559157,-2.9763232374095026
0,0,33.428657190705025,20.65558038732455,-28.717525857625994
1,120,795.4002167389405,12.69017352755458,13.167033395411636
0,0,36.774130539968894,25.50614964146321,-5.299341873391668
0,0,29.687803567959783,22.98265914295352,-7.2087990427415605
0,0,63.84472201342954,50.32883961618809,-12.685423183824994
0,0,65.50251592282481,48.234459155886086,-11.437198894706313
1,360,42.35861033043271,1.3564840967104586,33.704692423384216
0,0,54.96148707623555,44.0286735924897,-14.087759311394748
0,0,20.299926740214413,13.8388480422358,-4.55069041006243
0,0,141.7176561427383,43.1752689934878,-74.0299314478057
1,120,561.9555725739963,6.493502933502777,10.580480851112085
0,0,38.834750367433195,24.69634638681238,-4.133694151266695
0,0,30.92519616119764,22.280811058660895,-4.257787987901466
0,0,38.089991035006825,30.715662158765575,-7.222296735097785
0,0,38.566093126402954,28.58917381951304,-7.886256632137545
1,360,42.82592839964617,1.4305822025780035,34.128699821577825
0,0,68.93108634254844,54.71559583631785,-17.3918420203305
0,0,17.590739793103968,12.253379576587076,-4.181548092026276
0,120,111.50428198842815,36.863936359497096,-74.13049061546488
1,120,629.0192912539608,5.916743848873181,12.015840944064209
0,0,22.400275056453836,16.011672319654377,-2.4721540351977183
0,0,35.08795493646393,21.517352195325458,-3.7227181463719887
0,0,35.86748267146851,21.546061908236997,-11.913269415328891
0,0,45.9540036343966,34.67062023919412,-9.702508114017036
1,360,42.94916576737183,1.3432705915243166,33.09897827466763
0,0,44.40059582368949,35.2323263781174,-12.179051551244164
0,0,18.367462082765144,12.42668745343402,-3.9094709188369023
0,0,123.06501116481985,43.60553711315654,-74.18374768596149
1,120,626.1946379859572,6.066419537851927,11.613025172672963
0,0,28.124137313598574,20.266387529209247,-6.322834997178816
0,0,18.915090161402592,12.13474948745712,-3.5713125078072636
1,120,174.79198154202447,2.69400055902882,4.330299880976085
0,0,78.67023213606254,51.23432406833986,-15.152898769740624
1,360,48.26302487275119,1.5919770384342324,32.1926511158062
0,0,31.190922943592636,25.008478926588182,-10.695966582450112
0,0,15.603249064505777,10.781270661448124,-3.322250523805195
0,120,86.15710169513379,33.15209367211207,-74.19002841160157
1,120,527.4729650883856,4.497144840857312,11.119172837104841
0,0,25.75879207197682,18.447102134802808,-5.2653520028191
0,0,24.50148743515158,17.232845269742153,-38.49793208935463
1,120,141.773426778346,1.5209938300487933,2.1232981158140376
0,0,53.2827056412569,33.40156301575089,-10.32985937167112
1,360,66.57239438185576,2.7182936775118787,31.992142521149745
0,0,54.12898312038212,43.72211167813604,-27.91097004349769
0,0,18.49214997236232,13.253969003225713,-5.481818850036163
0,120,139.79721666090578,31.23681290482049,-73.73872586501578
1,120,669.7041464191192,7.107752439931984,11.625198908777108
0,0,20.90375564725794,15.177718417308505,-4.791142515041443
0,120,31.68133170318164,25.301355192143014,-74.24048313405243
1,120,120.85190085933884,1.1408512130107573,1.5130458780572553
0,0,51.23817943668651,30.150769182537072,-24.219800829587058
1,120,459.57865809742214,6.241727993378545,8.157099669806229
0,0,80.42726453801131,48.62298844177736,-8.318969667196328
0,0,23.567340319307455,15.79484762994986,-4.327982649568995
0,0,148.27026460325817,68.07186485298614,-74.29045282221594
1,120,672.950903390166,6.034115827608103,12.06495222692483
0,0,25.588834663286697,17.906058310609172,-5.727866543703271
0,0,29.71458950416772,23.017925682044776,-73.78981696728366
1,120,121.24717082697447,1.0418405313092955,0.2752217232710592
0,0,39.71515647523131,24.175869074989077,-25.57437044747048
1,120,454.49926509775423,4.042384073159383,10.066827459144747
0,120,140.98134256123433,60.49770778434014,-74.15106934654057
0,0,33.250053642139406,21.5189582937021,-4.979827097886769
0,0,330.3651255536545,107.67606990837601,-74.11533846569014
1,120,655.1581880782143,6.588582548541591,10.893575687809673
0,0,19.976921808986578,14.306248029285856,-4.0236059398899044
0,0,19.64020402270212,14.505963544704489,-31.063272409269075
1,120,90.28918809156046,0.9492512492906623,0.6369698705408098
0,0,26.724363484842378,16.364358843440314,-12.604953289358214
1,120,248.00066239898075,1.9006504790528014,6.255015854300552
0,0,326.09396554691494,99.57477444621833,-74.20439774752217
0,120,216.0251302977563,13.45995957317904,-26.13161031114584
0,0,449.3146844435857,155.15516690914643,-74.08094155923563
1,120,553.8611825389106,5.3185257401876385,8.937825846865408
0,0,25.05038954630736,17.125540991883955,-5.286814249610089
0,0,22.03719233460603,17.085529418290488,-65.70861373801347
1,120,91.54932942705206,0.9413970407928848,0.708563429380348
0,0,35.688540851642614,22.47681845923101,-24.677685686973348
1,120,392.5205576618676,3.2084393283919743,5.808892557958785
0,0,320.55896528198997,162.34650902086224,-74.45323167238357
1,120,564.9765996623146,6.048686943801428,9.23215214650503
0,0,84.21666744032959,50.141174065168926,-13.933181173886332
1,120,569.7333995392455,8.433796569723176,13.575353161033277
0,0,23.829090575963413,15.339384898641264,-3.7937704652342603
0,0,39.06876789603859,29.57128888824565,-74.16706988347438
1,120,140.43407849188782,1.1483394705845593,0.42689381843997865
0,0,62.991204793962055,42.07490845392069,-63.744034399516934
1,120,408.62538762970536,2.936026376342485,11.402599396279129
0,0,381.6524609520656,104.33634330855958,-74.1867493885638
0,0,352.24612848754987,40.768660191050685,-45.75348505250032
0,0,156.33997554378956,108.2252428445286,-22.441631825185205
0,0,172.5724808512134,93.89540771083774,-14.98050967359557
0,0,28.715933691302297,18.887766219314724,-4.855300269270188
0,120,43.59424906072326,27.658403179936776,-74.17119413860648
1,120,136.51016128754742,1.2767619168618654,1.3102724022651415
0,0,72.07898721464042,48.2427376068169,-68.6497711027289
1,120,336.9898005000598,2.59142352883774,9.81941417538114
0,0,365.84813352292406,118.8492623863215,-74.25692150940776
0,0,310.6377927818307,42.71559518494431,-50.38033953065485
0,0,130.02425109508687,98.58138287625184,-22.852624483617674
0,0,147.7348253205753,109.17704491968948,-21.499158162610996
0,0,187.68655842003326,106.03871742087071,-17.592846057735393
0,120,149.50218970340867,71.46288516306281,-74.18527733942611
1,120,167.00288867306335,1.556366209614212,0.5336096884199293
0,0,31.801451092334293,18.819828257982884,-19.568788313216274
1,120,316.32245601825986,2.487974767619866,6.464617280575155
0,0,294.0213201790983,128.85338430906066,-74.4036816566243
1,120,557.788953094129,14.003003976052351,-2.2688143391216897
0,0,165.67587993388233,125.6227822319293,-32.3237537021807
0,0,126.77161114560035,98.41562225291688,-21.52741088942451
0,0,132.96549028831774,96.57371482198965,-19.225030150114108
0,0,246.2489026164585,124.41740821797804,-20.176067894482507
1,120,170.88621332617032,2.4675118063290795,2.658351303805759
0,0,45.71218012877412,25.61413298898592,-32.89224719399885
1,120,398.8375234209881,3.212054810812194,9.996341360566376
0,0,406.72495027456756,123.61707530831649,-74.25771160918467
0,120,477.8821041826103,27.552110462284215,-27.90964192386116
0,0,131.92787996602814,96.82544960965447,-29.144709918147726
0,0,63.67173303241225,46.83342009391342,-11.317409997583063
0,0,41.86891120511799,30.601090990182197,-8.62380018577943
0,0,25.067119266245054,17.51829544359237,-5.2335104386178415
0,0,37.21492005328115,22.3665471259507,-5.536459107433828
0,0,46.37503737073628,22.593905848604454,-1.6536826148006014
1,120,399.9494651758624,4.194324853949569,9.35245730329892
0,0,350.53874106990855,66.4790773688579,-73.8242374879343
0,0,399.51703684565746,46.10370479392788,-48.64718920220858
0,0,160.47616531767787,121.90699192379748,-30.76362114093
0,0,71.13897550466429,50.32796048865561,-11.607460501402251
0,0,25.89941364099158,18.766249379681494,-6.636362825858214
0,0,34.89910397482878,25.03076706370961,-7.870918723858594
0,0,67.5287975405093,47.65198644672451,-10.33394781519172
0,0,34.70193595242462,21.3525002855457,-3.604911020242426
1,120,390.92021103693526,5.187367379290785,9.320490837564435
0,0,205.6274365439871,98.72381280737879,-74.05894773282031
0,0,200.36736256899204,93.8983212296473,-18.891846983490908
0,0,142.2567428720537,112.65834486483197,-25.13109074270161
0,0,107.00713471865335,86.32534196647751,-21.092457953536723
0,0,121.61827646066932,98.14268696668043,-23.471203490255533
0,0,116.53943499023009,92.1512919470327,-21.509075344348368
0,0,19.325348855043938,14.330780477559907,-5.403018472730039
0,0,16.240621979239766,11.668111692706855,-2.990686913729377
0,0,34.316200086722716,20.438850091121118,-4.265814993102836
0,0,175.7509658574684,114.50329542952547,-19.43443173393557
0,0,109.54103648472429,79.9601937660036,-16.44968061158933
0,0,102.41605834436682,75.5626344210036,-17.299481499901532
0,0,137.54447714191082,98.27167075490681,-21.90334368748318
0,0,85.14198641165275,60.662200435272496,-14.647022579908217
0,0,89.71874508716184,58.0682613900738,-11.921371361450184
0,0,34.325557699303246,22.78806905375788,-5.652500958560594
0,0,15.891812833831109,10.38891984762121,-1.6576628103257605
0,0,20.732937852971027,12.97668738936476,-1.3542686593746254
0,0,33.50967683440329,20.21931053161679,-3.7469990044292274
0,0,221.5117430650154,139.2491800892496,-22.75480576618716
0,0,151.10013901462685,112.12383532508646,-21.821241746315707
0,0,121.8681633236156,87.07612251464508,-18.862520103491732
0,0,114.78215256169763,85.4286938731137,-19.285361754041986
0,0,39.90096299552394,27.58447475343172,-8.06224289243923
0,0,27.406583079593965,18.317296982231184,-4.9720998563651335
0,0,12.82163070300354,9.079146621471953,-2.3193578262298615
0,0,13.6389777164365,9.168870461967966,-1.2158611070332768
0,0,37.63678843718695,26.59002935751284,-71.88229902434271
1,120,182.6394188496606,2.90142446611893,6.246272746975407
0,0,159.16368753524273,101.00628711160039,-17.141147989627747
0,0,36.67678563110066,26.900378282775637,-7.3633105660989315
0,0,86.3584025098918,63.327371352333365,-14.114792166567177
0,0,45.1348062404013,31.697548992465716,-8.548621952936585
0,0,17.130525420356356,11.498641545665143,-3.289609589791354
0,0,19.11309099294212,11.566050480733448,-1.4408004415868447
0,0,29.36503027900801,7.92269027838427,-44.86307034897064
0,120,88.94605999145485,29.865979763194442,-74.06394831532425
1,120,140.00669481569489,1.5415238882125506,4.3378772406578605
0,0,40.31939351390409,25.868293830514393,-7.364617868813255
0,0,26.48052873596585,17.464513689706557,-2.3904684324743073
0,0,23.804565909593208,15.974636254632367,-3.01231153251355
0,0,24.039708557825183,15.10741357415846,-3.698520556003558
0,0,44.43241538332484,27.943522272104087,-5.706504218138846
0,0,17.728622100282774,11.05175312551464,-1.602689482172849
0,0,29.43623637929667,13.237651607262348,-24.96752802157051
0,120,129.0293364888229,26.34999091083299,-73.48072977842737
1,120,123.5590931090721,1.4135962153331798,3.0835660834871135
0,0,22.288845929514977,16.716028171587716,-4.91377916712203
0,0,52.33086546775559,30.087156415956358,-5.719885335730751
0,0,33.78333828396873,21.428626530881942,-2.296667381028911
0,0,38.25405994996503,23.872809582183063,-3.890344330717056
0,0,20.376740054328348,13.756597490194947,-3.5453329888982807
0,0,21.52186548446367,13.256213314378332,-2.4341256817178163
0,0,44.39076389597226,16.920880384095145,-26.970757098674696
0,120,127.65080756595681,38.229455287897984,-74.07794486570522
1,120,185.96375759888008,1.5598154467638672,4.612319216209471
0,0,46.89874746515511,33.94513714931685,-13.64432556140158
0,0,20.241065702495163,12.682544560265542,-1.1134418497959615
0,0,43.63198469055195,25.561447326799254,-5.269952542625887
0,0,27.809997295506953,18.56294972893815,-2.2074627060058702
0,0,20.526921463307502,13.320013459102986,-1.1103775988477196
0,0,19.83431105788692,12.142341824432302,-1.5608974291587003
0,0,25.429472131080196,6.610519879964968,-44.29274288630643
0,120,100.86764371161034,37.9653789021811,-74.2103709031367
1,120,133.54099265417443,1.1740852099513577,3.3566924295555083
0,0,17.174868370345063,13.061628860615595,-5.03111583080981
0,0,16.150777867882056,11.23525338719123,-2.6907900057083083
0,0,18.01857940012599,12.27610868633297,-2.4832203110406823
0,0,30.43581692283557,18.94669875887158,-3.5689227251383926
0,0,28.825046395480555,19.099468300512694,-1.571056087193611
0,0,17.299344840404565,11.25067827146898,0.048383885412604855
0,0,62.052362325950796,9.231170172682866,-34.46784672844617
0,0,155.98759984270188,58.72904971025347,-74.28861868873767
1,120,280.9136912368984,2.310782844753538,7.447817169746742
0,0,23.16026762617732,17.098781138755985,-6.330262475020746
0,0,14.374561440927808,9.91240032127994,-1.4816265894107943
0,0,15.458645454459695,8.12124700791274,-4.125592205145395
0,0,22.542255225802,14.019345322605542,-4.594930533127624
1,120,239.95174778723344,3.3777446390213464,4.238472273755505
0,0,31.407247414540848,17.814338822437275,-2.1839728909923366
1,120,94.22594489634535,1.919338983409046,-1.1142995069907187
0,120,90.6367765189429,57.70157504210482,-74.43794009801974
1,120,161.19708020311612,1.4786062170586576,3.7326377177675027
0,0,20.724710875309356,16.033489898128618,-14.854359125047168
0,0,13.73399517195956,9.48915395100521,-2.1703336435651295
0,0,13.893844888318093,9.991089279727683,-3.4689681914898784
0,0,20.12498534572747,12.421046385100631,-5.076988000575682
1,120,241.11925427347003,2.0205610442021147,5.025693330541927
0,120,143.743224449287,56.56102541280788,-74.11884205127618
1,120,297.2263374181161,5.680030659819173,-3.086036744186657
0,120,167.46040790631332,84.73316874453543,-74.41901836142495
1,120,166.4058546061176,1.4149318129305957,1.5148527869044557
0,0,19.14891833163946,14.241471545811192,-6.209703351775985
0,0,26.245913717362683,18.403175344201728,-4.469121382103339
0,0,15.516697582643497,10.855262486573311,-3.830874547368367
0,0,21.01929918224302,12.464571651107553,-3.0458351040287823
1,120,306.4161380386607,2.262766843154039,6.921323900164765
0,120,351.59429447643896,88.44929154320837,-74.11283584879764
0,120,170.46855127184887,8.935425471781686,-19.57529984648128
0,120,125.8667649392471,67.9779898117298,-74.21267367757606
1,120,239.49484626671963,2.124250896283763,3.224171902813083
0,0,18.844727900833863,13.274621455947779,-3.799923947437378
0,0,12.10805299473797,8.948128441968498,-2.623143335318389
0,0,12.997183375718977,8.931775824549506,-2.181683029550044
0,0,17.55017481833196,10.5611591055044,-2.1657539206805296
1,120,334.49365274812516,2.5188627514547206,6.323112170210038
0,0,319.6240717632563,113.78636692679113,-74.33316138901972
1,120,462.1283409531574,13.944620891203291,-5.153257040141966
0,0,126.3567287985916,75.41839551591559,-19.900039669459062
1,120,179.79321917312194,2.4700639530038884,4.323155513276106
0,0,18.42156342324058,12.63208489407457,-1.856172980450765
0,0,23.438368886033924,16.44576267168787,-4.153037235377454
0,0,26.65424573556505,18.15876802816577,-5.291931049087509
0,0,19.731967455775763,12.490029719235508,-7.063334553773487
1,120,518.818633165416,3.8759771361136433,11.853468950883098
0,0,277.3085432193093,79.6069704672339,-74.19459987277017
0,120,187.73701966759918,12.774386619103026,-31.247560458145195
0,0,53.130384298870325,40.11289585930181,-8.186948746586765
0,0,37.731210241142996,22.869461611139634,-4.353529176496153
0,0,31.645677176975965,20.237135405881038,-3.0649866724552766
0,0,39.32093808999176,26.088960476598817,-4.68256977560101
0,0,15.21258436592992,10.123739621484942,-1.6783298506885984
0,0,22.661238464743498,13.791153964740742,-5.543270404378546
1,120,438.79524245100833,3.2952500022929914,10.604137201503235
0,0,273.8272318978744,86.99915377209021,-74.24494751817744
0,120,239.80668824635828,12.33172477362789,-22.198136286180144
0,0,23.53671573966766,17.894759267643693,-6.63500972591504
0,0,17.126574632647994,12.247083389179005,-2.44660750827056
0,0,32.364040320516025,19.646419467244268,-3.8706265420066472
0,0,35.06209556936023,23.419091017357168,-3.430573460179204
0,0,17.566139751072505,9.056304803068048,-2.2029246169656744
0,0,39.40445064580383,25.416411007955833,-13.109905207844818
1,120,291.39651168868903,2.2616047112255915,7.296936117621527
0,0,383.5286898509243,111.14629059243615,-74.2679038019802
0,120,433.6884347718117,12.50803774506902,-7.113915511341617
0,0,101.89967991182837,76.41152785596866,-19.01937561228913
0,0,28.241079894393824,20.69833500788233,-5.089061815453263
0,0,22.665479724512316,16.097309766868424,-11.111105971785364
1,240,106.41097574475049,2.7055396362144046,17.17297528994939
0,0,22.577201956164156,14.568084330424798,-4.475741163363807
0,0,24.062205435064477,14.476178872967182,-3.245194604579666
1,120,401.01931422000115,3.151721161750453,10.287170417275945
0,0,419.4067692373072,105.81774082597676,-74.14224271131509
0,120,231.25401419082553,15.873035034869462,-33.811218551406206
0,0,59.65710765425582,45.934576999434874,-10.008795817154336
0,0,13.350342248311435,9.80979669888986,-2.9756404423612537
0,0,17.503647812597546,12.128454708907274,-9.464287583098141
1,120,113.0165604261192,1.3246953241479162,2.1067528260473267
0,0,35.43493668169478,22.87650167569057,-4.616938183280325
0,0,55.06591729726202,29.781110143713086,-12.77880373344189
1,120,276.7648089370266,3.8998523520256745,-5.470123903142678
0,120,528.9907735258099,47.491314619298684,-71.27430099904896
0,0,278.4308684311295,49.3607793171093,-64.67608711083646
0,0,84.77129258644867,64.69691679754165,-14.77554625758772
0,0,16.528619511890284,12.033403271032961,-4.179116675513001
0,0,20.974871664439245,13.454674945976606,-5.177825171725601
1,120,104.8596196227742,1.140981356289303,1.076273543168952
0,0,30.666628228191367,22.425989672185054,-6.539222740091503
0,0,31.937300095089903,19.576528828412414,-2.3803847153593125
1,120,376.04680611608063,5.772841660900985,2.347096683030898
0,120,265.15842784794336,37.467279894405635,-72.72196961767649
0,0,56.73647359300976,24.24964534480582,-18.669459803599395
0,0,19.36702975728871,13.82869299214912,-3.6878373115291225
0,0,17.576263989280953,12.256766471760269,-4.487023935197669
0,0,29.39704838916569,18.76270046581241,-6.776314993827015
1,120,151.36385823062932,1.3306341898886402,1.4086615033640015
0,0,17.845697048092916,13.208493877435222,-3.3463232126404137
0,0,18.868302098499917,13.318396089860547,-3.0799665296723475
0,0,104.62352834426883,59.4656064257802,-10.63043491135599
0,0,115.58326715071412,77.51713780128257,-14.032265560186772
0,0,138.5760279964076,97.9301635211372,-18.310796724200088
0,0,87.49739861186534,62.74192877003323,-14.192888931902857
0,0,21.40565643754261,15.20364140865075,-5.38123980872156
0,0,21.172295228719385,13.562704785820744,-6.424217571690434
1,120,153.72340322319573,1.3184696677047407,0.6462292375365735
0,0,19.201545250643466,14.534012503108444,-5.016864565869838
0,0,18.838197794765875,14.08029957371545,-3.700743803294813
0,0,17.366818926245585,12.346796738920245,-2.3326390225951883
1,360,82.36966223686974,3.1936618144686686,32.030145894323
0,0,42.40347907161946,25.951526356738157,-6.871802215970831
0,0,25.535378612008856,16.490732017375542,-3.263405248122595
0,0,37.247566906759566,26.551285756321985,-6.925634776787021
0,0,28.692383393236156,18.799339232814937,-9.0593984462555
1,120,113.0125967693955,1.1282418438422754,0.4073675454138339
0,0,77.07576848956987,56.47649955473346,-17.32686824275141
0,0,16.040337816693356,11.831523749380542,-3.999608191974616
0,0,15.851258889643677,11.837173270863282,-2.917852666326553
1,360,44.080142634359845,1.5103345848247978,32.24289483923465
0,0,31.19988713199002,22.806501145917153,-2.4460579415244155
0,0,55.836035943624715,37.00324707851362,-7.220531460095003
0,0,19.305521379271624,14.228994697369512,-3.6427728383447118
0,0,20.92238262774242,13.492676078882825,-6.413013904160934
1,120,104.4915069543605,1.0728677279475205,0.22119764677059095
0,0,16.428741245431482,12.87742064768088,-5.124962679484042
0,0,32.31528881355912,23.751692858285764,-6.024191267874343
0,0,30.55262529818517,22.655036206992502,-4.966125399692956
1,360,40.11234576458287,1.2818834687247405,33.40158970934394
0,0,28.258537632913423,19.914492783745825,-15.515329712058623
1,240,142.15140814309214,2.5525869430040244,6.2583632153907445
0,0,40.96298767833798,24.651981441303285,-5.864525474579594
0,0,24.45298227791684,14.969105962198226,-3.608841255154303
1,120,227.7382433231805,1.9720373253197379,4.044200428990962
0,0,22.270013044785113,16.588701200634084,-5.033851174387237
0,0,10.714524315281594,9.204306064046238,-3.2472762967999387
0,0,15.435799275375548,11.816891347854423,-2.994866951707678
1,360,37.492622373662314,1.1006500599323719,31.201832233108433
0,0,17.431833191726536,11.883375367497935,-1.9145436303071506
1,120,124.59390901660285,1.3319639759458772,4.399120625778224
0,120,112.4774736968038,46.73539455632587,-74.08870077424871
0,0,34.22143265778334,18.071747082174657,-2.7006155929879867
1,120,127.24513208020609,1.4836122425470726,3.2160782834606607
0,0,34.75928396162643,23.41878670398054,-6.910467567270132
0,0,18.669198208502955,13.335255896240582,-5.52741207304453
0,0,31.79207141858461,24.99555969666381,-14.268154595818956
1,360,38.32944664180735,1.1344022525389,31.718216805268767
0,0,19.42814471112264,13.676629288478791,-11.007799913662211
1,120,135.34530214160867,1.3254787373747232,2.6193154112912396
0,0,187.98541372476643,94.84965556387745,-74.41134295078693
1,120,662.4183129407761,14.190328583381035,5.861734233278142
1,120,146.84476009755164,2.384684855166874,3.4734753631126836
0,0,32.638709230139256,23.676011812148655,-9.345069069643245
0,0,26.670074624429176,20.27452368545933,-5.928408445435252
0,0,46.32378559794253,34.65280945351213,-8.417841720890294
1,360,37.31784276108246,1.1551132609309465,33.082258122754425
0,0,17.015277872724024,11.973818430117873,-4.790926019050545
1,120,122.49918629849633,1.22490193364876,1.7405748377328365
0,0,179.37411578908277,101.91012038191232,-74.45685279226394
1,120,428.66701852466633,5.123284758491994,8.060750627083223
0,0,39.66958177663181,26.100592010105427,-7.084338828276017
0,0,28.039262480591585,19.829206142229836,-2.9438904726176958
0,0,16.10120458237437,12.541653102320433,-2.7288433394948584
0,0,14.675660550406455,11.581575393945181,-4.908487505498101
1,360,39.66807794026818,1.1167607059511993,29.30899945782963
0,0,23.884923718217017,16.670309313324278,-15.972706636543158
1,120,135.3733786562118,1.3412515215804384,1.9048453342188338
0,0,277.35357741926464,148.08076003011575,-74.4607788800546
1,120,615.8663045479913,5.993490696257594,10.048450280224202
0,0,32.43930935278955,22.62307766701383,-6.333589019188736
0,0,75.02556521080524,43.41644016218065,-8.63089875625056
0,0,37.290332483154145,25.327207740574003,-6.347886081357558
0,0,20.38014482810028,15.133890246783182,-2.7931759558700975
1,360,41.176543472558045,1.2568781724088827,31.743555162973905
0,0,37.119913628342665,26.48042300531479,-45.82063419844958
1,120,171.74148073172358,1.5675275366881853,2.552218307647479
0,0,323.20118738858054,162.75930448082303,-74.4551184499065
1,120,680.4259922849119,7.203985205428061,9.859366012472577
0,0,32.26716972678448,23.43655522391578,-6.625721215228197
0,0,18.518671174540472,13.356559241462653,-2.728035642913383
0,0,34.71436006751681,20.648681208596127,-3.360120668676359
0,0,25.906618451149363,17.173783115228588,0.046826779631842896
1,360,43.27686237390527,1.4387109623224017,31.78074251279682
0,0,27.78177002958131,18.99330942439152,-24.600250899763715
1,120,156.32250309782387,1.436820538745205,2.3555816605207127
0,0,285.0930473650875,148.19272481098264,-74.45368775813846
1,120,724.9236646065783,9.405207838090423,9.00740432763574
0,0,81.66606536921316,58.83187381895578,-28.083987810693266
0,0,16.61515077101418,11.083150939919712,-1.9019035951456686
0,0,25.757313973643864,15.218058254868424,-2.137584461555832
0,0,91.29030924007824,46.383895700023714,-10.241857914751392
1,360,64.20626780715999,2.489899091848104,29.275417598932222
0,0,32.5971055419865,21.230397360890816,-30.98135782040142
1,120,220.97833340989422,1.9548867658234923,3.0155613620353137
0,0,355.08713643561555,170.61185193475313,-74.44906882462931
1,120,750.4634977363245,7.43877213307377,10.884832580484527
0,0,22.577986966099694,16.8574958525469,-5.676894227997721
0,0,12.175957273377387,8.872354411188532,-2.3915675659666107
0,0,18.175020665851065,12.24922203596474,-3.417050787516331
0,0,21.86405260226622,14.769156576314222,-3.9823301465463743
0,0,166.45794838020052,85.69701373980466,-13.507570872683118
0,0,32.62069996239094,18.353322895905784,-1.899014206343935
1,120,128.43803832585579,1.7373270043400193,4.430104532784739
0,0,248.77662725516782,132.17842497073843,-74.45106284182802
1,120,624.695537419971,5.914830619403465,10.746516622600865
0,0,28.44324293317939,20.497560031078407,-7.069916864573983
0,0,19.348000160467272,13.404426608519403,-4.258279267265451
0,0,54.59891176127816,36.72977360843517,-9.872998706857203
0,0,126.8073649470672,80.33368771691636,-16.142435330030708
0,0,67.79895861790318,44.556595311174554,-9.259369964319148
0,0,55.154415677301664,31.531915166371014,-7.0709910177596385
1,120,224.61624961739204,3.6923592347752554,4.853370848547925
0,0,423.19787820337297,171.49625423242418,-74.40304400827608
1,120,794.4545867845544,8.435683735315727,10.677745838412008
0,0,34.963618187142366,24.885950526749312,-6.673267065539179
0,0,11.212864065179522,9.628940864101825,-1.9348442928392302
0,0,33.454932043161016,22.937124845117573,-6.537698941386267
0,0,36.109214255552864,24.288008554275894,-7.228371112996541
0,0,29.216067749624315,20.89455937261911,-6.052623020218803
0,0,19.10827246591391,13.638094198305252,-4.296782246571581
0,0,37.17662554050069,21.863357913407867,-5.000435850867461
0,0,472.0056558490492,152.1895203452644,-74.0513455554641
1,120,736.74774531282,7.849320464165474,11.177102168210524
0,0,14.812619046127164,11.316385305801337,-2.303237201676083
0,0,11.477876617223332,8.479829603370815,-2.0378630774359863
0,0,12.52253364462513,8.611080948910526,-1.9256182329189926
0,0,12.825434416250912,9.194100999492566,-3.463905516010172
0,0,16.072322835097314,11.387388238201927,-4.212107333819844
0,0,15.439459591023454,10.995333989031401,-4.052441540525095
0,0,16.217902651878223,11.188723026590123,-2.3168098349522523
0,0,31.673977980132104,19.407629268951876,-4.165052762872847
1,120,616.8488207771936,8.772206428684841,14.69616123273363
0,0,24.256926506123914,16.07089508400561,-3.209472766079813
0,0,16.93696807596951,9.15472552538774,-3.945509174554232
0,0,34.40074584062323,23.647705032689505,-6.201160086903997
0,0,40.62877935004418,26.29048919255318,-6.7952001056493
0,0,23.050432418709445,15.633768642496976,-4.934383756718262
0,0,36.21971497495672,21.767544283233764,-4.489904997230525
0,0,12.961247569606655,9.587991695359538,-2.493212433697977
0,0,16.784727624536487,11.23487651761601,-0.8599083909047636
0,0,31.88967370775958,19.44008654474224,-2.0683890121540287
0,0,25.745557208918417,16.73579445248618,-2.358410372282137
0,0,29.33409132770785,20.186123467265816,-3.1812117124974293
0,0,18.00122829059061,10.405807831165749,-0.7886479028204576
0,0,78.0404372329311,50.52507666064889,-9.945091871829618
0,0,59.003578609982,36.96426678914094,-8.705231822051985
0,0,16.995606663566516,10.975166183538779,-2.358476986433189
0,0,17.32128834998438,11.327892155355022,-3.003801574717073
0,0,18.657358714393204,11.904612496383425,-2.5405834218624648
0,0,23.47497204251299,13.934355950175052,-1.5720219923838243
0,0,123.52457473307757,62.23591761446548,-9.614868871543635
0,0,30.51458081198839,19.728214958078407,-2.105085082612959
0,0,19.517952053865105,10.561941726248454,1.0044468348007314
0,0,17.096225817622557,11.242366712369872,-2.2282379943641786
0,0,34.21036898145531,23.36216328305466,-6.140154014696748
0,0,32.57937571571407,21.29602479473345,-5.128892914395919
0,0,17.817756577366204,10.923971093354291,-2.658981748582576
0,0,19.229127227371517,12.916320632134727,-4.041633394517447
0,0,34.33096268574466,24.202149916320504,-7.626757043343048
0,0,121.29480089116632,84.75100488966548,-21.91522598667649
1,360,90.84184979362531,3.7385092036555796,34.5413161999421
0,0,35.65369155811086,22.824631742416248,-3.381637039465076
0,0,24.711745084583924,15.560978573437819,-2.4518866797411647
0,0,23.251860085190057,14.995372714947402,-4.250135687299746
0,0,59.97920440068704,38.44927098361443,-6.66991554106454
0,0,16.236343950855698,10.317598513261743,-2.595381887868868
0,0,21.270750549768103,12.849377324709826,-3.9142504841746444
0,0,129.90725336136876,100.04537817687232,-21.691335825001943
0,0,157.432341687906,114.53072871688504,-40.1881246171434
1,360,54.8834530440954,1.8522974081229422,31.97913610815749
0,0,61.000114417931115,42.83984520953428,-13.135630760302924
0,0,39.994969314127694,26.756894525696303,-5.245138771360274
0,0,30.509523288961073,21.495054196196453,-5.466422654375037
0,0,42.77322058968862,30.25055579290602,-7.961705484969045
0,0,22.14678486921327,15.287355764387506,-5.026631865767342
0,0,18.941129694721,11.635722042111299,-2.906003674208762
0,0,82.74828337552123,59.680119179137286,-13.240864465422042
0,0,124.83486110604396,97.66038407732503,-65.76929610708046
1,360,40.2716972662048,1.2530169322820184,32.50035020626885
0,0,14.676655141448906,12.590896923863125,-1.0680942664695863
0,0,28.028154681925262,17.166490865055355,-0.19081087746536696
0,0,25.47807840200687,17.1041376177279,-2.658923461200402
0,0,14.004596553521017,10.087064224168563,-0.4047338967892671
0,0,13.9172453542771,9.66287039673744,-2.0396866398209426
0,0,28.528290578678043,19.06496958915413,-6.4283892828998574
0,0,92.61258953533843,72.81515800643109,-16.91812381191683
0,0,114.32447890026364,84.85644383923362,-23.51594321945359
1,360,39.872757790767444,1.3252493576449453,34.56260774797103
0,0,13.543747922160385,12.06545761337094,-3.2199894751766323
0,0,19.7040049238799,14.387787107923023,-3.2749794568672996
0,0,54.825932222401924,31.923301616742833,-6.840976517573054
0,0,27.971334302352258,17.227292959476948,-0.1834666673122598
0,0,35.90790608707181,6.7382997988379785,-18.801959513419625
0,0,44.898667162696114,20.12980999514946,-34.870408533386545
0,0,135.89802267345792,104.61722455518571,-23.409089957787103
0,0,124.26852147910697,95.66872065250023,-29.84489958658908
1,360,38.84920411008706,1.2614932397398264,34.72432192641054
0,0,11.573102734637922,10.792645782757761,-3.434453734477785
0,0,13.408092873850206,10.206647405887814,-2.8905075573210723
0,0,20.679838457261084,14.68188908013371,-4.225871482780278
0,0,34.00781068005583,20.52123730240981,-4.45452455625481
0,0,28.378083431668212,19.145091356416824,-3.6357367186401888
0,0,21.165616209759644,15.706169866686,-4.54970785133446
0,0,128.03534845166317,97.26282682792717,-20.947788670996793
0,0,84.3599694413959,66.91101075894873,-40.84647851703397
1,360,41.06800619720841,1.207541366223332,32.05102943067675
0,0,19.257922568402737,15.970919686634494,-5.693397883920028
0,0,14.349780313466253,10.647453080651353,-3.1648579384149826
0,0,13.541938906290198,9.825866840234715,-2.5617833754336914
0,0,31.602665250859225,17.449181085642554,-4.112918862908387
1,120,517.633683648106,6.927381956802502,8.395170318885263
0,0,56.38308675500277,32.35269342659554,-12.626819384439933
0,0,193.4050193675981,147.9222240317592,-30.56887467033924
0,0,174.92808424822528,129.71158184374445,-46.09358568237147
1,360,42.642357411160596,1.3744675555786685,34.633643413295545
0,0,20.55393352649921,16.81532590815255,-5.388467444110347
0,0,14.4710680253684,10.494036168655795,-3.120209803674612
0,0,16.425145274860256,11.457930473962902,-3.9458172650028303
0,0,66.8841922391561,38.98366217926905,-10.180506281635573
1,120,764.2940858989705,8.928376249652286,14.082653228344356
0,0,58.986657693245014,34.62198363554646,-8.573756304804135
0,0,81.46658827777144,59.674934580868836,-12.257697883325989
0,0,129.2594933128273,97.98965115083476,-28.378713795239186
1,360,41.435218034548534,1.3437775163244432,34.80793933951438
0,0,15.606947987199694,13.438564652172335,-4.434432062944751
0,0,10.56615743746491,8.24025255775969,-1.12019485935852
0,0,13.283134734930961,9.702800960982962,-3.033486505778143
0,0,32.58695740417814,18.694920296601786,-4.5901676213276374
1,120,825.1581454099006,9.077654640611549,13.464540520763833
0,0,92.49790087065786,64.35973757623964,-16.0583890883295
0,0,42.147249622542944,25.265533562911056,-4.913271234220289
0,0,180.01040402966694,120.52635594664103,-47.125401411655254
1,360,46.942781558775735,1.6466254162357714,34.24182730359621
0,0,18.273100947024254,14.88388131044414,-4.518782231710119
0,0,16.542677991930233,11.474452858798022,-2.9508599781711524
0,0,15.145445793703036,10.92788208378723,-3.946300217597937
0,0,31.39401806677473,18.745799802543846,-6.78229777726807
1,120,557.0011046214938,4.932694417797476,10.26766079778757
0,0,15.547073974130369,12.376580001799327,-2.97118562100988
0,0,15.463070557304754,11.4932385743718,-1.2432145428076353
0,0,72.2894139997029,41.22508235481059,-8.351702195667855
1,360,62.28993905651217,2.5910972020513463,32.59394308849221
0,0,24.060574746978244,18.085948373083887,-3.61139757320079
0,0,13.284802191632442,10.319920311616743,-2.718309976860283
0,0,20.777014230499184,14.903122087224633,-4.666082773216473
0,0,33.08140703458287,19.00734024345551,-4.174903330459173
1,120,792.3375969930539,8.038375149394607,13.45729623183729
0,0,19.028857772271206,14.394755320704476,-3.6633566110187417
0,0,39.704125890657004,30.638349654803775,-8.107802808372071
0,0,117.667797608674,81.6402853766262,-20.77738550922988
1,360,92.38326368203863,3.665529995379699,34.770851910918026
0,0,24.05105719092138,17.6155855571864,-2.824442973018563
0,0,13.108060973429124,10.442037324853876,-0.9132413455880908
0,0,12.644862827554165,9.396072096929618,-0.6869614012446732
0,0,32.451619485174476,19.379130884774106,-5.613406778663901
1,120,822.3430225669692,8.337885728331539,14.202050767330192
0,0,20.135047077289997,16.261719295165495,-13.308407051200945
0,0,15.4522183005144,11.690487179038245,-3.9215030998700655
0,0,86.10680222947497,65.04041897455802,-17.858099443826717
1,360,46.42354620483255,1.667370677493416,34.85959028688373
0,0,33.65813379532733,24.661068576855325,-3.135997357473144
0,0,20.266691588892034,14.841824074707795,-1.2538061928243707
0,0,18.880398972916403,13.702016913695491,-2.3271933157469533
0,0,39.300711674744015,22.442719863608378,-5.2105951706571005
1,120,730.0150294673709,7.331697499106266,13.14047932944986
0,0,15.193931647414772,12.331814940554297,-3.1880729700554298
0,0,13.45962133047369,10.753011783168626,-3.867195913227647
0,0,56.361521962160005,41.749031093300594,-10.693855746538759
1,360,42.618612239433645,1.297621383689384,31.603224127021022
0,0,29.962253704322293,23.88732645733472,-5.611803875654303
0,0,45.92070229956678,28.13432957696527,-5.231187270100008
0,0,31.184190610140785,20.700231331053345,-2.632019670945624
0,0,46.53070465711039,25.76959204097879,-3.2421886410135983
1,120,736.3631750122215,7.872742027729016,14.123038057417602
0,0,19.39683439680848,14.090361639159271,-3.4303403106505357
0,0,18.19118782597547,13.335031887782788,-4.0632996471460245
0,0,42.12743869264749,31.30223182764581,-9.463409108981196
1,360,39.29400875618436,1.143498721776679,30.87178409496896
0,0,13.495524044832289,12.144138118669334,-4.83305114281994
0,0,17.992920421975395,12.88261088138223,-1.4503345919556807
0,0,32.72293877394864,19.191265275886977,-3.335673275241504
0,0,69.67662149275654,34.0749549816125,-5.504084630024167
1,120,746.8749985477195,9.333231384656273,15.98347970174899
0,0,21.829004758212132,16.035297463231448,-5.888939560938923
0,0,14.389598885348729,10.939053625083336,-3.958981886603823
0,0,78.3275707031233,63.293874339172866,-39.738452035566084
1,360,40.333417063759555,1.2360615877035912,33.35586742141791
0,0,25.757374641859023,21.121715219688447,-6.98510456013571
0,0,37.2787025701513,27.713320473552038,-7.049312274977737
0,0,43.63843758252792,32.11830168368198,-8.004313561333532
0,0,32.22903699591111,19.96185014412508,-3.290159156537513
1,120,784.3559836546559,13.378520523475856,15.019889353292356
0,0,59.85051792418167,41.300467540720426,-12.695527717862184
0,0,86.56873369655465,69.09536090550704,-16.039112618369792
0,0,133.6383559473503,101.41164380013252,-30.28651393758173
1,360,39.90809243002047,1.282765854241862,35.127370847330454
0,0,14.490499319311418,13.434819907009961,-8.248995664904143
0,0,39.18095261802079,28.30856307366612,-6.468428551064548
0,0,16.115503896844192,11.958630938451057,-4.6314683949778015
0,0,16.83719092320264,12.098437575562823,-3.6093908219004476
0,0,35.84323376971266,21.06682046780479,-4.384821173951266
0,0,65.46818874362958,47.474194174147,-11.156441064958415
0,0,148.67999934413223,119.1966980955024,-23.879494112186094
0,0,66.8596675727859,49.64535740771816,-11.196959122333766
1,360,42.76632647432968,1.3205676337092256,34.522114670902326
0,0,46.57423869756364,43.400689127223785,-73.48016733121062
0,0,20.289831916898162,13.951032604985823,-6.294703008514077
0,0,17.09099732053434,12.4261704024654,-4.754629633497899
0,0,14.127341221802352,9.954885145487609,-3.0096303129338366
0,0,18.233528724863937,11.279892355625112,-3.2178078617297814
1,120,165.90855173116967,2.541495882734029,4.5453470140989225
0,0,86.93439757519283,59.040762410278184,-12.067118960560208
0,0,76.38409936069964,55.66734719258263,-12.562545055446861
1,360,43.07079634661116,1.2810491604945509,31.47903869592855
0,0,17.95132041068417,15.558968132750568,-9.348208261511417
0,0,37.93033067701682,28.55396645246724,-6.595432593423254
0,0,14.902456722977206,10.634905789298415,-3.889461693215665
0,0,12.69609253917876,9.410905965181929,-3.490201452136631
0,0,18.755617323350346,12.366468626317626,-5.064477030331858
1,240,100.47782285275443,1.1657155354504636,5.47647129068821
0,120,72.94616029781089,36.853682689334654,-74.05940912038508
0,0,82.56269746692007,56.171154893886296,-18.26590711316217
1,360,44.5544062949936,1.5539498416508495,34.11869104538276
0,0,16.26490029588781,13.40929703140365,-3.4095067349100674
0,0,18.006451272386542,13.392582337420802,-3.7931792646436975
0,0,15.899091181219386,11.51963282879035,-4.075723186316594
0,0,16.80068520355398,12.00608691890607,-4.401399770793503
0,0,17.565211343537502,13.235319946899772,-22.477374480607253
1,240,83.96381702699433,1.0049192882326334,6.758344052855335
0,120,46.231378714102064,23.02592236133057,-74.12266966526688
0,0,29.287992676341066,16.653102927820864,-3.6820252268501292
1,360,60.0456011661013,2.302605831614929,31.408152912443896
0,0,20.666745153371387,16.486804120643903,-3.8866472453338616
0,0,65.14567651184606,50.98109025552351,-11.240837030952626
0,0,13.948876474759299,10.493557156859254,-4.294991991262137
0,0,12.278637308318062,9.103393071526304,-3.52872941174941
0,0,21.78525745979044,14.288534454821395,-4.81089777421181
1,240,90.11567699620666,0.9784332819221725,5.445645592290447
0,120,44.92158136371847,25.11406157969528,-74.22089902901429
0,0,39.8996650634057,26.679748267005067,-7.583320453474883
0,0,48.688617917381585,29.567873815907955,-7.311988526100379
0,0,27.746280962144247,17.75089370998535,-2.699324943811419
0,0,17.111328526335544,11.795051932077694,-1.5216783477287947
0,0,14.412299828402649,10.24623773087197,-3.370429208551144
0,0,27.595318220091077,18.454632482016088,-5.3437152247589665
0,0,23.514834736733764,16.575469204183737,-25.48031959295865
1,120,133.79115160487356,1.2437068449158553,5.691818187490767
0,0,95.55993231870039,35.6962577562172,-74.18807165344097
0,0,39.710181681588296,21.77237244037126,-0.4893755024654638
0,0,18.544898227796644,13.031404625112051,-2.883704587145232
0,0,52.531515478023714,30.27203242768978,-6.829593824512614
0,0,22.501870417244707,15.03792586877899,-2.6021931848135864
0,0,13.08886407940831,9.71517778049066,-0.7691632636387169
0,0,16.530980056989183,10.933776746601142,-2.751791914531111
0,0,54.42798917643779,37.425676311017774,-24.333157297749672
1,120,135.5958287784603,1.37018911730989,4.707544145133525
0,120,103.97011328270229,24.575257840079587,-73.89460304352254
0,0,26.938757603490085,17.044482333901556,-3.5379721252074035
0,0,21.801023842008647,15.692758945241064,-4.876720882216773
0,0,20.106376749550616,14.100487103223225,-4.221050283598132
0,0,37.88681502087118,22.80362003084678,-5.474970082631472
0,0,19.97628203508127,14.683271170052555,-2.094018806770009
0,0,15.074190974999173,11.098580050772135,-1.5905074192998256
0,0,28.018285985592783,17.747613888037264,-7.750151431391814
1,120,146.20651576663627,1.2467689102145192,4.712814989835252
0,120,66.36504880675103,31.635767741577663,-74.24078449152775
0,0,37.60114861842737,23.6306338975757,-5.427449212627124
0,0,25.334667933525573,18.368107454120214,-5.616433559152185
0,0,15.586392492845478,10.955302691422782,-3.2492830481002812
0,0,17.46655195667416,12.748294564773765,-3.002810689220226
0,0,26.47627828404322,19.06790142312061,0.2527727543676548
0,0,27.552431307266183,19.511629774272162,-2.669073792466449
0,0,35.162227539264244,22.101670508761945,-6.848216643115165
1,120,111.48664776055537,1.2224161794178103,6.102211318563803
0,120,71.50726466243117,25.6433442554256,-74.14184504304814
0,0,21.692971912380283,9.987349465569096,3.087154920874866
0,0,22.36676230208634,15.445374711775424,-3.6972715406713945
0,0,18.17550968843386,11.326729142890184,-2.081986625736832
0,0,16.126223786619654,10.305342855561404,-1.3373986256215602
0,0,21.48631574881145,13.142197235935653,-1.0787525306373738
0,0,53.3065758262757,19.595904855582518,-5.021410981678898
0,0,56.58253810841382,30.31091127927025,-7.479727121825334
1,120,153.07270168543445,2.069786902802437,4.233642747804481
0,0,167.35951482607368,56.72326952601294,-74.08830756210416
0,0,30.700856132125434,19.19556088461537,-5.382984266802154
0,0,20.859686623452834,15.024336022339462,-6.342398740664919
0,0,83.22487816636168,62.79056255596444,-14.296319891559222
0,0,17.8689274592064,13.129473837304575,-5.219941968726118
0,0,15.242521372464584,11.24003646086552,-4.282610085935971
0,0,14.887675739647639,10.899990213075375,-2.6131095788166903
0,0,30.20019260574385,18.406821469288342,-2.848432394164959
1,120,212.66358170990617,2.9504476252421132,6.3764701052000134
0,0,41.84278342712299,29.475156856112672,-71.10097852415466
0,0,27.243780843431043,16.291997067281596,-3.7480398505393566
0,0,38.55493752853681,26.834119680448143,-5.999394150146486
0,0,15.279080406605354,9.582016023197683,-1.6687957003197624
0,0,15.477540845835478,7.582648257168802,-4.292035988309365
0,0,16.481450893819794,11.345125309164715,-2.0867994981501
0,0,19.042927282895732,11.418105574084263,-1.9033191458554484
0,0,16.360998748699153,11.517404719507319,-1.643140925397148
0,0,29.247651990122073,18.267533292003424,-1.679520578638602
0,0,38.51190354125092,25.71569476071852,-4.393031368068009
0,0,28.575977634223523,19.761209008852543,-4.739399973214404
0,0,64.80133107632848,43.652584524726265,-9.610876185865166
0,0,28.017076298151135,17.95809871572873,-4.948251990289705
0,0,21.775019238874723,13.934527830878517,-3.8636820167598245
0,0,29.634992805879538,16.686846491170762,-3.998850456006437
0,0,45.44759317345181,30.920467878951573,-6.698796938928567
0,0,19.183429353910935,12.576311014658437,-3.3144483413636294
0,0,35.90964524257302,24.017544405366305,-5.482047836180385
0,0,34.158216377588,20.5179898842009,-3.3550080325833846
0,0,36.457681452839715,24.14361467478313,-4.506675109757026
0,0,24.32781455789068,17.001444532840527,-3.6621658830687522
0,0,18.707321747222515,12.188376266938167,-3.160436424139121
0,0,49.931202239092414,33.12968719089973,-7.426519068675219
0,0,27.185155124849377,18.059943667964582,-5.596099589544579
0,0,20.313314193026095,12.93222523263813,-3.742660757842174
0,0,37.58038170453548,23.603185112775645,-5.4824225407800355
0,0,24.228164256846416,16.74285001447759,-4.781054634542016
0,0,15.681413625230062,11.19003185588126,-1.5629041804590287
0,0,32.38204591140281,19.345304198788924,-2.352964665433902
0,0,28.020170377124227,19.061175533953875,-2.8659935497351654
0,0,18.586439409303473,13.016629928905195,-2.7265118442081473
0,0,19.30844816104534,12.448250028569513,-2.9602775537756685
0,0,17.509315694637976,11.686812876787126,-4.061725887827492
0,0,36.64601765386139,23.72033730962745,-5.170635006796786
0,0,14.28815887195728,9.622143827594723,-2.3676863928156564
0,0,15.292373180232772,9.56506604989124,-1.0111474940918583
0,0,51.15572581699358,25.65660442904045,-4.804049006807119
0,0,21.50270903591963,13.878193225888785,-2.1903095621108406
0,0,33.90749119021406,20.415285528447725,-4.139481255639041
0,0,30.647289775001852,19.66571378063732,-3.2313138808548985
0,0,17.001592594128837,11.676068923962344,-1.6578876330855365
0,0,39.387386331467376,23.91596290961855,-4.966487614139282
0,0,35.95975351143256,23.56564749422549,-6.13695237206197
0,0,23.154057407061988,15.41819501889637,-4.985518444416996
0,0,43.65480697003619,28.205764324411863,-6.106172470893043
0,0,15.591768064394689,10.14627994422867,-2.1465940254851574
0,0,19.921414068977917,13.353954262604404,-2.9747994387042667
0,0,15.065256201493986,10.947249657807983,-1.8613605574636694
0,0,39.454213289680034,23.64270076827387,-5.570336566626509
0,0,24.70124029120766,16.338297783992008,-1.5230356110564145
0,0,25.096188533459873,16.4302412806217,-2.4539850254992075
0,0,14.822645847505207,9.930375943374273,-2.1496499496645214
0,0,19.523250411322298,10.241273618915752,-1.1047986636973945
0,0,17.255270301307167,11.44210547394922,-3.0032436812020507
0,0,15.23434495164888,9.997829257476667,-2.514753784793342
0,0,15.105358810929252,9.916431769091126,-2.3367108125780334
0,0,14.118897309310722,9.725831566389033,-2.3535891730999907
0,0,17.1702722934391,11.74226835424438,-2.5135297497678266
0,0,37.63194601055883,22.21974128117653,-4.939300713742554
0,0,19.19504455946768,13.938199315413184,-0.30512076066487737
0,0,13.981104166023892,9.795513694203573,0.3969091236991886
0,0,17.39709971933281,10.606896278924763,-1.1363071571434205
0,0,29.83141442539418,15.438154313371674,-3.559022196938784
0,0,43.1537573731945,28.29353619183697,-5.738374926031199
0,0,13.670214493520168,9.506701984628219,-2.3107396204379427
0,0,13.800978396787023,9.273338003789881,-2.0141650932004183
0,0,14.471356658998094,10.11152975167692,-2.887801357434725
0,0,18.41154213715483,12.203172096018399,-2.163022740487534
0,0,35.082498473961174,20.64898693083098,-3.694573667553925
0,0,22.738393726979233,15.68141200109593,-1.4025472653471525
0,0,15.772449039721797,10.848626059903875,-0.8450950690653087
0,0,24.06280660192378,15.119773487367457,-3.66196604061561
0,0,19.93683114935127,13.192590685790044,-3.9830795557456753
0,0,20.098796899517307,13.212183677126816,-3.6395337252499758
0,0,14.933964668598326,9.560368212139569,-1.7609563782955888
0,0,22.298767940339562,9.995006610022635,-4.533828703078228
0,0,44.94178571779707,28.716410623540266,-6.048638661309212
0,0,25.887120054483518,16.82106982313637,-7.727406862193135
1,240,145.5510931386772,2.6461691178568123,8.206677251724201
0,0,22.832203333491403,16.174681442875677,-1.7557521477449
0,0,21.51399883923143,14.914277426651148,-2.637573625789315
0,0,17.221277716510684,11.712573849433483,-2.898909267122079
0,0,13.042663395134216,8.62840497407574,-1.1404205809706696
0,0,15.834255243522387,10.489114322446332,-2.470122303590742
0,0,21.90307881049011,15.309188840302223,-4.4349733029220175
0,0,12.90890009207853,9.355333552491988,-3.121708622073214
0,0,16.424702213046523,11.329734237484368,-5.627649716834995
1,120,93.580427733334,1.2418770022423389,3.838087918877534
0,0,47.8017442101614,30.10609992365135,-7.40814605313912
0,0,24.219768143554607,17.135332556548555,-1.9713488476138963
0,0,23.85356376627227,16.50917960697529,-2.8773512624889577
0,0,19.024491499210544,12.342247535711326,-2.8939381861000726
0,0,17.088767304019566,10.886732857176977,-2.5681033930144395
0,0,16.78076029095126,10.882033610567081,-3.0316546166242944
0,0,18.90657822697275,13.072884228976095,-4.562839165859927
0,0,19.647316911321788,12.85139199197175,-6.0218556092032
1,120,107.93916028539769,1.1104318506430335,0.39595154527786747
0,0,18.209906727998064,13.875660098800015,-2.6521288177934395
0,0,28.86719977443126,17.200416171116295,-1.0753052483206034
0,0,18.767552415859743,14.935477925222786,0.07625358085758194
0,0,13.752033854600072,10.282897630747872,0.011421358349480215
0,0,18.14314043800056,8.467469690161819,-1.3929881346716684
0,0,15.503357929031639,10.570230039186848,-2.4458664258401512
0,0,13.21231378588702,8.791672622781352,-1.7656110421001046
0,0,16.661841397086445,11.346348902533233,-4.816868067499556
1,120,91.61077713685398,0.9827359349416954,1.068238211198718
0,0,23.844283367783756,17.896548517589597,-5.333061123975625
0,0,16.115092088353418,11.661444271156464,-2.3472191949059606
0,0,43.30462267841727,25.56188407284904,-5.470923272955261
0,0,21.059656414338875,15.114590297957234,-1.5028348697508989
0,0,16.861246789728437,11.99316487126525,-1.9429712192671644
0,0,13.71177130168848,9.503253099693119,-2.3385427017318676
0,0,14.11209419627452,9.19468285793954,-2.044765968838405
0,0,18.92954022719493,12.299239320673024,-5.465752349480113
1,120,149.35505641263356,1.277319120289901,0.9236855034231155
0,0,40.9841296321054,30.64314822591854,-9.892608247572156
0,0,13.19052930056815,9.764209568870472,-2.760943033531433
0,0,21.870310620581378,14.53857438604139,-3.700643882068235
0,0,161.38329117817648,93.15616289381748,-15.859958022508863
0,0,23.09200853040076,16.187451333828186,-1.7778430655864241
0,0,16.278375993376084,11.52363750829526,-1.4281021190431886
0,0,18.87667247376105,11.645691122912263,-3.24372909325659
0,0,20.396778949638332,13.530592680295536,-7.047455405517255
1,120,119.71434608708302,1.091364099263314,0.5558671416390553
0,0,17.197532544783733,13.258063145227919,-5.622320584751108
0,0,13.62036360496736,9.84873331365756,-3.3176874544583654
0,0,23.847149481342313,16.686089934303872,-6.265151305755111
0,0,88.33266389072388,62.431207906199006,-14.09347147484717
0,0,228.54488791193023,124.23046963780304,-20.433260968296942
0,0,50.88273723308717,33.91795745643779,-6.5321949471558725
0,0,28.18551516303153,20.090199946150154,-4.949247039170999
0,0,32.5151004993996,21.61651468150068,-7.510881727593912
1,240,73.69371036813456,0.9603218811163936,3.64481528637873
0,0,10.462123398267739,10.926734568762868,-9.179786870738198
0,0,11.734436983837082,9.02588684955855,-2.653336199281199
0,0,28.027178475190436,19.516814372540612,-6.577159499113719
0,0,137.2087943921456,95.23784672379469,-20.54443582301272
0,0,168.9798782851468,87.19279851741679,-74.16226426445745
1,360,91.5463364617709,3.228692722021773,29.625250139933144
0,0,29.484697414193114,20.1411851164591,-3.4563697901728005
0,0,20.53754023939103,12.872062759850742,-2.4977005621248907
1,120,96.73313058657733,1.1196857597874699,2.855754013669582
0,0,15.525641548302495,11.70708845993397,-3.3520020690173027
0,0,27.2587383161138,19.683318873018443,-6.3595060873310985
0,0,89.07407360230118,68.26264116296636,-16.05863472801149
0,0,113.29727409608915,89.43097831904055,-22.667632822771104
0,240,32.15607335581361,6.212488549774361,-64.76388664361082
1,360,35.41487940207717,2.3606794959762962,20.203327962072876
0,0,40.296394745066664,30.558357502497792,-5.869613130365934
0,0,26.127456269619227,15.549158252929043,-0.9636099705497685
1,240,74.59957138826864,1.0913775714700917,5.477512136798339
0,0,18.774417116326486,14.166156802812615,-4.286640242074412
0,0,15.400151183677538,11.157335074192627,-3.8706182152377693
0,0,66.62382632086421,49.74693608574946,-12.404690334383737
0,0,121.52770065386818,95.18653047180284,-23.67260304918228
0,240,27.01400641302523,20.08508015536006,-73.66039308782464
1,360,37.15444671178329,1.3327185956327083,32.493955247768184
0,0,32.081977242366484,25.908488555677128,-6.035057701264165
0,0,86.5360390438764,50.752827045889234,-9.20167378274212
1,120,214.26950245691,3.04939719771806,4.865577891727597
0,0,65.2561882618345,44.143977367350146,-10.958097430211033
0,0,38.948483048117325,27.695754829201213,-5.952043978904214
0,0,27.765867603486686,19.937538886592375,-6.990808396819261
0,0,111.15813489076344,78.91654540543055,-18.043877984332546
0,240,28.35881851570919,14.93299269931367,-73.45380478093311
1,360,33.54237884080458,1.1594926086700994,33.49305926550262
0,0,11.945397833036036,14.759066333705897,-55.633023549450456
0,0,25.349781672823134,16.02012265128866,-2.443418355789106
0,0,42.159482540835846,26.067235882767434,-5.991712705853686
0,0,34.98968345849145,24.48588269199429,-5.899785177406542
0,0,104.1196806558068,80.11797461635147,-16.190572380932245
0,0,118.1181249007815,88.65849008334031,-18.836061795372096
0,0,119.77980892966998,81.52130448179818,-17.73823144239909
0,240,25.483641493493845,28.771125041571107,-74.18684875684087
1,360,35.13106981470336,1.0956847152252072,32.93796354481414
0,0,12.203910613119437,10.728966095411355,-3.3826612320374494
0,0,19.66271928424904,12.43703269938109,-2.2743433136587328
0,0,35.083862589586865,19.362103424265282,-3.6557792513369662
1,120,894.3356182432237,16.054966532912378,15.020497207420675
0,0,210.74150970155665,101.02098432060487,-25.949370647414476
0,0,164.11815548774516,120.98905880036854,-24.197993021887505
0,0,133.88792660020547,95.31841087254007,-21.512768266347123
0,240,26.31136552936508,29.38502092458581,-74.17099042550686
1,360,36.37075309267115,1.1383264510176994,33.13531629406468
0,0,22.80723928216899,18.53104613443026,-5.985438485501788
0,0,58.45996198726807,41.247254965557566,-9.258458183126663
0,0,26.983289911847315,15.35382710430699,-2.5078508933909234
1,120,815.9969948943569,9.873129807112885,14.375422422203215
0,0,64.1150448727305,38.986471442569936,-17.37764071600381
0,0,165.6054018521756,106.02493315199611,-18.19680325821807
0,0,119.1570736006661,86.27806068444241,-19.540264966414128
0,240,27.72751609935259,27.41242498697981,-74.11980759867554
1,360,34.33400345022564,1.1657144788067948,34.0132574978105
0,0,14.293591434860126,12.2271128238379,-3.6259860722804547
0,0,13.840668278516134,9.862175934412562,-2.349225946206303
0,0,28.60361292544368,17.133588390065853,-4.768664402446959
1,120,706.2596213579332,7.17418292296294,11.85625009168939
0,0,40.678512579028194,28.763700358724716,-19.38058251958161
1,360,81.07300231271415,3.3103836051326962,35.45839321742902
0,0,133.82781726799857,99.44705299496167,-24.384720814045778
0,360,28.577429994525804,26.073894146739363,-73.51719159345865
1,360,32.17651670589132,1.3390316893394805,33.26281577917182
0,0,11.243949171725294,10.716062362927461,-5.455980886198162
0,0,15.775434651279909,11.022906048926153,-2.8121443353812055
0,0,51.57293929420903,31.52588807088394,-8.107711213914385
1,120,657.0450357531565,6.240814348819553,11.175986381180465
0,0,24.654643425104275,17.773836966181463,-6.2722748565328885
1,360,43.5452659114903,1.5075297242058578,33.560531073746034
0,0,29.61762698889806,23.208115907003357,-5.329672129041015
0,360,35.718154294363096,45.35807784914781,-73.89276972320529
1,360,42.16002671634151,1.4366936534513048,31.507166521208845
0,0,21.00822631376118,16.97892956954485,-5.272234077299316
0,0,15.26432608052184,10.932772230686629,-2.70972507814389
0,0,23.070919891125452,13.499062433217304,-2.0895723121874994
1,120,804.1234971692224,8.234535411082145,12.90688015525997
0,0,32.99763342160255,23.794643310136838,-13.041663173479904
1,360,41.88216261405326,1.244143238751087,31.163537423024337
0,0,32.65829219462017,25.46967148429835,-6.120760969972707
0,0,63.48956660502913,36.266087371666536,-6.63309873245683
1,360,58.46726423425626,2.50526462797312,32.73548150593285
0,0,15.442213560305506,12.513563287027948,-1.1591641377219872
0,0,33.024842196885835,24.015011278277534,-5.561422760539301
0,0,28.26602923827014,16.26086270936462,-2.783991529794264
1,120,812.2476550752126,8.504538863352119,12.972969719869127
0,0,34.80655369338885,25.326320159892177,-14.08901665349579
1,360,37.907144388241626,1.13695712887652,31.35980769232033
0,0,14.081493516234637,13.0034289273358,-6.318122045992126
0,0,58.756100091334424,38.44891876905815,-16.93645103022409
1,120,182.5329075250111,2.8974430327747354,4.928511610930812
0,0,23.127896537313262,15.92344398216433,-1.4541399253343315
0,0,23.70474279605728,15.74170408884003,-2.6852860114779133
0,0,38.320541283194366,22.074120286169684,-5.135529349194144
1,120,757.5806662228033,7.818946889690067,11.811510362491333
0,0,74.68169041356282,59.195246532379265,-57.66679209227213
1,360,38.465964833360474,1.1852035668494652,33.416411357952256
0,0,32.57962206543623,25.868775660027385,-9.816056097863921
0,0,73.85110210256379,53.358718844269866,-46.356855215776875
1,120,115.33309349256889,1.3320424317382888,2.002343471047425
0,0,32.15088530420216,23.075315521845123,-7.320898168803126
0,0,36.100272128324626,23.489702991600286,-3.217499771281183
0,0,47.98896632214107,26.370501068874315,-3.554367533134254
1,120,746.7452788731257,8.033107428490876,12.632563081241585
0,0,50.984380393077856,37.95980827675896,-29.901825542044598
1,360,38.67549446421091,1.170031396515847,32.94188545295714
0,0,23.06622270052756,18.510593739576162,-9.962765438779712
0,0,135.37295214027495,94.5941224944377,-73.55297178439355
1,240,88.90931343737631,0.9908258630312636,1.3753627546085596
0,0,17.03402251277729,13.813818267008282,-5.259681473211074
0,0,33.37701934745118,17.07494043987047,-4.125259134390163
0,0,61.10312904727055,28.11014793438928,-1.1920465480333746
1,120,764.4523380189964,9.308048043882215,14.823211072321186
0,0,42.04211344410372,30.14350792724479,-20.262799519147862
1,360,40.18618449772326,1.2243430572015819,33.369939660826944
0,0,47.1435565823357,35.801327584930355,-13.691450909884061
0,0,141.22420661866832,85.4585954800837,-74.27688874339374
1,120,108.11551727157166,1.0137724652656617,0.7384315493567897
0,0,31.14890009322606,24.55012944477631,-41.145424091710375
0,0,41.06553166940224,31.37043183660752,-57.793414144108425
1,360,86.57777142218252,3.140961359270639,32.39120291977562
1,120,582.9193897542614,8.740998105711048,11.799694677449068
0,0,36.4223615210328,25.82428109956158,-20.820247552045252
1,360,40.212878512393075,1.2778595054728745,33.81502211105857
0,0,32.48485831335838,25.105450638223335,-8.190550074127827
0,0,111.68227885484218,80.09074420457631,-48.39211737276659
1,120,141.49858873309262,1.3179610698854716,1.1136940425205353
0,0,22.7710626416268,17.657414557890274,-6.667584045777829
0,0,65.92252381479908,49.12330217468271,-12.745192730853404
1,360,47.97564137597531,1.632226004638633,33.482792359472256
0,0,43.05395999768925,30.51493649199953,-6.291105844357446
0,0,27.506884185128115,19.141539624831292,-3.4983200517956874
1,360,44.86051604751512,1.449690106417139,32.69286510279947
0,0,36.16289643381448,27.82043596440807,-10.74795892734359
0,0,53.21794507922116,41.345133981889695,-70.54261064350743
1,240,77.8485344762304,0.8897880104511294,1.4901056297898805
0,0,14.79686093684739,11.885980346356186,-4.199442318351714
0,0,18.552851279274716,14.199810199236106,-6.163468967563773
1,360,41.734661637125654,1.1667222527059524,29.371966484108384
0,0,20.91031516821813,17.205917762485395,-7.818480896829982
0,0,43.947716789683795,22.541856990335543,-3.674581095470444
1,360,64.8334153699936,2.5685288782503934,33.21133136718008
0,0,54.42544111140113,38.263287609316066,-15.137710743301525
0,0,136.64214590884052,82.3396425995768,-74.28232290335544
1,120,170.64951168865184,1.4077083326494775,1.6060309061523128
0,0,19.860337722189993,15.396728246120183,-6.24023761326292
0,0,24.459455392631195,18.381780423195025,-3.7171392112216637
1,360,36.99652918615602,1.165761059181863,33.674532866496946
0,0,15.124240414074317,12.480036687844718,-3.2542208220467614
0,0,33.08016793224902,22.149333591376053,-28.26937499306169
1,120,210.37229397468553,2.8597817869153275,3.7148434126686283
0,0,30.835401687470515,19.673521672920945,-4.213681093138376
0,0,66.45536723324544,36.149969276751975,-74.16981088665254
1,120,132.60089269952172,1.3054081430996338,1.0698785846682881
0,0,21.25519374865681,16.162242633606073,-5.510042433158588
0,0,31.482751765951964,23.526169877899346,-4.679988477247875
1,360,37.65326077681791,1.1853973729090583,33.39699333292158
0,0,20.63093068368938,16.866542131210412,-5.164989457495409
0,0,17.442885837469987,11.687634241132372,-3.6450876800936527
1,120,97.18257543191889,1.2537782440454188,2.442946119621027
0,0,34.33025305147038,23.670167868230852,-7.141056614509509
0,120,63.93327554639205,45.20292311053157,-74.17556722101178
1,120,130.87329725094023,1.389385427002652,0.5802146138473461
0,0,21.583982383063105,17.253031390391705,-16.945860279059715
0,0,34.379493581010074,27.25845932470557,-13.339016253607802
1,360,37.20930548573283,1.1300992473048208,32.59028763695342
0,0,14.678475187903667,12.404545837568001,-4.787766010260171
0,0,18.348340564405586,12.108678566001235,-3.9714470596187965
1,120,133.11388841945737,1.2449676849737006,-0.00817985559659462
0,0,44.16973671913387,24.08119661997732,-13.76595467444755
1,120,810.7253167443897,13.063571676108038,13.45827879056526
1,120,195.48640243209277,2.907911729923783,3.6374044620745565
0,0,19.049584240686322,14.052952226707605,-3.056443407583288
0,0,37.81724144709952,29.44665565421845,-9.391303453855457
1,360,36.52950158900301,1.1910035720013754,34.21552304070087
0,0,13.094618367694572,11.082233068786044,-2.5556382199994516
0,0,13.471986615781486,9.410493874151081,-2.363256551770931
1,240,82.09326520232987,0.9520392916645398,0.8342643324091767
0,0,25.290082310676237,15.04282165111129,-4.399234810884408
1,120,695.5610132569768,7.67476926993486,12.214875700628724
0,0,104.46855598472291,61.356480133179765,-19.248041175916974
0,0,22.338110358654582,19.591769856691784,-2.5014476081213672
0,0,31.259812621120695,24.165728113484647,-4.169024631629128
1,360,38.15390224203035,1.3136119245445197,34.4904812759231
0,0,16.088445872883423,13.384699775651242,-4.439145014131441
0,0,15.608071268395511,10.49596278227865,-2.9706110739570875
1,120,105.25862528171899,1.0333658088169908,-0.6245356149431984
0,0,33.92527616940936,19.833384815725548,-8.87711714867973
1,120,885.8770718427251,10.755754125703826,12.250147893608997
0,0,223.45986196040636,154.3033036010428,-73.8008682159109
1,360,84.35793246011119,3.1951935955739326,30.366024479900886
0,0,74.58066496630829,49.8004726983041,-15.135499986163602
1,360,42.71084998764398,1.5927541998526653,34.22445766371027
0,0,13.439824188808956,11.03634444310648,-1.4604099823017833
0,0,17.203476191438522,11.30266373111776,-2.6003946027352782
1,120,117.37058953790394,1.1448160922708073,-0.48125690280640754
0,0,40.84639072252606,24.06318295871091,-12.667732963337137
1,120,856.8570451574476,9.518139095699759,12.41495963007226
0,0,163.5429472708104,124.78859164140161,-73.68461800040346
1,360,52.530570524611846,1.718319921917619,29.297508516773732
0,0,85.04288028611414,59.459125677944634,-25.22571614426623
1,360,66.1887874189767,2.5509021246740566,31.362089226993746
0,0,51.478624119237196,43.49605755819875,-73.64893337215206
0,0,21.80846764816554,13.90964175918996,-8.146397382135888
1,120,98.67803590499565,1.0439650895127797,-0.30876788543478995
0,0,31.89901293603249,18.65245026540548,-9.37406704227162
1,120,812.907725256139,8.976688111479062,11.964714583134366
0,0,138.4728552620226,109.8487772505619,-73.13968145817294
1,360,41.58535532118939,1.2103708818612118,29.124994519095466
0,0,23.20725423960233,19.016934567968594,-6.424088506772776
0,0,38.449676336805744,23.337229310186448,-4.208443555512176
0,0,45.195353119129656,28.391446203050055,-5.621071569418945
0,0,29.413153042644176,17.943526895106295,-5.488317893147837
1,120,152.85301656305262,1.4069675373839803,0.5149827064329457
0,0,49.131959172592026,28.946801209094485,-20.263249164667442
1,120,818.744228166095,9.116159440333249,11.550915803588964
0,0,197.05927554771202,146.88400822850224,-74.0912319818828
1,360,40.96469374208547,1.164573479751724,28.19684289899672
0,0,26.09869402034173,20.86792209015673,-8.503336820376816
0,0,35.66001943679498,20.05427406140954,-3.941753801788863
1,120,938.1103901742285,15.815509944679501,14.873063437612231
0,0,38.768526414510596,20.481458190423485,-4.2557978901388935
1,120,105.33017700699098,1.3183506191847179,1.8154657970492991
0,0,37.95549511729233,21.299263759793007,-10.413772385070217
1,120,813.7386959607365,8.95598423543178,11.683261468184895
0,0,180.30972997267526,137.40231347736994,-74.04513820947477
1,360,40.1399920863876,1.1912334800529876,30.073213652197623
0,0,34.88864330379082,28.511692252564224,-19.210054456281476
0,0,28.228339569210505,17.150334078929653,-10.29116904006517
1,120,932.9878455277059,10.785177425306388,15.212237714445365
0,120,527.7763502865173,125.13619641356954,-73.90194003280575
1,120,129.08388640640436,2.120137206373685,2.83695216953609
0,0,59.56903211329152,35.367066761051625,-41.44251696031074
1,120,698.5746866222456,7.179155488068509,10.640808291655532
0,0,172.8312436578805,132.25025419848805,-74.12669569054732
1,360,37.99276010884586,1.1377649329613493,30.062480447109905
0,0,16.34099478357365,13.216017180357374,-3.897180607968423
0,0,27.84839476041011,16.48541216871748,-3.5855762629005596
1,120,783.9498228231839,8.3897803166248,11.1579672533218
0,120,430.5458065191463,72.3155712443699,-73.4833326743373
0,0,33.09329065103092,18.941260566122608,-4.832255936391789
0,0,63.441752697761046,29.75829509361546,-1.6326242163003428
1,120,898.5142389991079,12.72169813919991,14.02486545230964
0,0,231.4910246847121,161.7758650853588,-74.01194354533034
1,360,41.3508781848934,1.2546567552024215,30.340511260049254
0,0,36.56126231885396,30.137004637677627,-22.610278038718207
0,0,27.40988122438168,16.938617909149432,-6.190764115955972
1,120,850.9711252285987,9.502988234346796,11.148682906019388
0,120,265.9746322766575,30.992333737015052,-72.63099771606421
0,0,32.66935219408667,16.35592964467941,0.46518862852407494
0,0,194.26537554950167,46.09445423082173,-53.687940299442865
1,120,810.2083205991152,14.120652090999396,12.366689350868626
0,0,191.8034961469779,134.2597143204126,-73.9546603845004
1,360,41.92264485944095,1.2746473967732352,29.318117269754424
0,0,27.35945490700025,21.477240592798008,-7.064720960792187
0,0,23.43273777260874,13.906618349438848,-2.1492585915271007
1,120,846.6122500133243,8.287287289605391,14.759186546394545
0,0,270.61762593567374,111.31507180780577,-74.28565348080211
0,0,14.304177119189934,9.491388400150253,-3.9251418978711
0,0,17.423727550495183,12.5297454326017,-3.214144083422113
0,0,35.5419885049884,21.53924162556918,-5.148052809591292
0,0,159.48145661565928,109.545455710126,-41.5379063429202
1,360,44.88303682435432,1.5821771967275613,34.20913640896909
0,0,13.983473903276604,14.839423380292187,-40.216976871316355
0,0,18.333611057137364,11.68586260191428,-2.708942361869063
1,120,656.3351955746309,5.6579623045808605,14.04889650730044
0,120,68.78158515295137,32.08597120513188,-74.22880542617264
0,0,12.557332381310916,8.144324105640239,-1.540155447875918
0,0,14.574895241104803,9.941764448837047,-2.097074730949359
0,0,38.8532633652104,26.81825875454972,-35.34903537205561
1,120,146.42092091586855,2.9394849471778817,5.737365613270285
1,360,62.586419108700326,2.371458318042149,28.49300941455907
0,0,22.12605656236739,16.224404276214912,-2.6768843016768926
0,0,40.90079356564653,24.14086458352769,-5.147082741016646
1,120,826.8661505402781,9.144094985650081,12.299742129064725
0,120,234.07381400161634,40.791610491537924,-73.56708838986802
0,0,16.601228334850642,10.47906916330121,-1.9393157677283739
0,0,45.82040487089415,29.43729520017074,-6.638065650094404
0,0,146.92637171595538,55.198039611495766,-74.18019030164214
1,120,120.99290849881369,1.3824586874852,2.601562740036769
0,0,34.22063110197094,22.12685807611068,-3.8438476532850956
0,0,35.85493354308447,23.444863260869326,-3.940021833861593
0,0,35.20769193201801,19.248810090092086,-2.889541652130859
1,120,884.5350468010769,9.381767254940842,17.064344263126785
0,120,161.82804434821244,51.77524109529324,-74.16122641077989
0,0,13.967626630104853,8.831473572070164,-1.433855916340022
0,0,36.38628047889024,23.107089501396302,-5.532699571284013
0,120,91.50053012089533,37.8915209185873,-74.17606429008224
1,240,83.07656827989862,1.049923150946821,2.9423607368017173
0,0,17.428586523000163,13.873445373670123,-2.538376828108966
0,0,25.707468600383343,17.93556261955968,0.3167306661432576
0,0,54.48323769770896,25.96634754526644,-0.9119173893359971
1,120,913.4691820011358,11.626309460309256,16.39075029449161
0,120,210.89673208768625,46.47852870700517,-73.84457048174868
0,0,15.322450826720758,9.122875467492404,0.38505180481253376
0,0,34.88057259274395,21.49048808668883,-6.407076917948729
0,120,80.39946746488407,32.246626126259,-74.17091333784182
1,120,149.18255277733755,1.3564815431549255,3.5019445859171157
0,0,17.74230002515491,13.916725498345874,-5.617561836335568
0,0,16.853683485571988,12.373124072573102,-2.7362042031857357
0,0,30.508219841550545,18.881547519109034,-3.61925804302453
1,120,715.6970953707861,10.984949295054026,15.965302365281588
0,0,30.327382599608633,21.856703876010616,-69.6036420302091
0,0,13.506520618437488,9.234307699950213,-2.2834527988146363
0,0,46.76278815655375,30.60493153770388,-7.0568022035862725
0,0,126.30951789661358,66.55046139740838,-74.32002579726728
1,120,123.26353227226514,1.0802695168477556,0.8140053037215011
0,0,16.853810337294593,12.518346360702237,-3.695855989961615
0,0,16.63081420110969,11.83778894190766,-2.90746085876296
0,0,17.726066681523058,11.688080144760622,-4.792524758675711
1,120,204.99404567028444,2.8031057099132815,3.5281655811236448
0,0,27.981157037915676,18.480442764700324,-2.574706520737138
0,0,16.681665195997233,11.893847410685268,-1.5580746545080046
0,0,54.555727022669764,34.8989172614258,-7.174925746933312
0,0,75.87334652629409,41.755813336796336,-74.29221907301195
1,120,153.19667074860354,1.289791742156907,2.3411680235875565
0,0,39.859932897769056,29.043727837266434,-8.377606773656908
0,0,14.063092662733935,10.131868733443897,-2.8456928872030858
0,0,20.614739623965065,12.350683778763358,-3.2811162855326472
1,120,307.4741328812436,3.071384543608428,5.21043102493762
0,0,127.33017053355093,75.16140286935463,-19.86856031970413
0,0,27.907566492928204,18.480024333807464,-1.5755775226960367
0,0,45.62946912877446,30.32142417934611,-6.502480872403737
0,0,66.59347015211573,40.38789371397984,-74.26845229535381
1,120,114.92349847243277,1.089327682752539,0.9665517096229337
0,0,26.814770156013378,20.242617273234988,-7.433446940384286
0,0,11.191369132705727,9.055813111547481,-2.4056980927578024
0,0,18.501104968605894,11.837602972621944,-3.7821796029518
1,120,230.75552001274357,2.051438813814838,1.3030864007207583
0,0,103.20368620531046,77.91816084191423,-67.15453737813736
1,360,83.60192560828055,3.2749388454759623,33.39184738975307
0,0,36.07924048040295,22.327075145057456,-3.5941028742347783
0,0,102.60387978477502,47.54289010120395,-74.19033019192064
1,120,122.79564428951534,1.255099312792388,1.3995686717458682
0,0,14.14101087373606,11.0613798537669,-3.679427274959238
0,0,12.594608403449016,9.09589371919398,-2.187336905620299
0,0,19.696629139661216,12.108298174280453,-3.2955632295413295
1,120,553.1681088489379,5.1268354334338575,8.043897246867914
0,0,97.91692556936864,78.03175989832228,-69.54399790513696
1,360,52.25899753239247,1.7808411755884184,31.930091439447907
0,0,114.20969463718343,77.40117186305633,-31.99958842625572
0,120,135.77221517952646,68.58486394535049,-74.21819861883442
1,120,232.7233615933534,2.0610419436918264,2.8229382175092326
0,0,16.47129172542686,12.0886502374729,-3.620815148805292
0,0,13.292222098189425,9.630475815138094,-2.7446392200622682
0,0,19.592963705831902,12.19464850375641,-4.154311231016251
1,120,292.2522791474097,2.412567568300265,2.094470841947725
0,0,122.61344109351697,99.1774426141365,-73.54538746405339
1,360,46.01637791330277,1.377797920315579,28.905642446461115
0,0,105.85982890963383,82.48976489661291,-24.044264214804954
0,0,174.87487270823883,97.80104448252122,-17.342310235641378
1,120,215.09347241716446,3.1640669863771977,4.254626205384795
0,0,98.84953208023389,65.08284814886579,-19.017880957274976
0,0,19.734202987582822,13.817105133247491,-4.139481255639041
0,0,30.616733217300265,18.864434118248475,-5.9601667419477025
1,120,378.0979947937339,3.1628254300663086,4.956464574064611
0,0,84.81114976537715,68.97306074070063,-68.48632027255465
1,360,41.88240896377541,1.2063618877279878,30.808908663147918
0,0,58.885893303158745,48.477842231992376,-16.66703842307667
0,0,54.08036765730163,40.06216851004806,-8.76289885993792
0,0,45.64563628889887,26.947360886867006,-7.4116932566824545
0,0,25.64397839400441,17.08382469983809,-2.0938189643168528
0,0,20.323929292248103,12.909873696896568,-2.0626435416260875
0,0,23.127492082545537,14.246147546260373,-4.675492022052097
1,120,293.1782011240229,2.4678018550161767,2.66567886042111
0,0,120.31449077887872,98.63987866975891,-72.71559339440581
1,360,40.07969891110445,1.2234693889947281,31.381274102495766
0,0,52.2068816971404,43.9172131828674,-17.00508858611086
0,0,50.73121744651299,38.888595243954256,-8.788224727489734
0,0,17.955357604638365,13.730533613030188,-4.272734538043011
1,360,82.53031167060992,3.245894880950514,34.037097037117036
0,0,22.96905060415099,16.258264774797496,-1.3976178181695502
0,0,23.538456733599638,14.61573332445665,-4.601650235614656
1,120,223.90918914617913,2.029313928140242,1.3967458970951725
0,0,126.66121705518071,101.67587797797061,-73.22209812518297
1,360,43.81443055941095,1.3259586297076553,29.86755078760376
0,0,96.45179185014817,81.94905074524395,-33.71203008049475
0,0,80.13298324901497,66.57153791645621,-16.664773541941017
0,0,32.07964611215978,23.711298075255065,-6.686510791444533
1,360,54.82147218937238,1.89928036442887,33.397259789525776
0,0,147.6274168417138,100.59824795700763,-63.665883510183534
0,0,38.541939823046754,20.458957315710062,-2.31808383059105
1,120,244.62221495556275,2.3803161619180484,3.1335849841557746
0,0,126.44495876773995,99.74298084743211,-72.10985946961313
1,360,46.628674632437836,1.2568781724088827,26.627580035667904
0,0,95.91130791345334,84.22409754890272,-45.409758114781454
0,0,58.60263156815213,48.5277101777288,-13.507729081291856
0,0,31.05015797697841,23.98141000960837,-10.887024294426553
1,360,47.55959714072474,1.4678495845098503,30.782088140581948
0,0,119.67506985227544,99.5523792358718,-73.78831723814471
1,360,87.70698707250017,2.917282750408183,26.212598854941405
1,120,359.1606577816757,4.962555167878939,6.857774000064353
0,0,63.66166578555743,49.89493946001499,-54.59655940143881
1,360,42.123625787246304,1.3955190673929991,33.94088122269612
0,0,65.90209517216748,55.14181489744759,-20.39999552661702
0,0,89.86565041252241,74.01152659860738,-17.973279474374287
0,0,17.468912501773058,12.756574424562809,-3.248991611189439
1,360,43.347664019426205,1.1335828253737135,25.299343824370908
0,0,42.684159649835685,35.50506160648588,-61.21968281875907
1,360,53.08102978662337,1.2565627642737336,19.9836344919144
0,0,28.47478121290809,20.48527760507179,-1.4808688534426153
0,0,104.23915659419262,71.60403585092133,-33.33491071787052
1,360,55.30475886818791,1.9728363240406603,32.134730111469395
0,0,94.82605281952581,82.65672023172279,-39.929389009393745
0,0,49.957469737825356,39.69254610153793,-10.569549577297522
0,0,13.61469572292693,11.445539565872954,-2.82537557113325
1,360,40.46772546153628,1.2993430964941222,33.2164273497353
0,0,94.07553919881319,82.99436155852264,-73.24289175845396
1,360,49.297123792284616,1.0401277119221035,16.33810846162541
0,0,15.942706112626187,13.34029115553717,-2.5150035878597663
0,0,34.884264161714825,21.112275869580127,-2.7220653496256517
1,360,73.43949216231209,2.982470444377304,27.706446172514248
0,0,45.83945469045397,35.637319581227445,-10.112597318025905
0,0,35.78925376566754,29.707469124285954,-7.743469199364753
0,0,13.783187902299431,15.058606498665556,-40.64289734466038
1,360,40.77310351861438,1.2991775556526703,33.35918147543258
0,0,91.1935121835772,81.44090939603981,-73.85732722178025
1,360,46.67156154526273,0.9943104977438251,17.274436968765386
0,0,16.52651818552888,13.94968432766438,-5.198825282843686
0,0,16.559176069591867,11.594985610961006,-1.3981174243024128
1,360,88.68189955206941,2.7343645232858464,25.42974102504867
0,0,219.27896155037686,133.07699474672128,-23.6798764817999
0,0,82.87719414057959,67.88205220203189,-14.86362265542737
0,0,22.16919350177597,16.243592925241074,-3.6091826526784274
1,360,43.27057126383639,1.348263320913232,31.08051953727994
0,0,100.51609162750421,86.97267287289081,-73.54063053711855
1,240,56.92578048547398,0.9596278423332428,10.518837781085423
0,0,37.55438261669384,30.36134558601317,-11.818444171311121
0,0,17.560819332446165,14.785000595913946,-21.314174828533304
1,360,48.993698148676174,1.4286927475908366,32.079923318694114
0,360,50.430652401170825,37.970690297689806,-73.86207308972519
0,0,22.841987462008813,17.431460466886968,-2.0675313549592857
0,0,28.514353435068408,21.419692960876446,-2.894337871006371
1,360,45.192543996924734,1.5048671582676552,32.87915157620705
0,0,120.79567429290208,101.53037110048001,-73.96069319360763
1,240,66.41954724827114,0.9578558509005954,5.376042131213467
0,0,29.51185471341505,23.548913076227493,-11.060828941281386
0,0,20.963377795312823,16.826481247579064,-17.465658826461294
1,360,48.03569555525935,1.2622680237100046,27.61455195114263
0,120,50.93133798872155,51.0397551120176,-74.41826438226069
1,120,551.2335502188503,8.578035474811175,10.145715267524125
0,0,29.503429185231045,20.71120211005237,-2.669198693999661
1,360,50.675071771029785,1.7961787106562102,33.270401465622484
0,0,154.88224702367998,122.64039843233284,-74.14821066269909
1,240,71.06445287528028,1.0402079287872963,5.117329422078242
0,0,76.77430261315413,62.007299372558464,-32.065311613034105
0,0,16.721068282527412,12.550271088083505,-5.1876757393119135
1,360,59.62293858010615,1.1329977089420924,16.856299942632944
0,0,112.65440427337563,80.05374758758461,-74.46326295687577
1,120,578.1216443473907,5.76629681001618,9.77199322660337
0,0,117.903241759551,69.31783652555251,-22.361840562382227
1,360,75.05699502311896,3.026609620355823,29.619871047235975
0,0,135.72747512849307,108.85467561604995,-73.93862621522665
1,360,51.76496706420157,1.0236660840979426,13.414030340731188
0,0,17.94750382842146,14.649743162011099,-4.965825636013236
0,0,14.423956398651544,10.73502700349583,-1.6120154633196648
1,360,44.07828949615136,1.1121489846585402,26.17959154309679
0,240,38.61667571039919,33.575635902614074,-74.38161142559923
1,120,399.42390929695813,7.342317472407236,5.619258723461016
0,0,111.07333175655617,86.55037607305981,-61.81128517591444
1,360,83.28031053070907,3.4870375202643054,34.37364005498375
0,0,204.3503448768663,128.27976486498576,-57.55667473720426
1,360,61.37761411381754,1.5094841627786584,18.792165459489183
0,0,20.157571530990726,17.883823710100295,-7.5273853835162186
0,0,9.077433893916906,12.166374128036436,-17.830566982521418
1,360,37.049395101159135,1.2816033700988583,34.78287576518231
0,120,33.19949311931232,44.24841039214555,-74.43365140546547
1,120,288.7011957016808,2.444664704706831,6.212249569327312
0,0,106.16475838960591,87.32426189611938,-72.49011997569198
1,360,48.204507621584504,1.6221148052642098,31.489630345945287
0,0,65.74012942200143,44.75130797103578,-12.049936672974098
1,360,76.9651758486279,2.217506039921045,16.853743624586443
0,0,19.32805870198769,16.214662021588193,-10.859050514370551
0,0,12.656603965618132,13.10495406875455,-33.24722567816828
1,360,41.35422780574247,1.2438049366697794,32.21020394460753
0,120,50.91532893364271,51.75362921011986,-74.43797298225152
1,120,446.11793278927564,3.7790459291524616,8.383596110140559
0,0,130.22862576607957,108.29502077470245,-73.82648591069083
1,360,40.379260173250366,1.3031941223988543,31.49644164289002
0,0,41.512509340660685,35.63659542809973,-10.807699330680919
0,0,24.371909319726463,20.17000612917042,1.3109302170067423
0,0,35.030154673294575,26.911885836758433,-6.52526707544682
0,120,18.506463994278242,29.197251118057988,-73.66488251730918
1,360,42.04403276581965,1.396735528416753,32.80335299908256
0,0,93.63285242495415,75.414918453816,-74.45236755869028
1,120,662.4430214502225,6.124467314443407,10.719437970199593
0,0,100.27375703812979,82.36521055864633,-72.38313049329082
1,360,45.15041819443547,1.251792018108914,28.058793397717253
0,0,90.60247140091681,72.15692817278826,-22.337459783098417
0,0,65.01914835305574,47.158990323440435,-11.220648779800442
0,0,161.7860251747074,92.21257727982551,-15.760986047588318
0,360,37.171727960949696,38.50049988639633,-73.58644168728122
1,360,43.31019680048882,1.6211124026370354,32.23274450796862
0,120,76.74360817314536,65.52681318819917,-74.46403991597053
1,120,451.222328447312,3.7467150983878033,7.5245067111415125
0,0,176.65225286186566,135.95877479817824,-74.18180598754304
1,360,44.48348698990387,1.1514423047181126,25.873624420561413
0,0,51.797577149064736,42.3629720597785,-21.032642609279463
0,0,19.232543031728024,12.090614185838719,-8.72701048606045
0,0,89.29453821932628,63.45627060906624,-20.25164581223165
1,360,96.2094499070507,3.001391058126137,26.047387433571842
1,360,77.59158803915655,2.9087535227132935,29.703197023428956
0,120,113.79375335405555,82.0914468637735,-74.43145097547254
1,120,569.42113104367,5.437703875167166,8.024787312285824
0,0,200.67648367110235,145.93934061139336,-74.28424976971682
1,360,42.523631552525835,1.2742863768530477,29.30569373058384
0,0,70.43883488684098,58.190775701330416,-19.818782895333015
0,0,35.448813157089255,26.731106784743666,-7.1122543209498446
0,0,64.08301940884976,45.744257159519584,-10.967136137831446
1,360,54.46202220671104,1.5249428596538106,29.84467715348744
0,240,52.069929635927366,40.730299799297065,-73.89552640412799
0,0,254.48579309679806,105.44761686393848,-74.14210018045088
1,120,350.71125941265063,3.3654787670988773,3.6105339788953046
0,0,144.64512916642042,114.42647320822601,-73.80016818184895
1,360,42.55839995510404,1.2846398998421917,29.891565189056806
0,0,78.69481563221714,66.13226719272895,-27.309560834292625
0,0,31.170174414008372,23.418516203201317,-8.169295996558873
0,0,74.8309856989145,58.45538181773995,-16.11183029100829
1,360,41.6530206038297,1.4389433358759076,33.35224527695465
0,360,28.080730124867923,55.14058073764238,-74.38577032139092
1,360,70.30452648906424,3.632489804498692,33.900962692680224
1,120,368.5504796691677,5.482534448319664,7.365548693201646
0,0,48.851929398865686,35.54180181128062,-36.175113295825604
1,360,43.65364875865588,1.3693677529646437,32.558637588436426
0,0,81.27387661153529,68.14782485305182,-23.103726525995597
0,0,37.0626612175405,29.256327361153808,-8.514861068508239
0,0,79.84123164074767,60.491993455379045,-15.82676752174887
1,360,41.13985942512543,1.2539200104043218,33.98915982866865
0,360,22.698751644449942,29.992523408974908,-74.17080173962296
0,360,25.133881879381033,6.812656518243473,-30.648316208849202
0,360,62.80686166455628,7.700464730673749,-5.647875438447144
0,0,100.3496915823393,68.61224651381396,-23.498273815887934
1,360,47.71592258531179,1.6809452025997458,34.483794880511596
0,0,43.48996959101931,35.406159759082314,-11.841484340805074
0,0,17.44674286520947,13.459689072399817,-4.857781646396745
0,0,69.72580319251183,53.83268129293254,-14.959434621557548
1,360,39.79398838632234,1.2264689362096521,34.38324081950364
0,360,20.076724699784126,28.310760892497314,-74.1699879280706
0,360,17.81822721564137,22.653600580461102,-72.66291318033929
1,360,50.177173244514826,1.7786805153929155,31.86685795656497
0,0,103.84301888723715,70.89498004794899,-22.205189059422423
1,360,66.9062534083047,2.509847115457608,29.721865639260344
0,0,42.335431395380574,32.88210853499903,-10.518023531461381
0,0,30.77181036739965,23.787711727669237,-7.618405294155323
0,0,90.56315839749399,69.32606989302012,-18.609490414117843
1,360,41.95160382081003,1.2770545191044953,31.634116439569837
0,240,24.809049547975388,44.02794943936199,-74.45409505423193
1,360,44.77351047325453,1.225788369633279,29.86024821129506
0,0,118.64829156403782,75.55274987169614,-74.32575562257713
0,0,96.05593358466857,66.38690422833751,-17.194127056633633
0,0,36.73207827471012,22.850513876869968,-5.149847228285154
0,0,56.029946266717936,39.222711607474864,-7.246531795926188
0,0,21.174552821695595,15.939337311801932,-4.3365842018231575
0,0,61.01524470310554,49.951598102396495,-33.249498886072814
1,360,40.413127744755,1.3340224058664198,33.99026728892983
0,240,23.579626552092467,42.74847230048576,-74.41426631345624
1,360,44.68659682053206,1.5036497286538715,24.843644743815915
0,0,259.3541342449443,108.16104399292624,-74.15704071320086
0,0,78.07684551574935,51.34197774303789,-12.325427821404709
0,0,30.05599161203473,17.98833281323985,-5.3515798579671525
1,120,227.3148453648804,3.1804706749068505,3.1397134860522584
0,0,33.33315806632222,23.19348632319369,-4.605672064984219
0,0,58.18111983981423,43.981028825032524,-11.613817989442957
1,360,42.864822240855176,1.3672029542481046,31.405413405482022
0,240,24.88989454075123,41.462832815732845,-74.43047832104584
1,360,51.098602096344784,1.4971592949180121,21.89933257454065
0,0,361.48216931862993,104.21854021920777,-74.01286456403204
0,0,114.67816356405415,81.96255887790643,-21.413725513891087
0,0,20.563248855172212,12.742091362008553,-3.1521013284891666
1,120,259.4794122708162,2.212820353571567,5.1712452505832545
0,120,150.81637354959133,63.01348337520906,-74.15816281036047
0,0,49.309948685283004,33.58597973970292,-7.596743204911192
1,360,43.717894560078165,1.615572243774021,32.42893983634468
0,240,24.632688884939885,43.73996472956478,-74.4215736223621
1,240,66.14794484115957,1.1938148605359675,12.012834980498141
0,0,184.71480127614683,117.39177037526818,-74.11584421932035
0,0,88.22190211415176,57.495019520003225,-14.285836489537935
0,0,36.95856191405126,23.216931132917946,-10.83802125956138
1,120,455.48195781630983,3.976865473614636,7.934774940681322
0,120,364.4420722609605,67.8337452712089,-73.68830376658521
0,0,53.12402332843248,27.21856327748656,-5.787606947040587
1,360,82.6208065864575,2.9564558772504244,33.06190749960905
0,120,104.00254320135073,50.928179176020826,-74.21246036917637
0,120,630.3727881035662,37.415924194383486,-22.64124529218695
0,0,249.1181047386961,164.95794608521695,-59.08130299679214
0,0,93.88599698721139,71.4835333892102,-17.969574062222208
0,0,33.99386802115391,20.201632178607962,-5.561172957472877
1,120,409.23274632381265,3.292431933628191,8.630193370553812
0,0,193.82572586326208,61.20520820783196,-74.15638608605046
0,0,19.144787377716384,12.182816912381835,-4.14977314197607
0,0,41.81552685263988,24.92282598193366,-5.495495567923342
0,0,99.84299064933406,67.74143124486599,-12.983983645440645
0,0,203.13792185024315,141.8629389519593,-25.883697421249373
0,0,216.4789432545893,129.80515257162415,-28.743792650061366
0,0,148.45962297178372,88.21338668656104,-21.600411672204963
0,0,21.64857564789947,14.086829631588891,-7.07664905721434
1,120,390.12312628814993,2.9919696709601897,9.540875429540051
0,0,152.13116040106402,49.21023999803855,-74.1929020576059
0,0,33.9892351756327,20.61246791677759,-3.108102681721519
0,0,16.980371587838636,12.378126928130511,-2.782642593235522
0,0,31.703922340389816,18.64620620575174,-2.0920037287007744
0,0,160.70971956173116,106.79998550966609,-18.261144201362193
0,0,184.41293094496336,128.45627789429486,-24.006352436089387
0,0,129.605044758925,94.33586187547412,-20.33002568770928
0,0,35.783139144951846,21.14668582287051,-5.346488038796366
1,120,345.7308181103373,2.9471297641219505,7.390462385693837
0,0,159.41380236360357,45.603050117332046,-74.13036857625846
0,0,61.724415692833674,35.9391364610789,-5.830231676942859
0,0,16.13495081744869,11.656747137833907,-3.280816521852927
0,0,24.109697616949145,14.592351913352525,-5.341937459602846
1,120,228.9186188247538,3.4092040909737666,4.639839187361446
0,0,69.58027301336152,47.173002827347496,-8.489764187100647
0,0,72.32465304055629,50.500466725172465,-9.975913406842935
0,0,51.974092240284286,32.40486062895536,-13.982138411522655
1,120,435.0075456124376,3.5614896898145516,10.597176022718656
0,120,105.3267060497116,28.668608063961873,-74.0511774588173
0,0,18.48654275853705,11.263440413701248,-0.8122542925983254
0,0,13.326716574584038,9.707197303074455,-3.0061913573859442
0,0,39.49679502299838,25.25343428847371,-9.45497409210465
1,120,149.56852028531551,1.6950417096784829,2.5701375142795655
0,0,177.5574961692636,99.10520763521804,-33.48150764740642
0,0,115.64356032599727,75.09556974221113,-13.5521690468102
0,0,38.05887007906119,22.245395180597775,-4.461444101194985
1,120,289.6952425686249,2.356575491966516,7.36057761217964
0,0,192.79171886526677,59.24765605835381,-74.17898353815676
0,0,16.145240514425755,10.397216613708954,-3.4753798035283126
0,0,14.090522968924086,10.379267055491786,-3.5927789179826846
0,0,17.116336411732277,11.096253321413347,-4.348216697950022
1,120,181.26608165526747,1.6968145816475209,-0.935582066496039
0,0,224.24663678947624,158.09904943116675,-73.96450893544738
1,360,83.492583100257,3.5147103135221536,30.268368134463557
0,0,42.070531906828656,22.720525572729077,-10.427844624479249
1,120,431.25723510185065,3.8951214061057144,12.73230944566808
0,120,76.39814497172425,29.168107476813113,-74.16718164432547
0,0,14.653922025856644,9.189806799622392,-1.6095174326553376
0,0,14.82371949107044,10.808803977741686,-3.5817209689086127
0,0,37.81995864776633,24.359967396982228,-7.262127834040456
1,120,176.4140216499529,1.7053950565603488,-0.3792872910886729
0,0,197.8191798727589,148.00427593479031,-74.06469817989372
1,360,54.85540962124599,1.8308322203122602,29.340058305756074
0,0,144.1903455181449,98.45707649733288,-44.26559970144632
1,120,458.5090149575288,6.319094738382012,11.17707718790389
0,0,87.78538511393128,52.412445128784356,-72.70279671190475
0,0,23.228491791769393,14.750956945762095,-5.149156106468027
0,0,22.188704767457153,15.26259648993921,-4.493418893698333
0,0,26.67954805814774,21.69903996089543,-72.42110706467675
1,120,228.16312673353661,1.874658453657524,1.8419116150156185
0,0,237.9368717939988,167.0134589648043,-74.32551157669074
1,360,49.07864468048289,1.5334136197323571,28.494691421873043
0,0,146.33982405807828,119.1435559632508,-73.88105460991844
1,360,85.58979137675426,3.275926807306329,29.04969554810384
0,0,35.75384191232249,18.838003937945185,-10.023459257153917
0,0,20.75125597708742,13.225538244242749,-2.7876802884085805
0,0,21.530859087753253,15.128390064272304,-4.616605112525079
0,0,31.716758263972782,20.410970195704177,-8.683590549730056
1,120,206.86478869174817,1.782974010833975,-0.40321842485290915
0,0,223.16933107016527,161.14624070911884,-74.25494172252695
1,360,51.24026421717105,1.3130739168098011,23.906150489032584
0,0,183.00142792794315,143.3973997055675,-74.20232568312842
1,360,58.15004668306841,1.3508808033882307,21.810077938904328
0,240,50.8914109494241,41.43770442042957,-74.05446789863585
0,0,20.0118997926717,14.126911648093614,-1.8013495341377137
0,0,14.817546959785735,11.020578615138252,-1.6539157643292697
0,0,21.712459278461555,13.59519587420851,-5.24182888073004
1,120,200.4042782587007,1.7502219314600056,-0.7765657611739982
0,0,242.96678894498945,166.4988650449291,-74.30795653609144
1,360,61.07817418810195,1.2851980718602574,17.813778442730865
0,0,181.84437843588302,144.75523472120855,-74.23827575966435
1,360,44.181668134781745,1.2650858282138877,25.45284780869366
0,240,27.892785509598635,48.92244407524351,-74.3972782575122
1,360,75.17358830206935,3.2255590691145453,26.02218230416881
0,0,24.63385996533552,17.012473075026783,-1.7886845186695837
0,0,22.669187839360045,15.787942815788536,-22.581009446101206
1,120,244.2393065963734,2.1982247584665804,1.3436044580961095
0,0,251.58395515166663,171.6189376066678,-74.31531154502295
1,360,47.44030872227669,1.3868648915842694,27.926139642672737
0,0,151.13052459826753,128.24153408818884,-74.02728691805137
1,360,44.90334045369409,1.1204984068224482,25.38127090339188
0,240,21.73788845276685,27.76780665655041,-74.20650045182329
0,360,22.11906868703957,17.354719959364566,-69.59986792221375
1,360,84.6701715407945,3.905333162735956,24.204390370046326
0,0,45.671528747756284,23.25728224134367,-3.8198832124453332
1,120,276.088089927116,2.893012173656726,2.8251614648004875
0,0,274.02134077149,172.17524500087242,-74.3274526408436
1,360,63.199609305185916,1.2929802524812755,16.29871451804901
0,0,199.03803005332736,150.96525636023074,-74.2637363192081
1,360,57.84632689053799,1.0050665139171586,14.238163963967452
0,240,20.54545100696157,25.556203556485347,-74.26514786916565
0,360,17.776741187057414,3.7958342359775727,-3.368997004303594
0,240,29.741575829328756,40.8010864719601,-74.32857220094081
1,240,126.60613766953968,2.500155227512437,14.150574682107333
1,120,241.75357171627692,3.6285358438898867,2.4275332704221455
0,0,269.3513148265436,170.92251080882545,-74.28449980046834
1,360,49.4793747874828,1.511501471649755,28.003520305884635
0,0,140.27634113247527,116.69474622153838,-74.23755646994937
1,360,46.54002182421415,1.0161492090914426,22.450622961850485
0,240,20.04883570511876,24.270885291407758,-74.2686104714361
0,360,15.957810659769935,3.8339917521467797,-9.526663408786334
0,240,23.213236493303132,43.950022673214036,-74.36037187108614
1,360,46.671488008032235,1.6295808733209662,33.44094201907593
0,0,81.43459958250595,57.23585159634266,-19.62214208482181
0,0,299.6938644799419,174.81347291323607,-71.04382046001658
1,360,61.26179665264887,1.9898736465570617,27.12398036251365
0,0,114.941345958274,103.06209303369855,-73.5425453036439
1,360,38.00566221593627,1.2488623854834116,33.00116372062156
0,360,18.08311567360872,29.8401074907483,-74.1876386289327
0,360,15.808061282019938,7.441259472270223,-47.601392827973456
0,360,22.37803739795204,4.789003910773605,-30.14739444650104
0,360,17.122252481925628,5.978546232634612,-33.42357831630073
0,0,21.893526324248764,17.59640395245136,-3.3495623257351497
0,0,177.0579577625086,98.54536118915192,-15.371605517786698
