event,charge_mode,duration_minutes,km_driven,charge
1,240,707.4509369251145,4.603483095802771,27.171464280934444
1,240,513.4417795772279,2.485421352415933,33.1516506632632
0,0,97.3608369806015,26.203959356634474,-8.183784565748653
0,0,66.90535986905955,7.012055056270214,-0.3752768983329844
0,0,74.1164476567019,23.185065713037254,-6.6895464147860935
0,0,113.10842450148942,88.28867860057653,-21.05455579929486
0,0,70.25244446586767,9.396585706774998,-1.2287355030309186
1,0,272.1197234734902,2.3973134258413484,13.557436540645213
1,240,526.442968898721,1.9002406164931664,27.037230770364502
1,240,772.2225445337818,3.408913134840277,28.488795726894566
1,240,602.9961419800655,4.2230984031891765,28.26337177681053
0,0,94.27630116386646,20.214043515696762,-5.210383378201428
0,0,67.13918874523092,11.42655306036088,-2.181188943995892
0,0,66.03349795114715,10.371505948339623,-2.06393805439005
0,0,112.4366496819851,83.9250436697143,-20.729238741144187
0,0,76.03708201958007,12.620521762961413,-3.17171854136015
1,240,413.17411649906035,2.0767960170474957,25.062660268400137
1,240,490.54362181635065,1.8018832089599794,32.617052127662376
1,240,524.7879497197072,1.9854555089306343,29.803115320350173
0,0,210.394160095334,7.085302538369287,3.0029119818701844
0,0,105.07579555907644,17.262613542053316,-4.073303378709284
0,0,69.25178225265984,7.867562905407692,-0.7853643946065318
0,0,78.38252950215981,26.53365740530258,-7.509568172732088
0,0,114.42811173761154,86.4230151905733,-20.80833949902609
0,0,75.81198757638926,11.790481999726946,-2.5387169720896594
1,120,394.507346576974,2.045369945845179,23.758887442662115
1,240,479.2744008381439,1.663423447974297,30.47222213201259
1,240,456.70176932966103,1.7548953756017933,29.245161717959903
0,0,89.60706373823892,8.609072169117498,-1.5600128587694826
0,0,155.02285420031757,10.241610678415244,-2.2484113783161206
0,0,105.14865240627445,10.596103584111283,-1.4549731816863556
0,0,78.57945950830948,14.354977738449962,-3.500195402664673
0,0,136.12827484905876,99.48092635357159,-24.162808719768208
0,0,85.34327744460263,24.628520763401195,-7.92881275740973
1,120,413.71634284341627,2.342955157662262,25.759550098428804
1,240,490.5666113427421,1.7745048586852161,31.567331702656645
1,240,451.6251649781763,1.7749124283778546,32.91264695715
0,0,74.15598216029659,5.497303172886938,0.2745434893969616
0,0,74.14867607067171,8.219619191850759,-2.049042594372068
0,0,150.93703268716388,8.075151133890456,-1.231071009709865
0,0,141.9507918418426,36.03070763123235,-9.546795774694019
0,0,145.19009319558884,85.41107819029816,-20.827335305611626
0,0,87.56459508793884,12.928585340017852,-3.3424641586077115
1,240,411.6003995307365,2.1237668166322003,25.464990923486596
1,240,467.8160944061853,1.6913906479018619,30.289978635730208
1,240,412.14992629668814,1.7326892009172514,26.998668490403105
0,0,68.71768386216124,7.948980281616825,-1.3820387955110647
0,0,65.61042491640667,6.0259940500100555,-1.461821183170315
0,0,108.31023374377833,4.641684773431501,-0.16665591485310927
1,240,656.2593831229752,3.3831625815942354,27.338817601150595
0,0,195.9593901591909,94.01698636419309,-22.03868653107493
0,0,84.38252949294517,10.650792149566882,-2.3458580167167895
1,240,405.5050462849012,2.013094667710623,23.76517534525928
1,240,469.9510369527072,1.6261914545630927,29.764817237976885
1,240,431.8383017998364,1.65615431334271,28.099791198152673
0,0,69.26895638110311,6.164992800199011,-0.7692641935867357
0,0,78.33363141434455,4.402841939545705,-1.3107424343821066
1,240,446.96132918436604,1.6422386228599595,24.83147681089517
1,240,548.566873872353,2.4356243001106743,29.06143871518408
0,0,559.1109045239764,117.53522095465657,-25.39646878957202
0,0,127.94875326217839,10.438850494685475,-1.9697621821302391
1,240,455.51053097102465,2.0972200754839605,26.054849026617745
1,240,467.3733533101583,1.6876986057013743,31.441129798765417
1,240,407.97893697693746,1.7087010227910797,26.24886516742656
0,0,72.01677725582438,7.243505458077966,-1.6867273059816483
0,0,179.10738715078676,2.639318224433664,6.037474911066241
1,240,447.3782240672903,1.5917267161007154,27.928474914114787
1,240,465.81260479261937,2.07483318487149,32.57318476013161
0,0,245.09435625031978,111.07407919432237,-27.34392733504393
0,0,432.9925392639257,131.40678245783258,-25.821752931114
1,240,657.7588262368038,4.183037224089799,25.05529443964346
1,240,555.7754733951813,2.21438942452101,33.11699850760591
1,240,436.9889532846489,1.9105800041899457,27.91031925585945
0,0,75.01272177633219,6.0447885065146485,-0.39271922310038576
0,0,97.91931923267205,3.6109343651686796,-0.0706570792353034
1,240,421.8953996519031,1.5291788126833632,25.79183504369658
1,240,432.14813894743503,1.8255524832607737,30.306918985080202
0,0,170.89792703372902,97.01094527076822,-25.20420692074829
0,0,148.11732419823593,83.21942039289132,-19.453729773382804
0,0,172.82744886637587,20.10905590924721,-4.250336898554011
1,240,639.4829236076048,4.135592637428127,24.586882683817436
1,240,491.9871101460234,2.288019546087957,29.95217559956518
0,0,81.49634068965709,10.376617434061412,-2.3708246887937463
0,0,122.07673170245604,3.3958284894518154,2.3628034974793763
1,240,434.0658372711932,1.5665037586068107,26.624881742736676
1,240,430.78073824159816,1.8637564170184413,31.706310201909147
0,0,157.04980945472678,92.74957615240481,-24.514397586081124
0,0,154.12012986346997,105.92584564439045,-25.82374498092839
0,0,97.53333778094571,9.666719244126835,-0.324984245459234
1,240,703.806394156457,3.937083974243199,29.674768132043454
1,240,594.9238254972697,4.511044980957603,26.30851041491961
0,0,96.46587784374313,12.987074129056515,-3.295193926142005
0,0,162.14272639421807,3.302976374946536,5.806302021464788
1,240,447.58376947780755,1.6648917366871068,28.01999295863814
1,240,441.3583236260217,1.9797405087179452,31.296254409346176
0,0,200.1778095471968,113.51542729354858,-29.976476646259258
0,0,174.67696079898792,117.80898866450164,-29.59157246408492
0,0,87.64083574856281,11.829101512434981,-2.5025853099389224
1,240,484.82802652619193,2.462627907368846,29.212284970094757
0,0,188.39980359685038,13.44814295597441,-2.3613664151392015
0,0,119.68704525205457,12.78603950391267,-3.3942574537819468
1,240,476.8906091380992,2.104755094910884,27.780302338795835
1,360,483.11347036857484,1.8137820329786607,33.386437775870064
1,240,456.7035830990016,2.129657118063367,34.39821942722236
0,0,207.1944215853284,115.50773714780557,-30.610371203377575
0,0,160.67970603595938,110.62322882659018,-28.132953431952153
0,0,93.43495591510874,7.048665260546123,1.3812724699663619
1,240,419.758144549472,2.0733125539673205,30.726475322911824
0,0,105.48298677602877,27.567758616264026,-9.065993151985367
0,0,160.69871660585997,24.407494128512504,-7.312476771997595
1,240,707.0970251825407,4.361190640770869,26.203687379858735
1,240,594.408805693022,2.392250672504617,33.28669790240454
1,240,494.73669377782244,2.452783739973944,33.24611715286993
0,0,195.55866049551423,101.63972047441685,-26.483425222646815
0,0,163.64618247271252,111.30257271354405,-27.853395396063164
0,0,82.82173563117274,9.980365386627305,-1.4801036562679428
1,240,406.8463287122342,2.0921473951799023,30.28779107970061
0,0,84.19098411452525,8.912972737057656,-2.2198621869443116
0,0,115.85397249650582,6.635532856398369,0.3281861676880169
1,360,674.6814302167886,4.949055267678205,32.04121763250842
1,240,699.4690368439449,4.437205941851003,26.52671648689632
1,240,530.3972127822765,2.7835674378869872,34.26756843594727
0,0,172.91607417077824,96.91923453189264,-24.61769355908269
0,0,145.1810923652364,104.21463862638156,-25.449757443095002
0,0,80.13284525593163,14.600415688447137,-3.9624989102534585
1,240,404.66382006475646,2.174762550242185,30.66767550770075
0,0,75.84773583648555,9.120580819475073,-2.1710014849981434
0,0,95.56093163945336,8.610486310735798,-1.924547406900075
1,360,484.92606075904837,3.018331190652993,35.906185284863426
1,360,769.5771619505971,4.770396478115037,32.827786691847166
1,240,659.9439648498253,6.135206934734574,27.701994173678273
0,0,248.72404878250154,115.81293183130452,-27.802664175193144
0,0,209.41980320559327,127.31362309346918,-31.534566070317673
0,0,86.2743135872503,13.520349008955732,-3.588278878542525
1,240,423.9825947205352,2.2038535279937363,30.91005037503831
0,0,85.92097998365377,14.643924683789471,-4.93846593656076
0,0,103.2386059219217,13.54525847733371,-4.4899112714575296
1,360,474.5541568178427,3.4111767090037093,35.859422311766906
1,360,566.7178077939884,4.128662711782359,34.84903562367985
0,0,638.9452316866003,111.25028827908473,-23.953833711520268
0,0,276.8824777127104,119.67559784375565,-25.970189704021053
0,0,210.67216559100603,124.39880558023057,-29.564375964364267
0,0,94.98883478127036,11.830947025906214,-2.1967079103218197
1,240,399.47816283167145,2.26261891844019,31.124187804158026
0,0,83.97659657847284,11.484655600125366,-3.7210275986672627
0,0,92.83493267711053,10.762326139742752,-3.4305159307749875
1,360,396.3632407104531,2.5882518739879217,36.06495746741757
1,360,412.4902801134414,2.6472442310055313,36.77318665792818
0,0,216.05565971491097,89.88902846709094,-24.8372734585176
0,0,208.91795590118122,15.366259558881536,-2.559514606226145
0,0,215.4771353116274,97.00545114557856,-22.97995913011085
0,0,89.97705567962252,9.741852850018022,-1.406561615639987
1,240,405.3997116304491,2.002686242468343,30.006769389173456
0,0,71.24230908347006,5.5490619293037335,-0.2927362878537991
0,0,77.98598851205398,6.439523984076675,-1.5067770447641209
1,360,351.85608441960784,2.011440699586221,35.72431166520441
1,360,362.5090772643645,2.155713151167605,36.087720731609636
0,0,148.90941994136867,81.99282265113877,-23.593848645857022
0,0,90.05609634666595,9.050167937773624,-1.6729573276890477
0,0,165.57256421718856,10.565515890422303,-2.3002786488150377
0,0,142.74164061855373,9.945819540329609,-0.5561465671571426
1,240,427.84265863108294,2.413885595342073,30.027619862827564
0,0,105.69296458537198,32.43006301892382,-11.17604417713558
0,0,86.61629412838086,6.570299144286849,0.5675756022798737
1,360,364.1291133672225,2.1716251773410895,37.16154654455508
1,360,365.8663643137132,2.274944602053929,37.016396389644186
0,0,162.69303534819778,86.43941093079108,-25.721843971192072
0,0,78.72550194839847,8.6405460702533,-1.9874528526304829
0,0,80.24113862162054,6.625937540025321,-1.4170978154540563
0,0,152.76585631323533,14.808989394049991,-4.924680106412865
1,240,613.8845167409914,4.734250585174556,25.859332243508433
0,0,107.43552080718378,8.779407196577042,-0.4091258933223969
0,0,94.41669824688302,6.854938688258047,-0.22698807607527272
1,360,372.87030263857775,2.2437987420657044,36.82813975625629
1,360,370.2587695257109,2.3567789108907915,36.45147853883118
0,0,167.9919624765998,92.80641616241563,-26.929269220495975
0,0,77.37194823787087,8.39192788090521,-1.7731833247166975
0,0,67.78528739250817,6.398980444610366,-1.2864362562754366
0,0,85.2809858038133,14.501606265481234,-4.862741623854973
0,0,196.32157722438095,7.117903601522482,1.5441449990880756
0,0,112.50592433473554,11.402858291803085,-2.3155334175528424
0,0,98.00641416919335,7.717830847409394,-0.6105237147431666
1,360,375.0359885754219,2.309305445778714,37.00530009094331
1,360,365.8205893099812,2.309234603330063,36.524946604134456
0,0,148.28894078602664,82.39680329386267,-24.044870916433254
0,0,76.48799641369791,17.322603108061497,-5.758387299423262
0,0,73.78837079117245,4.8400490443644015,-0.047513370516355735
0,0,67.8806009713538,12.063484430636263,-3.2352633452537845
0,0,79.68143207524513,13.844082755163507,-3.950863648472833
0,0,146.2623482854855,10.433357271947386,-2.061481016820565
0,0,185.21737524798863,15.808801957412667,-1.8581492690547918
1,360,479.71800347460766,3.295940185627791,36.84665472323145
1,360,423.98871619205954,2.842777511347108,38.202696399802335
0,0,181.34815180227113,88.25769924290393,-25.63013042045351
0,0,73.05136829175878,10.246245669705342,-2.617490124962302
0,0,69.23682999165871,15.778997591690938,-4.275615323784933
0,0,86.24463011838644,52.300032432359934,-13.12373521648503
0,0,65.88861178901276,9.985766559304727,-1.0552527987704678
0,0,73.69160052882519,7.08727710241577,-1.1744428986730924
0,0,135.78538175522874,9.693289223403134,-2.4946118267295816
1,360,815.5060640111452,6.959142064288771,34.786272844647044
1,360,551.489037656905,4.001219854013518,38.136055200175974
0,0,188.823330073926,79.7358995558153,-23.024360176769612
0,0,85.21084394259691,7.252808831366444,-0.3423261751431568
0,0,65.30591571624593,10.52205382256188,-2.275068914957018
0,0,80.85058212413121,41.51968162730621,-11.176403485855417
0,0,64.30408022099594,11.531942257761381,-1.8859692750833972
0,0,62.10978774083386,5.96849705525251,-0.8281432680742569
0,0,79.3440539738162,4.835510615392846,-1.1128848606420831
0,0,142.09250390763106,8.583289127614751,-2.1578602969652536
1,360,665.9391980280625,6.945040807200875,34.584552702168764
0,0,190.37907938972006,89.06825958888824,-23.164997836875486
0,0,78.09465596766938,15.65755829302595,-4.3198842716496415
0,0,61.06760154578593,7.579262115396009,-1.0641668253934995
0,0,59.764028516648715,7.114466614698428,-1.3435557748261004
0,0,60.71384850802939,5.99328288776469,-1.3421819473678909
0,0,65.42382772746893,4.413226449821242,-1.3067424828980307
0,0,62.227121613079554,5.823514148668569,-1.548013004317255
0,0,78.56219469139917,5.3090626037243505,-1.3630852605396342
0,0,143.14537433770064,10.037995944217975,-2.9088366572330244
0,0,210.86252068329622,100.85253723403586,-23.15465714327663
0,0,76.72214836753308,8.951630152731848,-0.8605972997984139
0,0,62.91515234029852,6.961413083677698,-1.01574997539538
0,0,60.07557174103325,6.905544111561769,-1.255879163233942
0,0,60.779489954069554,8.44313569063536,-1.8670051722084366
0,0,60.640543886525435,5.2187944336916905,-0.9516556405184531
0,0,60.195722623785976,7.4919246568537305,-1.688000738356365
0,0,64.48146686250124,6.914016326949511,-1.5795423444830163
0,0,84.10456367347747,4.880662072601998,-1.028521286804903
0,0,177.37402447231986,6.4661422445122465,-0.08840587320493398
0,0,101.51858578416619,11.841952422865473,-2.0477057545761994
0,0,67.49660332984368,9.944807892113838,-1.8014947382592084
0,0,60.68608083303149,6.341508267271138,-0.8045187197449337
0,0,64.78440035054737,12.05529107278525,-3.41087019812268
0,0,71.05558152986096,4.395907050416273,-0.4426155795919726
0,0,60.39655223401782,5.415519852564073,-1.3168876702816732
0,0,65.05878964359668,6.522528321380752,-1.7850669322301513
0,0,67.78428981937087,5.287870333384518,-1.0399716102738523
0,0,92.88001618128145,30.164584682667684,-9.273330135186981
0,0,162.99229595332932,24.915886613580998,-7.00163774167568
0,0,103.55634430221005,16.351516480788213,-3.790532700148802
0,0,67.28413158765721,7.913858671214166,-0.9978585147281649
0,0,62.53156279689002,7.600141235039256,-1.411972382244599
0,0,64.35345442326309,4.68225267909034,-1.0029416763235162
0,0,58.66746891758876,5.578467862655021,-1.3101347799294416
0,0,59.32498297565306,6.083486532509724,-1.4511106129480993
0,0,61.291420682409175,5.3067022416294805,-1.3352441187039688
0,0,64.16796816804641,5.4329313020297105,-1.46304177602741
0,0,73.66758508915053,5.918840108554297,-1.517656701442732
0,0,149.16891365370876,8.329377157326684,-1.8733036427091179
0,0,102.80416282062768,8.450176617824875,-0.6933760783763177
0,0,66.42098143060863,6.332549630484377,-0.7978503726208857
0,0,61.23670152861661,6.249529951503522,-1.018798815562235
0,0,65.71130449991611,14.549978572362186,-3.971169875095427
0,0,61.5690577561839,10.380125263334119,-1.9616830198856547
0,0,59.651240403812764,8.411373004995502,-1.386503734750221
0,0,62.31767404740626,10.677591351543278,-2.424921786936366
0,0,63.08205312780379,6.292780394469568,-0.9214684241003255
0,0,76.92089781105248,12.929139445285008,-3.911318553483639
0,0,144.8381425911145,8.871869677614738,-1.2870861823422075
0,0,98.00692429182037,10.634030014009584,-1.6782835510654621
0,0,65.57580459411902,6.96221897293433,-0.8558787308746645
0,0,61.747050876812445,7.958181677877308,-1.370683583173843
0,0,62.15054653873342,10.443738172416623,-2.2712116301705123
0,0,60.50945370743755,9.191297827357355,-1.8117508886298594
0,0,60.50557110744295,6.670432914939321,-1.1523084247407382
0,0,61.11036682601846,8.23765649148378,-1.933979260795823
0,0,68.75919650794296,4.972938197389422,-0.9885217719641446
0,0,74.48917158815469,8.47417370766035,-2.3421803862902237
0,0,147.53365322444859,15.616816214213102,-5.140371017350716
0,0,106.29107769753344,16.866807305697346,-3.9600999961533603
0,0,69.28783658633235,10.883716706022682,-1.9907447545784152
0,0,60.833398579688065,7.858545609268544,-1.247382568800134
0,0,62.65491611613464,4.620258768133698,-0.9311486237289017
0,0,58.0137637751396,5.994983106532319,-1.3390379960693224
0,0,58.540267006524665,6.224997256658179,-1.2877413923607293
0,0,61.33292199213252,7.9609215208595385,-1.796728613769588
0,0,62.49032221650938,5.875679008294194,-1.1114951813285927
0,0,77.39953453593472,10.526558860825151,-3.139798188763976
0,0,147.36466660220168,10.074913433255231,-2.25738881236029
0,0,100.04662127584695,15.375787642612233,-3.3561760134309253
0,0,67.7214880559545,9.560072029230538,-1.4628779735227795
0,0,65.65129140686084,12.753525076110693,-2.853444990908642
0,0,63.79532925703146,13.067859789163023,-2.946923381535825
0,0,58.79160442486149,6.830231369032908,-0.7904052845877771
0,0,60.367384555810176,8.918346836187823,-1.7626788286132182
0,0,66.86126826999674,16.11969832996358,-4.227166770076238
0,0,64.21561362141087,9.407399784000319,-1.632122948469842
0,0,75.42267899152885,8.618054269645215,-1.9637648968800079
0,0,149.77880493052538,12.865499462655249,-3.8400380442099618
0,0,102.54324076493191,15.127154111587364,-3.330781341261215
0,0,65.75486330423513,8.131991143901274,-0.9547837399617407
0,0,65.55118834335032,13.643271035558733,-3.1942862993370085
0,0,69.19695540631267,19.154964250037622,-5.444790046281412
0,0,69.63876127752347,4.746067286099897,0.0196456563827212
0,0,64.15413250879557,4.511952396016442,-1.132689111847256
0,0,60.23003120446822,6.717019721378788,-1.490956893187743
0,0,65.70997251305664,10.362345162400022,-2.670356062344311
0,0,76.99042752511643,7.596747114665024,-1.6082394865041607
0,0,174.25681246730906,28.178171447002896,-8.920515392065212
0,0,106.30213035445239,18.464626697994962,-4.359476922204692
0,0,73.12495064669301,16.543383100379856,-3.880962250609116
0,0,63.69354278885176,10.08225307191613,-1.6033888187863568
0,0,60.623885548738365,8.055499348389446,-1.2954506779819468
0,0,59.44272494600037,6.913736566961207,-1.1179680222374344
0,0,62.56547461552902,10.441542507734223,-2.2916182518765993
0,0,75.13689695980923,28.91329045110889,-8.26683243559701
0,0,68.87219433785891,7.18469178647224,-0.3123714526025765
0,0,87.45091709452018,15.317334049185002,-4.902772842406293
0,0,180.77866223751516,10.878518584949674,-1.578966393740913
0,0,96.8422349819062,9.48298732303382,-1.1935391003421074
0,0,65.50661496180642,8.239537200566446,-1.3689240272369858
0,0,61.63910892893326,5.107534788794674,-0.8396675668678739
0,0,59.24047266044204,6.18516078800102,-1.327888857850823
0,0,59.29902340196651,6.6832007998248955,-1.312428014994282
0,0,66.41512068842701,15.190115450632593,-4.428099603741927
0,0,63.893930292806836,5.755096587399833,-0.5531188627973336
0,0,65.11562297227682,7.375873445318323,-1.6056292143335753
0,0,82.70996209556165,16.638351689441812,-5.201918487478196
0,0,182.68502450289492,39.869014670766354,-10.808429085127557
0,0,99.65174101829355,11.232589143308532,-1.9229622213713924
0,0,66.70410515663852,6.887103416074644,-0.965615841074495
0,0,65.98406140055893,4.50640728231278,-0.9057539515591913
0,0,60.27992686542078,7.090121629780722,-1.4091454680517614
0,0,63.29038154065294,12.583144926072393,-3.180114740710465
0,0,61.06832705352215,5.810695726494785,-0.5782916089930268
0,0,65.38914505686019,13.045391452295894,-3.520269135409734
0,0,68.03847825638987,6.780956610576782,-0.9931927853220373
0,0,82.20327429422206,11.01374283142546,-3.357428309998596
0,0,162.5437848035877,10.833404128255104,-2.368557873487717
0,0,105.09889844605162,15.736008408455906,-3.4401591427412086
0,0,75.87698853513103,16.879835096636572,-4.09932155718694
0,0,67.48658225423718,12.402511121236955,-2.3811600984408443
0,0,72.20572667687564,23.292755259502876,-6.248479109330077
0,0,77.1223679085827,34.13739310496576,-9.083704958292657
0,0,64.24051894166821,11.141333240026842,-1.7067746189678843
0,0,69.17722499670505,17.338787674610682,-4.917657734520745
0,0,70.26820725504284,6.471633211121398,-0.6549406132572102
0,0,78.06029070669524,7.684978902718301,-1.8796919403897618
0,0,164.2944689792568,20.446829094609985,-6.8820354935355965
0,0,106.1820134798748,11.327784247715858,-1.8861647812986035
0,0,68.94515887761152,7.118408523178792,-0.704863389507608
0,0,77.50472182162795,29.79280170724287,-8.417351085498424
0,0,62.91328189066608,8.255155027526422,-0.4609033366413513
0,0,77.1762311899677,34.80961484408836,-9.601886255767951
0,0,75.6092705124374,30.01777927512768,-8.057513970484521
0,0,66.49306742583693,10.10875356242114,-1.533461001163829
0,0,68.51449635178669,9.489048187812696,-2.1357839465022863
0,0,95.87836394616548,23.892634675456303,-7.81649707874989
0,0,305.38497868682055,107.50972035494847,-21.082951756065555
0,0,101.02586400674878,11.262732830822523,-1.827724274807352
0,0,70.73582533118126,12.033844311101218,-2.667629543234952
0,0,63.63610864907756,6.270127957481102,-0.5518718501814277
0,0,78.59352188872789,31.732135849133932,-9.043811122487156
0,0,88.96848089766657,55.720800396704604,-13.753122562750093
0,0,65.95850992497401,10.175129778226832,-1.0976512277113102
0,0,65.29762905757133,5.244631622288949,-0.48239845241046453
0,0,78.39910281950904,20.62360491896155,-6.363183134186485
0,0,152.22087530669347,97.36764467056557,-21.799133293978457
0,0,177.55298682593977,25.364634269143032,-5.874993546914112
0,0,107.03030206438928,16.88648255493931,-4.003317437617369
0,0,70.35927548002576,9.450315868657762,-1.3888233895738864
0,0,67.0547351103118,12.415225761479594,-2.650541243235608
0,0,70.6105562180707,19.529162185877606,-5.230589209740543
0,0,70.1121550754057,18.996168870869845,-4.9481567040928525
0,0,67.5513961680157,13.47617580925407,-2.9795095120540367
0,0,77.26727107480467,26.967240264595375,-7.509557604828558
0,0,122.30555004082416,90.0018204747626,-20.861580596983217
0,0,83.47037922355594,9.806399796480834,-0.6107033691030779
0,0,152.26934829231953,17.890366077357598,-5.599921586071318
0,0,94.8037112799218,11.1568499924104,-1.775127818965231
0,0,68.9476924866591,11.669617562715343,-2.2669950366641842
0,0,66.020880918172,12.543384714573335,-2.540365565039508
0,0,81.38036714441681,43.09249228155258,-11.127553351812779
0,0,74.6151605409723,26.476539440206608,-6.73208751042452
0,0,73.73065891796799,20.915643663397606,-5.345472888956877
0,0,123.80546926910456,93.00355490410945,-21.985577531911872
0,0,76.47629193342222,13.247962050020684,-2.384880000481516
0,0,83.65393834884827,7.1033253987771054,-0.9166230403342865
0,0,169.52174088264894,18.67386731531187,-6.156971632710238
0,0,104.26702447406906,17.58624711613625,-4.155939100320182
0,0,68.89967294336816,11.983575953460825,-2.335358804565061
0,0,63.87014157429975,10.38026514332827,-2.129918760046124
0,0,63.526539976821084,5.505330028422332,-0.8262991689092019
0,0,65.47306589703553,5.480475609590439,-0.9017751358821613
0,0,113.71359997802062,87.35074262946573,-21.15259952424468
0,0,69.07724662983671,13.683931893729815,-2.52299721559676
0,0,69.63829649912995,12.653736493185725,-3.229931837925605
0,0,85.74020952872252,5.1093423992997495,-0.18923424073349793
0,0,143.81869086114443,13.356273385621602,-4.3606024039300735
0,0,115.78974238973376,25.81257332809371,-6.7818464841702735
0,0,72.13081800311113,11.908880036583597,-2.151165530082409
0,0,66.41001946215673,10.73726957175802,-2.0423372595856932
0,0,66.68334316571847,10.456414909693105,-1.9296622722060022
0,0,123.8647115101901,95.94892581787717,-22.56871444840135
0,0,88.16614869381813,49.345878859862616,-12.259708708262451
0,0,67.88914835937112,8.81528235404497,-0.5164482375668484
0,0,70.79782790248196,11.517063538641473,-3.1486540919176207
0,0,77.22453413471808,8.17995283531552,-1.7768503872397474
0,0,155.67402006568994,8.855156274442498,-1.6485190507883232
0,0,105.98936850379216,15.054018533483612,-3.1428787326414067
0,0,75.16960148823094,17.949621047783584,-4.481203318953234
0,0,64.16248718382046,8.455402714896712,-0.8303942315250055
0,0,112.85181014797746,88.08959778309294,-21.085831509776014
0,0,63.88364281982843,6.946985139119589,0.4340395733425595
0,0,59.55540536628172,5.757206519182592,-0.9676131748406505
0,0,59.686285828289606,6.885049436289546,-1.640989419527017
0,0,66.6310385923605,6.176174626441216,-1.6460461613635573
0,0,74.39720214653069,7.744488364488486,-2.098225617375732
0,0,143.26281590250093,10.297754898261601,-2.8019370291295616
0,0,100.66891420052953,12.154720479983299,-2.196940404199367
0,0,70.38940105516637,8.272116604881834,-0.9058913343050108
0,0,111.42440768514372,84.39814488348401,-19.688881478661273
0,0,68.76642324515919,15.870293202841935,-3.007303098323831
0,0,65.93928396996424,14.76172620015493,-3.512713084389617
0,0,59.21955196470469,7.493423628920096,-0.9649447792006782
0,0,61.26292749967505,5.96003747418682,-1.0854611509956413
0,0,65.03611185881068,9.691070997431355,-2.5817283394349317
0,0,80.35977614057974,5.807862028548736,-1.0107038014623697
0,0,148.86855345091453,10.23867680834435,-2.862623215119797
0,0,128.20155870007522,35.11493226100154,-8.97960582462322
0,0,123.57862340489427,88.6476016410551,-20.13636878550851
0,0,63.84450507827699,7.929913284736529,0.07355781621365054
0,0,58.52783135048355,7.520224184573854,-1.194870656186211
0,0,57.25440090057452,6.292669392925822,-1.058291071033807
0,0,59.59501355425587,7.29918265923417,-1.426915397828438
0,0,65.11525455037953,13.747058381413302,-3.8558951834486805
0,0,65.12867644349956,5.883599374543716,-0.666290541642681
0,0,78.09197498986289,12.800421874666235,-3.88523168363308
0,0,145.89122840629324,13.761422703135361,-3.9315349529262704
0,0,191.40478862391498,97.27603500626641,-22.073713847307346
0,0,72.70664442450064,10.795556211643843,-1.5898513343712892
0,0,61.414586956690556,7.371504677242902,-1.0769381368030224
0,0,61.14159199882178,5.89706711062584,-1.0632421338351037
0,0,61.2663679933929,8.997059565026156,-2.1847291916766522
0,0,62.35721421903014,5.819565471801392,-1.2458449388373083
0,0,66.63540864286537,5.067127519516217,-1.7665889529173313
0,0,117.49456087320385,3.0386880164471073,0.2308240725155457
1,0,251.29325305338344,2.3964590298125517,8.91242022542616
1,120,637.9195904687556,3.1554920982091046,21.38869690434943
0,0,109.3666296880036,19.3532093973626,-4.804026351872082
0,0,68.51556194127426,8.175712215363774,-0.8803698472930108
0,0,68.46211809404926,15.603275830779179,-4.012934229824793
0,0,67.46512876375604,14.470975254116647,-3.5667784788216608
0,0,66.58466844556364,16.631994820546282,-4.386065767472687
0,0,63.2840503520486,10.210338023980707,-2.3643571318366696
0,0,107.88569835750704,3.404883237331333,1.0451972860276157
1,120,374.29519983250987,1.7377503749637262,19.405185956003223
1,120,439.240974642103,2.0718760766725355,23.104913868846992
0,0,255.6118605253377,57.755417180805786,-14.707314423844878
0,0,101.206753490293,14.251483689357327,-3.073627260844461
0,0,67.63442712760833,6.965728155884397,-0.6606737009193324
0,0,67.19594838953161,14.38064887595739,-3.791716305343556
0,0,63.480912341848,9.968252681585307,-2.0142900436313056
0,0,62.55104381321331,7.154307144387675,-1.7436724541241517
0,0,120.90762132977429,3.030827212001546,1.323835914309953
1,120,395.2166664218276,1.6154652535599043,21.198273850738985
1,120,414.6950527795743,1.8088350190564457,23.894198879391567
0,0,124.12561089376912,19.901838588361844,-7.013082781192864
0,0,338.84131450017736,112.23905032290938,-22.49747621074178
0,0,103.26052985882555,11.764771154350212,-1.630965763033899
0,0,96.0512728446113,54.46808570636648,-13.142604208228278
0,0,87.50309130320679,53.45917733357762,-12.83429090684875
0,0,65.99504604112761,9.770706031779515,-1.5650907364130688
1,0,233.20512089516444,2.354576252208683,11.497889526439238
1,120,410.64667426724446,1.647107574720922,23.2116813981564
1,120,385.1010027442074,1.746754698361481,23.247506591104923
0,0,82.95701448383144,9.396604658258076,-2.5639425578029744
0,0,187.56641059304513,100.67041528655297,-26.016350306616665
1,120,779.7662832865093,6.638484324274978,28.454312657693677
0,0,104.29151036016643,9.327651040753686,-0.7305803827348001
0,0,84.30218517918821,32.16150425957066,-8.867987627595994
0,0,63.34978815458498,8.408440037376185,-1.2119536722337898
0,0,132.19351764985572,2.853581661605102,2.760050990970498
1,120,387.28827253620403,1.58898157121548,21.412770588578553
1,120,352.2915250940392,1.7498550707479945,21.73539811528221
0,0,87.90335052046073,23.252605188923344,-8.160249844599278
0,0,142.0319013395401,90.42211744196567,-24.285787413084407
1,120,491.59841937634457,3.902728094002077,27.359034000593226
0,0,269.7161163434,8.477934223374104,6.1049087034569425
0,0,102.59603278880014,13.83070571546469,-2.9027178410922687
0,0,72.87427071974213,12.625171193476714,-3.425522596359599
0,0,125.24717783761184,3.2987878715732553,2.731253453865861
1,120,321.91526435844554,1.8044221436602872,17.215463506180768
1,120,289.7175937789599,1.8803678431626862,16.762797926606453
0,0,73.36652771876602,9.07955176106132,-2.5648672493613702
0,0,134.81512851862098,88.68272505636091,-24.73341210267747
1,120,431.7230367582448,3.349890094469111,27.674094908373235
0,0,102.01176100391874,10.767802215900915,-1.4510524894787125
0,0,326.0530163550307,108.58856150520079,-21.95233090742336
0,0,105.75116390908673,9.667551304479145,-1.8807170270316504
0,0,172.32549953743845,2.953928636442209,5.625538031675873
1,120,414.94294970419327,1.6350714652563672,22.88626394492225
1,120,371.7906110943849,1.7928209030485196,23.595993777733355
0,0,101.64570834282164,39.61215890344007,-12.68867048023101
0,0,137.32844602169735,92.90466787030807,-24.83177814868479
1,120,370.43785657597294,3.5791240752082323,24.970074865620788
0,0,94.02453864334045,14.412323121342878,-3.2467823600956365
0,0,221.45987615353164,117.1293848714941,-26.112401981752093
0,0,465.0713172631386,134.289761479499,-24.7625742324537
1,120,409.2104863591675,4.275649060863188,16.50232024053119
1,120,428.8187839459307,2.145482057659847,23.503313263822292
1,120,352.1556737704324,1.9659388655530075,21.471950848316524
0,0,78.14558320993437,6.548347912172294,-0.5810656836682426
0,0,125.31692860481417,82.0069803114501,-23.050410058957844
1,120,433.66599182007,3.1776917301197263,29.839299822018532
0,0,90.85168926380842,21.61718244439134,-5.727449761854885
0,0,140.17242501161343,95.05118864973095,-21.89661692004148
0,0,164.37155417622995,98.22745721371663,-21.35112815985852
0,0,197.1590172010273,21.88951886603818,-3.87849992908788
1,120,400.9355718410328,4.466199454832435,16.245625863917752
1,120,342.8581334259817,2.527396180080469,20.96945760362354
0,0,101.0766155401089,31.13888584245174,-10.036100275788257
0,0,168.2676894245378,106.61296505411605,-28.855459860124554
1,120,357.72414969495617,3.674184037492177,24.534899166379745
0,0,81.05546437523331,16.639086285024007,-3.688161418705633
0,0,120.88598079432991,89.20219062225681,-20.539106304880676
0,0,138.2748708635937,100.86416802993672,-22.936244997181184
0,0,83.82614441167463,12.220082340218493,-1.8748993961413305
0,0,156.29504335183415,12.381836858101272,-2.795680830242972
1,0,323.7926743307268,4.808776389929864,14.644704726873982
0,0,97.87266001638653,29.07354419202215,-8.675239635210147
0,0,162.5009911832092,102.47401890663457,-27.629213174643276
1,120,423.8567644725349,3.4704224293010495,27.324709449945203
0,0,93.3674213473194,5.574887837256302,3.1167917102516753
0,0,150.44468499967294,103.77609047852215,-25.030179969456334
0,0,146.75892432275157,105.33245124545623,-24.863767192653867
0,0,76.81924170754412,10.960565872358279,-1.4373881902213554
0,0,84.05605101164709,5.450928893793424,-0.3186963428620686
0,0,154.13634042695108,18.36727022206509,-6.173251488089946
0,0,119.17889509918415,16.961243448329952,-4.5290812058715915
0,0,161.89216549588016,96.2189248899443,-25.55228724309103
1,120,413.28126492285304,3.498558387673172,27.28095832935321
0,0,80.41844591071718,10.420898927952097,-0.7833776287438923
0,0,123.89004760066584,90.62736380861085,-21.361373742325654
0,0,120.76476432208962,92.23551807634738,-21.22082062544797
0,0,67.71963461040963,10.350714366499167,-1.0880819910697568
0,0,66.2367874860471,5.1900414240550425,-0.6506024888603577
0,0,72.41106803834208,6.391149872292573,-1.5370329525551654
0,0,140.29966093085267,8.473494161624243,-1.9463278560643573
0,0,261.71868586225196,101.28109343805494,-25.59758656154939
1,120,375.00356744845965,4.221721713311247,22.060731025288163
0,0,80.98711361124072,12.056866753235505,-1.5693337496782078
0,0,137.5322570152827,102.12275587512607,-23.831927660411814
0,0,128.74378504443112,98.99280112597837,-22.59201667567318
0,0,71.66427685251865,16.607702629045722,-3.6923515924531642
0,0,67.24533392785713,5.400821172533411,-0.0954969364699707
0,0,75.28406733770689,17.0427474598903,-5.175419469390178
0,0,125.468208303874,70.05842760117025,-16.453628777580604
0,0,264.3977138667039,93.09222618607983,-17.68537605684645
1,0,328.9322164783285,4.77435733807848,15.1031192459657
0,0,95.71753928595103,26.978266417940862,-7.025431376461398
0,0,139.6901210718458,102.35076568030347,-23.387563169056108
0,0,125.27673094180435,96.96919425109434,-22.13226003283384
0,0,65.88677534755546,9.73193129740055,-0.8302040092615641
0,0,74.64851689275075,4.404061602849554,-0.18100184388781315
0,0,70.7407961927802,13.271495279746519,-3.7386707136016497
0,0,108.71480633124526,70.21225588686826,-16.441644774983658
0,0,174.13071015390767,106.72697717631733,-22.734646385593443
0,0,336.99068029778584,118.98111442917663,-21.930249273008627
0,0,134.2665879897483,23.868389411437654,-5.690985210743122
0,0,152.57607935992243,101.77973764120838,-22.72474954394262
0,0,133.7832071244347,98.27208885881848,-22.366265120579882
0,0,70.13816566135495,10.11499130770875,-0.9255687706678799
0,0,70.59615375590093,4.648324109670063,-0.34308178024517133
0,0,64.57581120835552,7.316265165100656,-1.4064770724117892
0,0,90.47806411571455,48.407921229914,-12.569258454354369
0,0,139.88089559829598,97.83191629812376,-21.459745072284733
0,0,197.12360335465317,115.82657689912116,-24.51195111641517
0,0,375.337482384054,123.92856333305103,-22.69122815396247
0,0,223.59608833859195,110.29094615661077,-23.88830742571575
0,0,148.33836600055648,102.48420578001515,-23.211422637059215
0,0,74.14204447652034,14.64139240466953,-3.188701162324236
0,0,79.40621524993418,4.319798796823895,0.40121038104327056
0,0,71.06465604459288,13.462192322096733,-3.7414447882768656
0,0,108.03922259612578,73.8309495306803,-17.213978868274722
0,0,135.6401441752846,93.50898554310821,-20.37726943030438
0,0,181.08297872468347,114.97591882474869,-25.029567031051904
0,0,231.9540054761733,124.76307835364679,-26.418448467825584
0,0,388.49179918212263,123.68764486054233,-22.45179116380477
0,0,196.5479583101977,98.81063586081987,-22.607218604893376
0,0,77.2977594038134,10.440735716026017,-1.6222578105295895
0,0,71.28556748224206,4.85927261659299,-0.4328878243975396
0,0,61.80872470242016,7.086366980002206,-1.362530445604591
0,0,69.11939409488761,11.74939337950923,-2.7980586085360244
0,0,122.51662744783007,92.17971769055116,-20.99421307016918
0,0,145.17964134976395,105.8140788217082,-23.311072683344783
0,0,168.035436260481,113.15147218308684,-25.117027000621796
0,0,164.9058906239545,99.68609330447816,-21.65043760743505
0,0,189.68320411010322,13.883558694416385,-0.04038003563722725
0,0,112.29008578321069,21.19786012488946,-5.394243763723068
0,0,73.9365954224993,12.731955581012437,-2.745942992304265
0,0,68.28404562101208,9.147345728291612,-1.4176579143408503
0,0,100.737860107587,62.59167322119973,-15.127362169190391
0,0,134.41227901202757,95.02612937439149,-20.709719823334183
0,0,216.7655463626835,131.7159118301993,-30.156226117309814
0,0,238.44126893226687,138.23415350659798,-32.09150515396958
0,0,206.12515921484365,123.37913637485933,-28.75442541847726
0,0,134.73387165216457,13.160274440267235,-0.49628996159360383
1,360,737.2109015109078,6.088205451796314,33.19429215398512
0,0,99.67511597066982,11.886958585371021,-2.112793472384439
0,0,69.3843517873661,7.865109139574792,-0.9344405256768198
0,0,102.6839892657582,61.33626200555498,-14.778631920780882
0,0,152.05458666634064,103.41874853320328,-22.61227006277815
0,0,233.15893779333084,135.17101627207623,-30.73545290949518
0,0,247.87697315623353,140.6605642273519,-32.779692315445715
0,0,190.80388684139243,117.61835479376168,-27.97141245867455
0,0,131.43111104361603,8.733002234129971,3.1880722195253526
1,360,526.8378264841576,3.4291460991556986,38.55485064895382
1,360,824.2494298057092,5.537661258554548,34.8863297552183
0,0,123.83088471198894,12.398570115208166,-1.5029725994952514
0,0,133.80699017491258,79.37548205552824,-17.827720433371553
0,0,158.49565568454219,107.01675076729971,-23.073463940496836
0,0,201.60984845790728,126.98173750218284,-28.512504970991266
0,0,211.02015991110633,131.0999922399487,-30.25968589281601
0,0,140.03462388596554,99.11295713850348,-23.049073219161976
0,0,97.88780499038009,12.670559995450137,-1.50736356340974
1,360,439.53203927702697,3.0062439798679934,38.40048528216944
1,360,540.5221266835335,3.851094778354231,35.26206099713326
0,0,620.0134700638603,114.73121005562425,-24.743478030784686
0,0,203.8385175351019,96.98847783635267,-20.72313577685871
0,0,167.34237232334203,108.26990224420021,-23.208093747448956
0,0,187.1189536967327,122.12991236721399,-27.151617910654345
0,0,181.48079502135684,120.40046860777396,-27.28647492753224
0,0,160.25021679217673,109.04319494993611,-25.61825738084358
0,0,103.78449381313385,11.186670602260481,-0.40261606475121425
1,360,418.6383233586195,3.1015620433024385,36.31650527501451
1,120,324.54157969143785,8.491291409138269,11.155225254652876
0,0,279.01859920930366,102.95681606012795,-27.801480569998382
1,120,812.3408551349602,8.399410106914983,24.176309063981762
0,0,356.3216752244965,132.4222354094446,-27.064226632457355
0,0,367.9521310389896,155.00749390265446,-33.44381636059626
0,0,421.36804621613965,166.30793477009408,-37.25661027325012
0,0,308.16791300236895,144.9265177997172,-33.977384525603426
0,0,161.40103076663573,14.076365668549357,-0.3405401994474886
1,360,514.4997512335677,3.992630771146791,36.790983007463666
1,240,532.6831062821653,6.609226844207806,24.78015907137953
0,0,300.38369110720197,98.61520816731259,-29.676475001001855
1,120,502.8524046920908,5.0406017603671005,21.883169110267204
0,0,232.54109993959094,13.881518251404914,-0.6263280144642636
0,0,312.2474883473561,129.6765589802316,-27.528464066391145
0,0,240.15500889368076,134.7926796933125,-30.397433231307893
0,0,165.59065656636048,109.2820486132408,-25.54685534067937
0,0,89.32127603849013,9.757073598284924,0.03454640035245404
1,360,361.5889974221396,2.747088991541054,36.76512334753889
0,0,164.49479980292,87.29473287490407,-24.85458368449096
0,0,150.45630445951082,94.43873447352904,-26.20740215048682
1,120,431.4264401268322,3.517650427584679,26.788610272043883
0,0,97.2454585784261,7.8173613291838615,0.5208971724115514
1,240,701.5271209146613,3.516828745425482,27.26243279447452
0,0,273.22641750874044,122.23708029666916,-26.586573244999038
0,0,184.79251111602434,114.77298995374855,-26.850987475137224
0,0,92.9605135318265,8.512646120761634,0.7437002824214716
1,360,370.9660262079396,2.4370113681817185,36.72677242564798
1,120,242.04706505338697,4.214081558275816,16.36400751920074
0,0,153.85435597478823,74.42507311048726,-24.204583642401097
1,120,381.14743902415455,3.3822303491170795,23.272890695371103
0,0,99.12021591304686,10.078433896849988,-1.7071022239771452
1,240,508.7801656508598,2.7453217657439675,30.46398973516689
0,0,397.2768363272856,99.65886092574569,-21.872379433307714
0,0,288.27229167994665,114.7959194433706,-26.268077768573526
0,0,125.92069841010644,14.498499124707907,-2.4060739310001793
1,360,412.41070098362496,3.2548820231507385,36.37592859653354
0,0,232.00513109945993,12.470509042523235,4.350457064007244
0,0,166.63181684812517,93.23556437466802,-27.548738589303163
1,120,382.81646957132403,3.545312147654047,24.08548850109102
0,0,86.47171970785186,11.932051383227787,-2.637526870045022
1,240,421.8563582668479,2.411793035752136,32.790460856598145
0,0,172.96374229625945,92.24711999379782,-23.155196106356385
0,0,174.4066751590716,20.913311728527354,-5.282382504914793
0,0,190.28510346576306,10.557234994768498,1.651784380438258
1,360,489.33946035116287,3.378921284803807,35.916562966124616
1,240,427.5106934975297,8.026488237602297,18.188894235642152
0,0,232.56923603648616,110.16391707288915,-32.72888183529926
1,120,423.55667633514173,3.8220159836989445,24.386198195884575
0,0,84.28894466300224,9.91087751779041,-1.5114744778808245
1,240,417.7747424313526,2.1894975539487476,32.27251733695216
0,0,148.6012491943517,86.39347253580837,-23.201826980658844
0,0,97.141983037548,8.927879432176395,-0.5243424614997423
0,0,177.53487180465106,8.229132836356253,-0.06253036142486224
1,360,831.8335249262637,9.567028125971985,31.937472523607056
0,0,384.75693070030604,112.7617791537011,-26.710746111413528
0,0,221.26131375497548,112.18634715091916,-30.18657713623257
1,120,348.8837472406731,4.178468562990475,20.899128205667083
0,0,81.39717285096279,8.053462515184277,-0.25953193497939253
1,240,406.9799581683988,2.066644113665459,31.54489604347384
0,0,141.29735876479455,87.56481136270982,-23.988956138884397
0,0,79.69800539259435,7.298450319780915,-0.33127214805638516
0,0,150.091668805711,3.2907122836528027,3.5238673540206946
0,0,140.7715356969122,8.471407693582439,-1.5815713819597477
0,0,246.58146573263255,117.10018875813404,-26.348161341483227
0,0,196.994122895855,115.87994427547072,-29.194700131168936
1,0,313.60613761612484,4.307761446488425,20.411028445574672
0,0,89.42575482053469,19.546547013021776,-5.814360200441499
1,240,420.80473480319995,2.4816942274104608,33.79319638253335
0,0,136.51600205377537,89.54969945521256,-23.5643906147821
0,0,72.18834849938155,13.876614329545413,-3.805380604600913
0,0,139.96619943759347,3.1318237263598854,4.526085052683186
0,0,78.58064412641002,7.269035813139664,-1.493355807287827
0,0,142.00038709724814,10.550635366399243,-2.8570116583482132
0,0,278.3245150269106,109.1762451905673,-27.528353103404136
1,120,369.1322827325319,4.2885780333549315,20.99457751030161
0,0,84.15515650202029,9.344596373980744,-0.8454640619511338
1,240,397.7891354775225,2.1767274129342344,32.21020897777089
0,0,137.53115741762,86.25774381890207,-23.60721175986393
0,0,73.85914180362884,7.032112944980052,-0.24015568386695918
0,0,77.44491277762349,3.9992913149973695,-0.5977735391406895
0,0,64.94793432871425,7.273676670365001,-1.7702771512474271
0,0,79.6653802165813,12.696463965463957,-3.942631251627148
0,0,140.4106749505524,10.947509202968648,-2.6207608911031883
1,120,398.1592804556942,4.513809190132364,17.39978887945749
0,0,91.54204955102415,9.851284128023735,-1.2473455811378074
1,240,403.0826666421364,2.2785212432592408,31.41363211379432
0,0,154.07866256192176,96.20803049452878,-25.895939613856946
0,0,68.94772082680504,8.095439147751962,-0.9755179666770886
0,0,66.00447764169844,4.611905225128091,-0.8042703740121055
0,0,62.23602608693579,8.304509201721164,-1.9597385256371211
0,0,65.34060972291304,7.523783002360556,-1.529513889197375
0,0,77.63567596801529,10.671736245723542,-2.994626898046036
0,0,158.33588527775694,24.32859098239181,-7.729761010571423
0,0,119.12511683823699,12.24694471380515,-2.2602474302637034
1,240,429.72793582787887,2.4710234143726986,31.126068890985408
0,0,145.65079060808725,91.41311034608417,-24.0369555566933
0,0,67.72365324310478,10.009462230314096,-1.7907577482781676
0,0,75.39671374981312,4.057743554747237,-0.3766295899841339
0,0,60.54334285395979,5.892890113510142,-1.2018190527536632
0,0,65.2916549548059,14.491822787954764,-4.022714824536848
0,0,62.34176883948956,7.1990633278069005,-1.0614244544288596
0,0,71.44285529224244,6.395063353548319,-1.33971434189489
0,0,138.83702599857884,8.746204198223205,-2.1113826572639027
1,240,593.9373616971809,4.838158859540197,28.390725582185937
0,0,151.32650564487076,83.51426937153248,-20.84497313659425
0,0,72.59204821035334,12.968847314592706,-2.7515069935099916
0,0,65.85182627957482,5.142849975060208,-0.3350660254217388
0,0,62.96249738811593,9.990713798839836,-2.359363797421281
0,0,71.27582414006582,23.235435145254066,-6.7265974845434755
0,0,66.11349651512357,13.39719505229791,-3.0575904672458165
0,0,65.80677678357904,5.87349327057912,-0.7187337628836872
0,0,79.44927526768456,6.24056950981361,-1.5124361571015612
0,0,151.99220433708427,12.051656900292022,-3.7235638955131805
0,0,175.11517880772195,86.50032280230909,-20.136585427530775
0,0,74.16376436437336,6.945293042416136,0.18632791472505517
0,0,61.02307917650474,5.058314177433059,-0.7807673565733069
0,0,58.647273729587624,5.365888174509966,-1.2275571817879154
0,0,59.88716078275496,5.547080596870437,-1.2795301313220904
0,0,58.86836654417087,7.507357481240797,-1.4840507682343969
0,0,65.0018826305371,13.688177928391013,-3.5777004071143637
0,0,70.81445223209388,17.94959036443003,-5.097951452602814
0,0,72.11589975028515,6.783998323610909,-0.7020787469288621
0,0,135.49288877694912,10.460676286031081,-2.9067600641904363
0,0,95.18418907530543,10.652023093515421,-1.6764183160933612
0,0,65.43620103518896,7.8897523847380935,-1.0976617956148402
0,0,62.269926569516414,8.719446509019269,-1.6005249169311782
0,0,70.817121873842,18.487150084408178,-5.731375738014293
0,0,68.82415779048041,6.2826697782470955,-0.5619113585298265
0,0,62.6956749140342,7.5355446537398105,-1.5375296440208217
0,0,64.85929202022432,12.062103679726246,-3.094266376428081
0,0,64.86823050225568,10.14524960657279,-2.1142307072638005
0,0,75.06570084516366,11.617958527197604,-3.0452471559290473
0,0,139.49101454248745,11.921529700312822,-3.1957605218786966
0,0,111.88894802143241,25.62800212703578,-6.793471178047383
0,0,66.10956290286626,7.682860848871366,-0.6516381434057621
0,0,59.13052989825907,7.101588179494894,-1.0742433214042393
0,0,57.84730509391109,6.197092100276407,-1.0832524591589987
0,0,59.456424572550674,7.0958693438630105,-1.5261374440212592
0,0,62.11122175221873,6.885250231765022,-1.5833837774142125
0,0,64.82840126114316,5.287279678828566,-1.1449531638875925
0,0,67.85519119649861,10.681232743649108,-3.1423609053687045
0,0,85.51862926362901,8.607486561699917,-2.2377113759974208
1,240,677.2533097974477,3.5186058981898953,26.29664265926145
0,0,98.59679608954072,11.17637272733616,-1.9858518152465052
0,0,69.0760393396194,5.757967737086252,-0.6047747752257635
0,0,60.76941786620034,7.534244672245771,-1.3411621446777673
0,0,62.80930756321934,11.135486256271284,-2.5563072475064246
0,0,59.97736746730112,6.62282724067148,-0.7596579692828413
0,0,69.46938356126252,21.62270183822511,-6.223063301353321
0,0,62.753046705487314,10.689442345628475,-2.157818025351162
0,0,74.06887588771691,5.303208400356191,-0.8258553169611673
1,240,433.2512281161209,1.9658438825247202,27.541076706708623
0,0,185.37680557302252,10.21646657262772,-1.4546878482911865
0,0,105.35149983489764,16.633523573514626,-4.003930376021799
0,0,67.8019060540909,7.312267755848419,-0.8150919072213298
0,0,61.990300017496274,6.4384690181852955,-1.024241285877423
0,0,62.8997806451374,9.811618673940071,-2.3889803470490705
0,0,62.75802323511543,9.965268274226204,-2.5090000273783772
0,0,68.42281597965133,4.604255143125333,-0.963206359070881
0,0,68.25880588703255,6.20966776297647,-2.2032441586518132
1,240,376.48906721048274,1.7560231016514214,26.97799767110891
0,0,92.89318868111717,5.124499073504813,-0.14097062533647886
0,0,177.94803712436882,7.4079551475900045,-0.45633800231870225
0,0,103.27975581383532,14.026616220564689,-2.956957605932459
0,0,68.19360087923997,8.985902556202268,-1.4958868201819797
0,0,60.589321906742605,6.166405588139947,-0.8493107788341092
0,0,58.68852564602665,6.7822755435539,-1.3307791794648125
0,0,61.2038439634068,7.248167522915319,-1.827417805605137
0,0,68.05108962133583,5.7634171909229455,-1.7720050034737085
1,240,370.97425618632235,1.6785942229852222,27.21675831544104
0,0,72.40581377528369,7.447023178730902,-1.6053755846489821
0,0,85.03406944824405,21.05738090289143,-6.842390003462924
0,0,144.28777695684286,12.290765957392495,-2.7721672449006576
0,0,102.04643800649828,14.406088083409994,-3.121542135425159
0,0,69.7181760344934,9.260885868319093,-1.6912080970760854
0,0,67.85858634598294,5.009641805403362,-0.5804474613120476
0,0,66.86281564196538,14.73737444685041,-4.535728417188594
0,0,66.23247411583412,8.059119081657473,-2.034152418305851
1,240,365.4591730967608,1.8140311096134092,28.470132809270055
0,0,69.53854485342917,8.43841135663932,-1.9281140743396463
0,0,75.36434363511357,20.143421265229872,-6.319976260626007
0,0,84.66650342335343,10.290413454697553,-2.573163053628221
0,0,314.4143759063884,112.70768259647882,-22.725425889768196
0,0,100.25441122592312,13.397130978236072,-2.7208389374815027
0,0,66.58495184702309,8.374184780485693,-1.1964822614737187
0,0,68.99090554119758,14.876241890335178,-4.242897094472653
0,0,68.87144615800594,8.169483494591915,-1.843803340020088
1,240,377.44510502988396,1.8653380762103824,29.577025592344086
0,0,80.70756074360004,18.847174115808464,-6.6100335086667314
0,0,64.46930327186121,6.468846891883046,-0.9588365309634383
0,0,75.1226418663984,5.138044871648188,-0.8316042564785704
0,0,132.20846991085682,76.23955668675917,-18.2032984406854
0,0,215.28546523656533,61.12934068878627,-13.089542764631062
0,0,110.85870436388613,18.97501179614144,-4.591902108373802
0,0,90.96527090073086,39.98621425193117,-11.067802425284484
0,0,75.39689512674717,11.516445359312478,-2.7396603736588787
1,240,371.2916658209177,2.028629469125684,30.165879744640392
0,0,68.67382465229518,7.135875022190515,-1.0605684542433664
0,0,62.70831461912612,8.594545406111909,-2.0480597793442854
0,0,66.15685693842097,5.871317008605586,-0.9593120866220488
0,0,114.37024115958978,74.64981965076883,-18.857118779899423
0,0,107.52388538224345,14.994250068111352,-2.7283685687427948
1,360,681.3839427493713,5.18744597332484,34.06766597287523
0,0,103.80428657106253,12.222716596366428,-2.6588740351647857
0,0,73.78958941744813,6.309149963591666,-1.2321330840140945
1,240,378.83331873890353,1.7022064172238864,25.251286778411384
0,0,66.54430074167813,6.477922847374581,-1.0685049497903663
0,0,60.88774931158333,5.601639660525,-1.242267703494221
0,0,65.48251450169393,5.618102182159341,-1.311513891339402
0,0,131.89845138632418,91.57471415455389,-22.86759061193338
0,0,107.92531788153956,25.275331271070023,-7.029066735273872
1,360,461.45769926173745,4.155003468358565,37.17274852229119
0,0,350.2820727137662,79.01528114361922,-18.549085527963285
0,0,119.63394715461011,13.39890068577499,-3.3601548291079553
1,240,427.7083943556491,2.179121165737386,28.3169299118734
0,0,71.13542705704926,7.060296056446978,-0.6431309810684382
0,0,62.59625201402639,9.198336047192145,-2.0862416147787997
0,0,66.39109958072316,5.406907757182179,-0.7157113424756432
0,0,116.13279418838108,83.61997893924217,-20.870610870545022
0,0,100.14107331425582,27.210174813923015,-7.743747630886276
1,360,399.0333359009028,3.6302790915212353,39.27953406525229
0,0,228.00894379990427,98.88166962920504,-26.042463596226042
0,0,216.15686804411337,15.494021433282201,-2.2114448517869363
1,120,525.1888380882011,4.075281347433399,23.817972591268358
0,0,77.77544956782104,7.8885710756261895,-0.1114597547439331
0,0,62.26566987959532,6.652215576217052,-0.9735047810556381
0,0,65.3026792715789,7.50925714180654,-1.5120081570088217
0,0,113.50703432224931,82.72063901709845,-20.37527738048999
0,0,104.52667689122646,37.1907080565433,-10.512120922152008
1,360,381.2757632049981,3.61321982378281,40.19859293107942
0,0,152.9076704035492,73.84030614861172,-21.763397928209898
0,0,98.2038202897949,7.443055099154858,-0.3955936928590944
0,0,154.15267568707438,9.936451190527718,-2.1080537676536437
0,0,110.14930516662388,17.382392329819986,-4.465367315521561
0,0,80.7792896529894,4.843806401497642,0.17900964153425036
0,0,68.2788933824791,7.280568241818824,-1.3111017431019434
0,0,115.78108164113266,86.85807626554623,-21.32118928917322
0,0,81.60441300220762,15.751685797219846,-3.5400786705666576
1,360,349.01479207552745,2.6280168233577483,38.72326075952243
0,0,110.0311721022625,62.9031417480493,-18.23642881823514
0,0,72.7150671158758,6.681204125714821,-0.5732824227223432
0,0,150.5941055851587,3.2066759929725133,3.1984921724006483
0,0,154.72640493766386,14.427099863434792,-4.709882183322847
0,0,114.549452906494,20.473673419165138,-5.257357709368449
0,0,77.01732799164839,10.556644791438334,-1.8799931256402118
0,0,130.25156016116776,94.87611304414702,-22.71637976435111
0,0,103.66985225475302,41.91999470682861,-11.493292640945185
1,360,375.97717615834745,3.5011227038240316,41.12541920599715
0,0,139.59240424862392,87.78195565092211,-24.07053507014284
0,0,75.07825552981774,8.000919979574443,-1.429937818236482
0,0,103.67062310672276,3.70030459588404,0.5062342062711167
0,0,85.36510502501025,5.5429961010411954,-1.313918089391251
0,0,195.1611729445338,6.033520496147014,0.9289661991118834
0,0,123.55422820726395,12.602793101767102,-1.8739905564382155
0,0,143.967476627361,93.18821093561544,-22.27370085360758
0,0,92.96728115867842,15.523903409839393,-3.0707686429410472
1,360,353.28424639835293,2.7677413702260383,38.73410342853872
0,0,115.47345502491787,64.57939140184222,-18.709289661445027
0,0,73.5317451016021,14.947156535112423,-4.4559248937222975
0,0,78.74496029260501,4.908180979709595,-0.06443258405930408
0,0,70.21040469337134,9.872300420306408,-2.867331216140016
0,0,81.88032699510883,6.362340459432477,-1.1801389986728736
0,0,158.98584952094123,14.173546166422069,-4.602137122937421
0,0,245.98503035711113,110.48960823656347,-24.902583102299864
0,0,132.58108614975504,53.809552352736134,-14.179711840377365
1,360,396.120014241886,3.870671660374501,40.99691349913756
0,0,127.53763976902712,80.5664726679307,-21.554533882948974
0,0,67.19192975683646,10.490958951087652,-2.372066417457887
0,0,71.03224625368901,4.6574054798710485,-0.1832633752420776
0,0,87.27681790994463,50.67913554838194,-13.686396819895535
0,0,67.68997948169172,7.510103641384054,-0.32635807291742935
0,0,93.92601695997372,5.054864105061165,-0.5467834046343114
0,0,167.00235858834012,12.620231173554206,-3.9176011721290394
0,0,195.4598780828048,39.205272366644095,-10.258596916595963
1,360,425.2550446013945,4.054679731649518,37.7442713128071
0,0,132.01195933886717,69.14433801048187,-19.552513251579356
0,0,66.54392098372246,8.532000999694409,-1.4582809354895687
0,0,65.43162693563328,4.8097190006001345,-0.9432224535057969
0,0,59.16711702667538,6.120446887996801,-1.3605119760313755
0,0,59.21625317171657,6.543710664753258,-1.395290946530963
0,0,64.27640890249425,6.015374451099184,-1.3626836802056914
0,0,78.66568723636482,9.659598901198704,-2.8395270619666917
0,0,163.58754104272103,22.409105360445142,-7.313459587025392
1,360,633.5733003422413,6.452209294643121,34.75688350494502
0,0,139.33811378707952,62.09183778196704,-16.945205377932623
0,0,71.36232960155144,10.622854956154193,-2.459050831369183
0,0,106.91019652587008,3.2295373475006324,1.7494740806200042
0,0,61.882987220857096,8.620961968620428,-1.9229410855643323
0,0,59.17488222666458,7.24426577353005,-1.397150897551299
0,0,63.153776369163964,5.188470255862663,-1.304169198389772
0,0,79.01393094974945,4.383012371084386,-1.1486730659282642
0,0,81.00700839369482,11.414854580591886,-3.730950860076902
0,0,182.3264309682108,8.512426825028866,-0.4028379907252315
0,0,165.70952647451645,72.6314542146334,-17.345115983111953
0,0,76.80600119135815,10.492007599818004,-1.5376089032972544
0,0,71.68370118855005,5.867533480376665,-0.5859322032413274
0,0,61.292576960363775,7.9450022750734535,-1.6330212202694412
0,0,58.91439094118719,6.753522985143039,-1.2707112158307723
0,0,63.01825945927931,4.499165559647788,-1.2472980255719364
0,0,64.07581734948836,4.481628669413201,-1.4589467134116205
0,0,63.65079451270679,7.444351470842596,-2.008657351052662
0,0,79.36314389612544,8.216084289030798,-2.4487365575291307
1,120,618.4261044812489,3.3927833922242816,22.11681488929341
0,0,110.15770518588228,13.667851109111773,-3.004893616320217
0,0,75.77319558461835,5.639188865664878,-0.3527461280184525
0,0,66.52346506637862,9.621881840065843,-2.4391250492734855
0,0,60.13981318386368,6.557466734113649,-0.9877503150068492
0,0,63.65959696203762,10.217554929227381,-2.4830346884183427
0,0,60.58348950470692,8.21611587483593,-1.419005322040249
0,0,63.79174706258389,9.974790943247449,-2.3832155556763865
0,0,70.92988164653201,9.688146151876213,-3.0132316922011597
1,120,406.52828425836964,2.219563856240169,22.274223812292874
0,0,165.68266001615962,14.938278216515853,-4.045504508487724
0,0,102.67995362897548,10.593270788616808,-1.5588028338159177
0,0,68.16788503080855,9.041713771417385,-1.4911788191617603
0,0,60.269741416967776,7.141687261560429,-0.9384087734503197
0,0,61.87711514261708,9.934989218975934,-2.1292846858346337
0,0,59.02805759854747,6.34263949032062,-0.8303836636214754
0,0,68.52234090418455,18.761809416409516,-5.633601494604349
0,0,68.41948884651727,10.583194014328406,-2.9394624416474215
1,120,395.7046157186677,2.0171311079934866,25.058665600867826
0,0,104.19315871767537,18.739522472308995,-6.420059590956086
0,0,186.36298597165194,10.084066097130655,-0.5248814245795046
0,0,96.83060418600995,12.386329262042493,-2.3837703706114297
0,0,65.33814413021574,7.098980545668426,-0.9139282249355034
0,0,60.641949557764356,7.091039423032674,-1.2558580274268962
0,0,60.71485174919589,5.674795092563405,-1.0261435085118649
0,0,65.71228506896584,12.729806843811946,-3.659390301359821
0,0,76.96110681012068,22.409675709840656,-7.908548802401242
1,120,374.24334870148704,2.286450859637409,25.70381497523988
0,0,80.04567096700168,16.301582030230634,-4.681185041301703
0,0,75.79504016911353,9.194530408899633,-1.9219212828742087
0,0,147.7645120533248,12.819310186134645,-3.785069094026568
0,0,99.34615489258687,12.900686952022895,-2.506986841756941
0,0,66.86974764166378,9.135697785810828,-1.497604104504731
0,0,61.696129302576644,5.989120329874195,-0.6710091105664304
0,0,71.98186786404807,24.193824278864636,-7.297681707063106
0,0,65.36613852638122,8.6899489768331,-1.650373717856894
1,120,373.13393401222595,1.94109843472053,26.182171128282576
0,0,111.14575603414413,67.88286232025195,-17.93275482650293
0,0,87.82101672845837,42.687934069820564,-11.321548356814546
0,0,79.34413332622485,7.740473357430533,-0.21006886253232437
0,0,147.9365480752755,14.965908576392984,-4.657602764586471
0,0,107.20130650502753,9.825630137096237,-1.1414710396762189
0,0,74.64388044487399,12.158349237767077,-2.644517538226566
0,0,87.66543499524394,48.58730333441467,-12.71341522633395
0,0,80.28951525075038,28.497151980764226,-8.687133810627117
1,120,306.0435810064892,2.5795933023499056,22.242942817859955
0,0,86.02169519431672,34.46040579236497,-9.973559422729451
0,0,73.82042916426659,22.504967376566526,-6.311912950236703
0,0,69.44449524509272,7.578867744057658,-0.7519698194686697
0,0,82.12191540324022,13.527601109813837,-4.22189867016921
0,0,146.60759927945824,13.191631925149839,-3.629535973902719
0,0,106.06354033376208,14.382549438974706,-2.993401021237176
0,0,73.8523911808645,14.137970622877098,-3.402949554430961
0,0,74.47493349883142,16.36496842396777,-5.237986742207781
1,120,363.3457690611579,2.1924769978241874,25.50434579621235
0,0,93.90459180963853,43.22820655923368,-12.45375655278184
0,0,69.58100406008549,16.682721623586865,-4.104404718782291
0,0,63.349935523343895,9.297838552967782,-1.4498583163804284
0,0,75.84880709400231,19.976844948580933,-5.859347765745881
0,0,90.02271732277075,20.519882549620394,-6.130826639390293
0,0,161.87573954728984,15.8956430675886,-4.110824720173511
0,0,112.13945223947843,21.50177332715167,-5.783116193670907
0,0,80.60058802871221,15.642355593790553,-4.912109585170313
1,120,352.8024185730372,2.205551490632428,23.49478496567791
0,0,81.13230584695134,21.98212664177948,-7.0135213491891335
0,0,66.01213514913306,5.551373559013544,-0.2377831895256861
0,0,61.353043495754186,6.551279074888462,-1.326699968704304
0,0,63.88189139880897,9.984851473407499,-2.3947504223735336
0,0,72.65777467683134,19.115299698405536,-5.58746731176754
0,0,78.57765140699811,10.243232383895833,-2.183011907353901
0,0,144.3176928149035,13.240764998708663,-3.840814785119022
0,0,119.0202809703535,20.781815509508615,-6.449237572587606
1,120,355.03698240058856,2.5399000978803055,22.182800878901247
0,0,77.34627773367298,17.127946108199414,-4.513044412272961
0,0,67.73106702528425,15.56980209695279,-3.7900412926349105
0,0,74.85140966560746,27.21727349801334,-7.46132040919035
0,0,71.98976909673782,22.116812124664886,-5.755724187735055
0,0,67.93753632455935,13.032327563293661,-2.8043148074225996
0,0,66.15389255915503,8.270051795677835,-1.3416271324328477
0,0,85.26106268121325,18.90164789778917,-6.018204491528223
0,0,160.66456106196583,12.792216784944744,-2.7815938148446406
1,0,347.6715145019199,4.655075801129734,16.281028340725285
0,0,87.96261543366305,24.401875465005464,-6.377935927506883
0,0,66.63873577599944,12.190070410634476,-2.3076444775716993
0,0,65.1942782133354,13.353791643789872,-3.263019943861252
0,0,59.98227031254979,6.460965331051256,-0.7591137222513282
0,0,60.9986896469036,8.54775690174539,-1.8425140557900903
0,0,63.06145550973022,10.002093713202791,-2.2923527211715538
0,0,70.67368672718004,16.27875181028186,-4.727488310594893
0,0,85.53250459908418,13.195439368345502,-4.011433587524294
1,120,631.0404621466373,3.7567479784275686,23.513881167346923
0,0,110.26262040617442,20.86097675677981,-5.139134572638326
0,0,74.12839019420355,16.931085321590757,-4.096843383810409
0,0,62.165510135792914,7.7021697027738085,-0.8123970918225467
0,0,61.06837806578485,7.791261527178228,-1.6505533722168053
0,0,78.76971824410346,3.70252755972659,-0.7037854633480833
0,0,62.92486734232881,5.776388127412935,-1.3514922703731003
0,0,68.0598183862872,14.480853489058513,-4.431851209493175
0,0,75.41447168526288,10.485602900988988,-3.1486910795799616
1,120,410.83331113238654,2.4152898099930455,22.465354915439463
0,0,218.96589796604883,34.13859156065759,-10.057056428477608
0,0,105.43555670777353,18.285047859050902,-4.3897116941886765
0,0,72.8942845308092,15.923276134820455,-3.9093687752833404
0,0,62.6150415307886,5.669601934974061,-0.3306909133625311
0,0,58.21525087675739,6.328679015678452,-1.1874942595260194
0,0,59.55482155927523,5.00908860258778,-1.0785233223317192
0,0,63.93774415843937,13.455869746361058,-3.912507442630158
0,0,67.78630763776222,11.50084828873873,-3.599850732902013
1,120,378.91437155630916,2.0804809524418286,24.163574740234566
0,0,107.33090032440947,28.458312269871847,-9.317852712736283
0,0,167.02686714655422,12.998113819175629,-2.363686069962853
0,0,111.88867595603134,19.426786274286613,-4.953683717636238
0,0,70.22185411233353,7.640208280073873,-1.1403878295649434
0,0,92.52349714528059,3.504189008663582,0.232229603684317
0,0,64.51228960523213,5.1291904680183595,-0.9545829497947835
0,0,77.83833068364606,35.35863028436178,-10.426441644326019
0,0,71.3942179337699,12.479448727826918,-3.3394364542479025
1,120,369.90957358342246,2.1130080145658585,25.391353771726926
0,0,100.38746254311047,43.39031935039181,-12.934421792744686
0,0,79.84399682042066,8.624911096713394,-0.9509158872717336
0,0,157.5860503602589,24.480959101441194,-7.776058995912862
0,0,109.95766909973692,21.65746788270715,-5.744796975490573
0,0,72.18592825091775,5.3541973655793615,0.02257824961080246
0,0,59.29151893132,5.589355489683719,-0.8896960221535011
0,0,60.493917639429945,9.302799329276517,-2.1241275489146147
0,0,73.5986278460347,22.31751013537119,-7.717919674672061
1,120,292.35696825120414,2.385547713430005,19.630683881411926
0,0,73.60421085478606,14.955900388424293,-3.9844484458741363
0,0,70.30379114229265,14.48218370268032,-3.851171330573166
0,0,79.50320656541983,9.867960530681392,-2.2408658951995193
0,0,163.96012327344408,19.829979979236967,-6.313355469067815
0,0,111.37528854419008,21.936863280575007,-5.690139778461159
0,0,69.84978767226669,8.171424667930117,-0.8381563566638448
0,0,70.0740942594002,17.373938163463745,-5.047843738040754
0,0,65.33142751562654,5.776179209873282,-0.8470598153833606
1,120,328.977107269507,1.771302509270708,20.00739793835467
0,0,69.82756332981582,11.388831486970142,-2.9467701469347105
0,0,68.68004814834492,15.00014578425197,-3.9934575836288815
0,0,71.90400614707599,12.095455582589986,-2.7725212696687294
0,0,134.37225138989342,75.075820111927,-17.469426232272255
0,0,371.86635863646933,123.94873493065934,-23.312811103474587
0,0,105.15688238465717,15.615009506159602,-3.459524825950112
0,0,71.80706584385305,13.643835067793217,-3.204790795440502
0,0,65.64648491810838,8.839392250327343,-2.098246753182778
1,120,282.0336279840915,2.0703123537056514,17.680377285940125
0,0,83.62191965195846,29.480668976033968,-9.175080336118427
0,0,74.93094345119036,22.40196877338866,-6.422696282885482
0,0,69.56106393339788,7.705513285859832,-0.5828992149297676
0,0,124.92632204126944,89.14410161926594,-21.439058401135256
0,0,183.87580941919617,101.33648952554547,-24.084215221255477
1,120,768.3017193503258,6.853891844430844,28.9657040771544
0,0,110.05424098106256,18.23096393615067,-4.655309529521631
0,0,90.10640577374932,30.28109118102277,-9.738909692868404
1,120,301.03050392615705,2.6197334459621113,20.382368291215855
0,0,69.91899430866685,10.257349433886295,-1.8739905564382155
0,0,65.82983999434991,11.229453124084799,-2.65518583683469
0,0,66.61485636902533,7.6899604354132665,-1.2900557632326297
0,0,133.36816001902613,99.65720041484737,-24.564093152405732
0,0,156.07598535972983,101.63868806981485,-25.98714062127457
1,120,524.6492870536225,3.9778431996359744,30.25752460400605
0,0,181.6743695542265,13.335473681716971,-0.48867578710409987
0,0,118.15244902119463,14.2385795342839,-3.8218982378099184
1,120,302.81470882645107,2.522997179877279,17.95712954344333
0,0,76.24143714396759,15.381538064049247,-3.9697643439266415
0,0,71.53407655401347,19.684378442098243,-5.426195820029818
0,0,65.9909027117903,7.111727674167772,-0.4763007720767405
0,0,123.36731927672079,95.17299073392915,-23.32205273510688
0,0,121.63088452643333,80.8693715146224,-20.934060563306943
1,120,450.8383971824814,3.3346521996222824,29.748754024619444
0,0,103.6604659984157,14.94329133501595,-3.523814667042245
0,0,338.7618033867112,111.07633893306661,-22.2249563986002
1,120,361.82664654998445,4.46021168863115,16.906320624374544
0,0,82.46624250845512,16.496013417198924,-3.7299152055314835
0,0,65.6881562687074,10.071789145901976,-1.5699836757449788
0,0,81.88086545788181,36.2254494615425,-10.058049811408921
0,0,128.065185917783,99.28418469057085,-23.64861680587346
0,0,144.65062151341888,99.93283078474359,-25.751354841784625
1,120,441.43445659409105,3.5148826086036173,30.430151308081008
0,0,91.77618450077175,17.972550537405628,-4.367043541128339
0,0,162.3510037948045,99.13974190125467,-22.103367384597476
0,0,326.0054502540749,114.69246239479254,-21.379233499282293
0,0,107.95813577054504,21.706256219764256,-5.4218259919223755
0,0,74.44364597770702,16.340860332588548,-3.9005234400332256
0,0,65.42965446147542,7.050840620068082,-0.5703815332048237
0,0,117.63780330687338,89.32987669072516,-21.817061742308013
0,0,151.72902640577118,103.12566114003688,-26.89924052263072
1,120,408.1653924651455,3.5236774504294845,27.96465941578313
0,0,78.47464064451354,12.09157774817146,-1.7258285490228076
0,0,132.44793280804228,93.27111374711731,-21.246727840938618
0,0,175.68339873393955,108.50375271597214,-22.980207475843677
0,0,312.94862355806055,106.22226849857871,-19.443611005757973
0,0,118.13241820603999,15.33146644085224,-3.0764224713267225
0,0,102.48244548384852,46.06327984148353,-11.9384708608723
0,0,153.24519020570784,108.40855490421009,-25.5048954797348
0,0,151.9004276084527,102.641369526735,-26.241124330633937
1,120,392.5592222725282,3.6205626210242206,26.876038537903213
0,0,85.7656816518988,16.88358749028615,-3.734300885494207
0,0,138.88260828931843,96.7477254149338,-22.051040410295244
0,0,206.39225942235564,126.75787175463866,-28.527014702530593
0,0,238.00147521141824,128.99833413323094,-27.784989356548188
0,0,371.368365591906,120.68852393095719,-22.05583295454366
0,0,115.70825880210978,13.624116500875646,-2.653051120322715
0,0,165.4077492644249,109.92570595510597,-26.13619561653781
0,0,156.13588509220133,102.99508000691536,-26.394818635544496
1,120,397.8704376882124,3.566630986827298,26.695422498763634
0,0,77.12403997719352,8.898509145662327,-0.054435347324997
0,0,139.90983655533606,99.83688935288359,-23.03697296962627
0,0,178.24891878584847,118.3458823752173,-26.368055419868355
0,0,231.21038271866664,132.92248236659557,-29.634102991819823
0,0,299.69196482495164,142.80647855931625,-31.10264528536222
0,0,395.60531184727284,123.06709027900165,-22.478506823915055
0,0,218.90055692555572,105.43459432454083,-23.98227193990507
0,0,149.42883813626725,90.90508786616148,-23.150493389287917
1,120,399.03850514352337,3.460731904286821,26.351659165010716
0,0,79.99890405816157,6.969140776515921,1.2338343639423783
0,0,129.40840681109867,93.30697356290845,-21.560763662076738
0,0,163.75936167956252,114.28069900968433,-25.709363277129476
0,0,168.44472464823335,116.08591260337604,-25.862550322670856
0,0,178.5937956898947,117.41898519177404,-25.773779933063906
0,0,221.2500230408306,124.28967391614782,-26.525295256411432
0,0,346.50757337185865,114.73889172343213,-20.8799951688749
0,0,272.8127193942789,110.21707508047325,-27.669297232712225
1,120,361.3622989266882,4.351433785565865,20.927946878578766
0,0,82.49014458754598,12.181022431141772,-1.7252050427148475
0,0,139.0569568671783,98.45802276175492,-22.21609521149479
0,0,194.0402861641938,123.73718584221314,-27.59755173568346
0,0,269.2139969735869,143.55806910957233,-32.65684572092357
0,0,307.3646625777919,151.70437674526218,-35.01781576341101
0,0,267.7602835192569,142.49843212883974,-32.647350459606685
0,0,193.88659188469938,101.1236264676058,-22.421006860837494
0,0,224.44132752340266,13.695147561906088,1.2454379220124423
1,120,395.35088535302793,4.869034435281657,16.947789077805226
0,0,103.53072481027485,17.05029015015561,-3.8838525722231054
0,0,225.68273927642187,122.83993238811121,-27.02972771140118
0,0,443.97142111494475,166.90528551673387,-37.318902780576096
0,0,569.8095136676477,180.6846092493144,-41.23015256641724
0,0,534.9410223899762,179.48833388048772,-41.50727998449556
0,0,334.3496280889016,157.31047812637485,-36.79742958115287
0,0,165.86836732451468,105.66602622609129,-23.987989175711895
0,0,102.04951007831883,29.688597428760573,-8.041677967052848
0,0,156.32870010915966,11.565400649910993,-1.4112590487566905
0,0,137.38656599300344,24.712919839614706,-6.08718119783353
0,0,188.8937836767478,110.95278970261886,-23.741630208745555
0,0,303.1991372381796,148.3135268555377,-33.01299463760737
0,0,352.12792309952204,158.6721692591248,-36.29774211484568
0,0,330.73598741538365,157.0992611401083,-36.654636068727974
0,0,230.23960802337348,137.13173310158948,-31.937890108335452
0,0,148.18420694266854,105.27856405699939,-24.255864394254402
0,0,74.50987123075366,12.324035737162893,-2.141997873774784
0,0,80.13608736862784,6.125427067014404,-0.6110204062088229
0,0,146.18000315742475,12.205323647158082,-3.728462118796841
0,0,354.37384565756855,135.60771619910966,-28.138057729354557
0,0,328.1576916256823,151.96285331561748,-33.76828270251319
0,0,291.5917162943114,149.26182297073152,-34.09305551363234
0,0,234.4440613874572,138.146651801869,-31.874493255091153
0,0,183.5617665939392,124.11442503986146,-28.675890043433917
0,0,127.7987658737737,96.57091710232552,-22.110564126897756
0,0,69.10206126162703,8.254098256731892,-0.16627018637446156
0,0,72.65298519216645,6.433208176727813,-1.4792476560824497
0,0,114.26260528528682,8.807493294499634,-1.8695626048614002
1,360,668.5937854906506,4.995351935936254,32.271471114503214
0,0,279.8118739025077,121.57758312475653,-25.47899354819591
0,0,230.3155596145088,130.87491359748748,-28.591542321452025
0,0,233.91763750848077,136.62276485241603,-30.938668410322194
0,0,187.00473157251187,124.19480820656544,-28.31282443389324
0,0,139.9512698487091,104.05499133292682,-23.630994826746125
0,0,78.85273786763771,24.288218908724783,-6.486346765814375
0,0,69.23307775633546,9.683935312826446,-2.068535092423261
0,0,80.9891711058364,5.880091094045224,-0.4964801838570452
1,360,385.6851725045634,2.3920688285122194,33.63550212613872
0,0,194.10073002746745,8.975173309425012,-0.28103233470025657
0,0,259.1222297070284,117.19573311130097,-24.902736336900965
0,0,190.3786486195017,120.63106303426265,-26.543651704833728
0,0,172.92606123820963,119.40982224506034,-27.030071168265728
0,0,137.4176608011354,101.39016012562428,-23.52111504984871
0,0,73.64186924071913,7.204799310018712,0.6851540968949763
0,0,66.1377330079366,5.970824929090674,-1.198860039766771
0,0,79.69410578851218,13.709459541436788,-5.175868605289963
1,360,351.49015645515294,2.440878373181343,35.720486084128495
0,0,89.14862220135781,6.302455126581231,-0.33175827161852567
0,0,150.67377540344214,12.654022570335057,-3.944998462016656
0,0,246.64589988845543,116.6289646436407,-24.92862770053633
0,0,177.61687685096047,117.8686732018774,-26.235333119502435
0,0,126.95108943641165,95.53774722138967,-21.46404620901926
0,0,67.48622516839825,12.096984335558332,-1.7710908798188285
0,0,61.534777515647605,5.772619489635004,-0.8060457818042437
0,0,67.6216400537575,7.308426921944474,-1.9390729902946902
1,360,319.63982270438163,2.010176139316507,34.90330180827887
0,0,74.37684825371225,9.849076731470857,-3.1716075783731412
0,0,88.2294719159199,20.756786917522714,-7.107480579426692
0,0,161.83258317304325,23.224228501593544,-7.053663530727476
0,0,204.7843302298458,103.28200907053278,-22.496519815472794
0,0,133.76721194606276,94.44928954715228,-21.420258100764926
0,0,69.61122032369313,6.97969720381653,0.5515810802953354
0,0,62.39757625488645,7.299369466710231,-1.5968631383598932
0,0,69.94444375972637,6.256819955327785,-1.362535729556356
1,360,316.0360897458864,1.912127257415583,33.99201035154235
0,0,67.77013675048542,6.043013835492067,-1.2157475495991434
0,0,68.47386791855848,10.288961410113098,-3.5729131468177115
0,0,141.7077920944431,3.8364191108387367,2.564185467044865
1,240,681.7586674951278,3.2450010808541485,27.638185172196515
0,0,208.42819283500057,98.55598568514331,-22.28993315342143
0,0,85.40661767079197,17.523674733719922,-4.389854360886261
0,0,69.4144886985651,9.705079753232795,-2.1004765808264807
0,0,75.18464443769908,7.224564353192406,-1.371909459982703
1,360,317.29985620602787,2.0818483921911124,35.17853228767453
0,0,73.6616166544143,7.789878971365059,-2.3920080514088795
0,0,95.29948812507219,38.29611738116877,-13.931788823689374
1,120,365.8720323429024,3.106882446563882,20.977848519022103
1,240,577.3237333243578,2.2652324182018964,31.14920203180084
1,240,836.3940665561299,4.164499063832555,33.03140905695987
0,0,102.82952158322017,11.069111845368743,-1.8757553963268379
0,0,68.69135019854821,8.029242519809731,-1.5342747297352304
0,0,70.77435092558028,6.543713372107983,-1.0845153236301996
1,360,309.8939185789483,1.9401143112778017,35.5159231756021
0,0,70.80927732144414,4.803756954268741,-0.555427949717469
0,0,68.28410796933316,12.651263775869747,-4.89842415010591
0,0,156.05868653464438,3.029140755620438,4.749818138203281
1,240,442.97017509473045,1.652106028382922,25.54315113795481
1,240,494.8806163749947,1.9090169580617427,28.24932703302629
0,0,174.4850980109334,11.975135323878213,-2.2797082246043203
0,0,120.02724036399053,17.996566578724185,-4.866440390088584
0,0,91.33912276999231,10.814775722840343,-2.4038229675494307
1,360,335.54374580636613,2.263765934392237,36.062822750905596
0,0,68.87170688734864,5.185722742042043,-0.4523803224487324
0,0,72.76222511872996,4.4810068802779055,-1.8900907574579975
1,0,229.67044720431048,2.1336741556373644,9.03622321521729
1,240,444.34741549923973,1.4962466626085267,26.222265754255048
1,240,451.0121562853056,1.6960267672564293,26.734375791155443
0,0,112.5092457998404,7.960789762929563,-1.3396086628596464
0,0,381.44902352125365,117.68066005051176,-24.0428735826671
0,0,163.75131307811387,15.796250660905134,-2.746265313361775
1,360,397.0257199620871,2.866650288478104,35.41905777189527
0,0,77.53695023559776,6.094045667165059,-0.3042235989850752
0,0,67.04715128725664,6.501693873090476,-2.2517138481675687
1,120,256.4262656313591,2.1282445557353245,11.899533267796599
1,240,445.2367066069089,1.51112921714763,26.62262021138241
1,240,436.3827008825718,1.6617331561739945,30.54814195093357
0,0,90.4846503656324,14.607762546720636,-4.617693076925676
0,0,162.11374009294448,98.20765381635098,-22.18115243849057
0,0,309.90112831207693,108.00996731209943,-20.084052379109792
1,360,631.091202343939,5.6799530545413175,32.90643302987752
0,0,93.95194819351433,7.025184824237434,0.8183096813054078
0,0,78.4025376451977,16.47645729156488,-5.896678884946667
0,0,154.11288612216617,3.395336878956239,5.200454680300865
1,240,429.01662083675063,1.6407957155977018,27.235188739188004
1,240,424.90911344391907,1.6630258052489857,27.551253597802855
0,0,79.89695321713538,6.002545650732285,-0.10348098758282731
0,0,129.0061807877161,87.60451923201752,-20.368429379006017
0,0,190.83576383755252,114.55119623502095,-24.588166836634855
0,0,283.52193908859243,91.48370371810064,-17.24662312226232
0,0,105.93371979321257,10.438600515599152,-1.4706718023721947
0,0,81.42900450288936,20.015453631870066,-6.328958978621955
0,0,114.70201358015059,4.053341395963534,2.450421985602148
1,120,395.25516367608066,1.7201600144733102,22.550162341224677
1,240,415.60615446356354,1.6839658403735571,26.828028552190787
0,0,79.27541414033495,10.054829373449714,-2.3180221588329033
0,0,134.64064390806055,95.77462993045418,-22.257938825500588
0,0,180.51465677394046,119.44792014075792,-27.0101770898806
0,0,168.25469830163613,100.81887940008814,-21.6610742023326
0,0,203.40314487702082,23.33514340998884,-4.356459785748413
0,0,111.68483095427084,16.811694588001412,-4.775984419869459
0,0,126.72773507818191,4.115079010672826,2.3227722789280563
1,240,431.9860333126238,1.6597574640630428,25.15003569474183
1,240,419.24974500331723,1.7465596560147962,28.066734795927616
0,0,93.48142241840183,24.188920357005134,-7.838673824296336
0,0,150.98903118694562,107.22056765064981,-25.24197132399359
0,0,153.90573099135918,111.67270059278,-25.44958307268685
0,0,122.85631243713901,87.9975477224251,-19.6567233482358
0,0,85.43079181528392,14.989504075277507,-2.9714039300506414
0,0,152.78242963058455,9.251001316216202,-0.8161645494290752
1,120,566.0712443683176,4.298748211381365,21.388792015481144
1,240,543.5809579878955,2.147652228085249,29.573696702733827
1,240,471.32328949153,1.8941551599088682,30.98097157559215
0,0,89.85684244854872,4.848216682345522,2.070157113075126
0,0,120.4871782605776,87.0926703574161,-20.60387170163142
0,0,122.9894997870269,95.2226833274646,-21.29472725874753
0,0,93.42687897351414,60.54712585996532,-14.074698583053035
0,0,67.50392075552695,10.20525000199987,-0.9853883885690919
0,0,74.52415466431046,7.380080674561788,-1.3205653007082532
0,0,144.7389634163618,12.84043657750949,-3.9947785715694692
1,240,666.8701604863307,4.148929969257638,25.698467616056405
1,240,501.00217858780087,2.334693664717323,30.796646202315415
0,0,84.7760210833472,6.527412389305598,0.9077669846414693
0,0,127.87046644301712,91.56452728117331,-21.47052961783163
0,0,131.61236328102837,99.48267349982113,-22.39993446120937
0,0,97.15142597417722,62.79464540987547,-14.916796691461997
0,0,70.80997448903442,7.8818017863608025,0.2633573635161355
0,0,73.05680393175122,12.594255909865947,-3.6952683338259646
0,0,83.48729262265651,7.169321231243861,-1.2941508258484191
0,0,156.48172556120974,10.194395314453667,-2.44689245836409
1,120,568.7263759617078,4.368241494927711,24.671119442812326
0,0,95.78868438833392,10.163480933294474,-0.556611554912223
0,0,148.6464007148729,101.37253705126426,-23.373798474715265
0,0,156.21425126377125,112.37230271269341,-25.530057658026962
0,0,113.19426113553071,84.7871015123844,-19.083203223953745
0,0,69.55066876786488,12.319384501744441,-1.6137453642405006
0,0,68.01734217554332,11.924824551013787,-2.827051651855868
0,0,67.74275450147239,7.260295569634095,-1.1908390009915735
0,0,81.0498586943652,11.833214886714629,-3.5304354586004223
0,0,160.48574607710486,23.91308783795607,-7.511179778019596
0,0,120.92846834113217,17.51459787577681,-3.645292718057945
0,0,142.38455477963393,98.48827293855479,-21.93125322384347
0,0,116.87925096048235,88.71279474284574,-19.289303762442984
0,0,87.50333502846193,53.07640430287032,-12.418391063636648
0,0,66.31321519163433,13.60161928555811,-2.268585506144646
0,0,68.97815814355106,17.64573852887493,-4.645951650950565
0,0,76.34245276017757,27.473609453232328,-7.722632959644059
0,0,73.54161314042051,12.306708666919535,-2.5074095578979296
0,0,119.03668424682705,63.690476600294915,-15.41754094812164
0,0,206.1782119680546,43.253670132878824,-10.23272140481589
0,0,199.56001703769041,99.37173693258804,-21.623426046026083
0,0,122.77544099666747,85.23787968399058,-18.98949762340078
0,0,67.6091420493953,13.670717295314528,-2.2156508773897343
0,0,61.38102655586128,10.131353657218247,-1.7043862727713162
0,0,59.74622523696543,8.017276011922913,-1.3879621054366282
0,0,60.54511694709601,5.294884638252565,-1.0387563013685082
0,0,61.86961067197058,5.455698350368224,-1.3259972031199112
0,0,72.049838870085,12.231634622832308,-3.9503141174895546
0,0,132.37045084902587,57.69123482477934,-16.25161273380364
1,240,786.957697344836,5.727450885845924,32.62863454992538
0,0,102.70579984207825,12.157879962947986,-2.1008834451121743
0,0,71.64820798976726,13.675235870351429,-3.178624666313496
0,0,62.67337121917469,6.02469136116129,-0.4822399338575991
0,0,63.94667130441237,11.721257646750002,-2.870749932930238
0,0,65.52537613842269,12.786088236297731,-3.111566034497912
0,0,66.53999870752352,11.454506497901923,-2.5778076472272886
0,0,93.15700709972862,53.47191634001279,-14.426921523577434
0,0,86.16508499674516,10.386806112345138,-1.3698540027471608
1,360,472.1929465460878,2.6694368689164456,34.78389506635399
1,240,769.0938831098089,4.026747501720491,29.96361007117885
0,0,115.91850867685407,24.034568649393517,-6.247501578254045
0,0,77.32938700668915,17.279206016714483,-4.470947168582569
0,0,65.6981886803723,6.302439784904453,-0.6294244101969753
0,0,67.01054715475277,4.632556475748607,-1.1742949480237428
0,0,66.93755427485422,4.3591641857588135,-1.2810836131402112
0,0,68.43220223598865,14.166675802580263,-4.620884583790115
0,0,80.89475874363185,16.416276405822767,-6.162762843841747
1,240,452.20375739781014,2.2779003565755205,31.99493021507051
1,240,527.6749717232861,2.79190586482871,30.527291477279462
0,0,454.80189128967373,99.84408730664718,-21.66186151114519
0,0,108.01118852375599,19.34556563252087,-4.928611366524038
0,0,66.90107483899251,8.375765875645401,-1.104145204427212
0,0,62.57153373873228,6.938136150199211,-1.283281737073338
0,0,71.44123423589433,4.1154476621412845,-0.7777396522134978
0,0,70.49232112918392,20.183939536052076,-6.35781992314773
0,0,69.54733029867243,10.939113695964796,-3.22628062725785
1,240,407.09685560239694,2.0008923943497887,27.507830082220124
0,0,126.92744241863429,9.331583924718299,-0.8038740776299278
0,0,169.62190629448054,85.3251503611163,-22.54472002344866
1,120,731.0239982576085,6.409835583382358,26.736330853307507
0,0,100.34981549323578,12.320109170359308,-2.43284771457985
0,0,67.24558898917064,6.266395417766178,-0.7070667973924856
0,0,60.46476696530987,5.844033641359109,-0.9806064122241906
0,0,71.24378277105926,18.805719100251228,-6.002933870935124
0,0,78.75637570339207,17.960466710814035,-6.173103537440596
1,240,413.8014086254878,2.4269591856987387,32.01314928074699
0,0,148.02614828069844,31.767031846642798,-11.302441587242
0,0,184.488523374549,101.58200689128125,-27.767171871205647
1,120,496.1055454991317,4.470235218276618,26.831146083730545
0,0,243.891124341919,37.1226090606806,-8.98263352898303
0,0,108.98451383218429,15.439134328480062,-3.43791874719399
0,0,69.49728726896096,7.926918950410098,-0.8746050559203269
0,0,88.41656789142631,46.59936495558784,-12.66741842624296
0,0,92.1049925420666,35.846401750937524,-10.61517383337251
1,240,433.78420423684,2.935479142052227,36.3656988659217
0,0,151.0959642256291,78.08688228075485,-21.831719424496683
0,0,153.2596890243738,97.65422719277811,-26.368811024970363
1,120,444.0058827324151,3.676913051055506,28.150823604273143
0,0,114.93433476055763,22.104683175494536,-6.603835433249529
1,120,694.7137417311377,4.496333666604889,25.76148402477382
0,0,99.30911998986461,12.488269289522677,-2.3861798526150437
0,0,68.5864066381101,10.23143463445357,-2.1657598048499267
0,0,68.84781047628695,8.258390316423425,-2.302582451783408
1,240,391.67596194791633,1.8340699340337214,27.278569983156643
0,0,93.34159780633338,11.592808104249055,-3.832392166009882
0,0,132.0014961569839,86.73791303340853,-24.39228546085394
1,120,440.09349157639264,3.296989962422613,29.81128430977472
0,0,113.32284604571697,37.520333909085394,-12.51505039322474
1,120,540.3952081739288,2.9714930514498388,28.475860612980412
1,240,794.4075735341903,3.936142266024504,29.859188616451902
0,0,129.59773032207644,31.561092397187878,-8.838170287801233
0,0,92.76263129677307,20.905976602124333,-6.5859598244375945
1,240,412.074609524822,2.544545692976412,31.455702937725903
0,0,122.69727887414835,53.13882146361572,-16.328695022112342
0,0,144.86115478962265,94.58903958827757,-25.611472786780766
1,120,415.59785646883057,3.573398245576641,28.944208961385286
0,0,114.59582872132006,54.390214964847786,-16.73849718499072
1,120,474.122389026326,2.864566979016813,27.996225743611234
1,240,579.4354142790874,2.2459761321037073,31.09192399469731
1,120,714.1468745438377,3.6388859978065726,26.890188960722696
0,0,153.0822683746934,31.507313502920056,-9.973147274491993
1,240,456.98508010065416,2.8879905608762657,28.142950516147295
0,0,106.07740433315887,11.332071795149515,-2.01623982183159
0,0,141.8846005969711,89.11678982479485,-24.88934151918349
1,120,391.2990606789511,3.406066351346387,26.966203890775418
0,0,97.7495277502803,30.863324058875225,-10.64913379134893
1,120,409.3316461511159,2.5054309599664992,24.766135463402335
1,240,514.9293425018758,1.8419246469311503,29.819897151147302
1,240,566.0563261154916,1.9216722621133144,29.766582077865507
1,120,556.2685919346419,3.749231910483724,19.969924152456315
1,240,679.6351063512178,5.891716926462415,28.499183976059285
0,0,274.3487326324361,123.33704603339316,-30.85289402136447
0,0,194.74416470102577,112.67855867924477,-29.613136271226942
1,120,452.5250666364877,4.032803403015703,29.977665382866604
0,0,127.71635272936268,69.49315359331848,-20.167602224375585
1,120,410.8402034558806,3.1013093568613894,25.30067059158202
1,240,513.650317707157,1.9631335948315762,31.159981293395973
1,240,514.6374616707485,1.8260398071113682,29.90468344112547
1,120,490.1571982583476,2.0860619385956043,25.32656195521737
1,120,709.2710544583514,3.3716491043981534,25.322250250579316
0,0,264.6800043924429,119.27890179014656,-26.8878853102935
0,0,192.0500597389306,110.69956901023737,-27.946139317395378
1,120,355.81597366023584,4.0959592203753825,23.699221059362017
0,0,91.07278774642086,26.52546855970944,-8.843581054405846
1,120,395.3728319620485,2.3919921201283296,24.242802312958773
1,240,486.9376669904133,1.7397374605258145,29.16408476211889
1,240,485.2382104625562,1.6411827545170048,28.58479456251237
1,120,405.3685147977917,1.7686232433504605,23.711426987932967
0,0,133.63518087412947,3.3918838736167256,3.5906776401034506
0,0,151.41684269408827,9.906470846748832,-2.195402774236527
0,0,191.88205935376263,81.35281843324991,-21.0298269050472
1,120,329.83672057634146,3.8178028885202404,21.27255564461366
0,0,95.08715241558626,32.573798286205076,-10.75837949403487
1,120,408.21323063150237,2.467382924718443,25.109962204576405
1,240,488.8319223454449,1.7762974659328543,29.49344404336773
1,240,481.7651142408137,1.65201521919317,28.744084572339233
1,120,384.60371253526347,1.750226316764732,23.163333239531184
0,0,118.78547719316157,3.0130811786144127,3.0632969826099554
0,0,81.78492839582536,6.313134738521851,-1.289030676590741
0,0,148.5033509941958,8.897522766090662,-1.9476171402943692
1,120,373.39414189624387,5.170770473118757,17.02352924236631
0,0,140.34152499444411,70.37185986264741,-20.13578226686289
1,120,406.7965407438362,3.116781437891976,24.65655687175537
1,240,500.99768950868304,1.920599924029113,30.446520990640664
1,240,486.7808212866897,1.723651712424109,29.51430508492537
1,120,403.07019697792015,1.7460859817442764,25.569824526451
0,0,74.95756051626286,4.089867221017164,0.7438482330708212
0,0,68.98869500981378,12.709305851378698,-3.8592821965283264
0,0,81.49058764003006,6.047657400072129,-0.8633608065701139
1,120,609.4143915127514,3.2713328129146024,21.44212822457
0,0,126.66132844820122,24.869993341177054,-8.100805387273198
1,120,357.83245439670344,2.692544818337481,19.681441522040757
1,240,476.6873309392576,1.7357614844984877,27.55367364771
1,240,465.6050642358275,1.614568667919968,27.09200421433269
1,120,370.37296897781493,1.7262682579598818,21.86880732937722
0,0,151.49124124522575,2.45346441407452,6.193108426273568
0,0,65.1997818696781,5.945967351678268,-1.2670071656453956
0,0,73.51033695535448,5.839011498343261,-2.0530901014220007
1,120,433.52918826755945,1.9695450620474064,20.95778007022882
1,120,673.3646336755529,3.21381754351266,23.24067972542801
1,120,458.33370829381636,4.177086458403095,18.369203805579502
1,120,440.2807632608039,2.1331649473360716,24.00156877920189
1,120,425.51223709388375,1.7543736457848953,24.490207502374062
1,120,317.7410555981154,1.8366128169596707,18.849219119475578
0,0,98.308134698993,3.1584056631195567,1.4895089378656934
0,0,66.71018128392934,6.004917293471845,-1.5703852560789073
0,0,65.12360922540441,6.5140565572187965,-2.3224184066991427
1,120,364.6936944187006,1.8326105570302167,18.947986745816834
1,240,519.1742882664871,1.7685979747063556,25.623129031829265
1,120,703.5715110268565,3.1765866781659247,24.307942870284634
1,120,410.12811761278266,4.195030805523873,16.73096740119024
1,120,422.3537391642588,2.107662117047416,23.306813665685183
1,120,359.80286539192116,1.8428113056037596,21.69838931713892
0,0,95.16453235007727,3.3343541649895805,1.8192909352555233
0,0,66.2388449806428,11.391183275775047,-3.2686632043433974
0,0,66.31048886959432,6.517134368315931,-1.8269633857535865
1,120,351.556064298565,1.8037381981727514,18.886566090531645
1,240,468.10194445425515,1.5606141340143251,25.397462019964166
1,240,531.1756372390049,1.7256153342452427,26.59464697075269
1,120,612.5245978336843,3.278843014923208,21.243641860570264
1,120,386.92601745466374,4.245690375922106,15.950422046860538
1,120,356.9692135511878,2.1990736932258224,20.87736889230986
0,0,89.77687789274744,3.545537083709159,1.5565570017777617
0,0,61.48089156214585,6.478161094590426,-1.4249814714834343
0,0,62.979376779041374,6.8271923633535065,-2.334471100668992
1,120,354.46779890940877,1.770305074667246,19.2359198452491
1,240,453.95495169610626,1.5352421592040697,25.2545099889864
1,120,450.4778198375811,1.6604832607423772,24.820792660431763
0,0,190.02469153269433,3.5630931510397184,6.8716418078799535
0,0,376.0136782663259,111.40516340860994,-23.158641242905418
1,120,407.1671391643431,4.137832071011924,18.05174398369941
0,0,90.0285610608648,4.215076511137447,1.794789250933647
0,0,62.22410055352171,7.962129903518698,-1.516499516006789
0,0,70.04744318615258,14.095714230321109,-5.107171948428061
1,120,331.0128366331011,2.1841706079133836,19.289435708697866
1,120,398.6596994167505,1.7586160706397926,24.43328877399037
0,0,96.90637440021122,4.032920721720475,2.018332114190301
0,0,92.37792515161429,37.10578014370674,-10.75486038216117
0,0,162.064326214473,103.16041635510001,-22.980883821669252
0,0,175.03381991674013,28.07917611901251,-6.722782471371076
0,0,99.4132756942454,8.4692679808977,-0.7854647896900104
0,0,67.63997612818457,7.860564393442211,-1.3954706008908744
0,0,64.42141409324162,6.251638529608918,-1.7957193789829944
1,120,321.8475427456929,1.8178039212298747,17.056162928450377
1,120,372.036535544846,1.6525543212028904,22.199582709698362
0,0,71.05072402884582,5.947054354600566,-0.2866438914718401
0,0,117.94622344717467,84.83270780518744,-19.989749692007692
0,0,139.43434558665382,97.9151512118053,-21.961900144064927
0,0,102.21392826903923,16.78102928347697,-3.9418756465251334
0,0,382.0778120073871,119.37657592903089,-23.41520880467656
0,0,97.26203189577532,9.69870664020891,-1.4764154579378328
0,0,69.84260627928397,6.922331064537385,-1.7433607009701717
1,120,310.6866037971167,1.9322205673497466,16.332641981539624
1,120,343.19068803457066,1.7763891775741816,20.418457681752486
0,0,73.3126247611767,7.504527393101048,-1.0050975286425512
0,0,134.12206458148202,97.51827466788116,-22.995203330945138
0,0,159.70203901717215,109.66030577626593,-25.634267754683407
0,0,92.22908270510582,13.481918108626907,-1.8098116783330909
0,0,187.5008541674428,107.61805064203246,-24.88187001139157
0,0,181.60778154731176,16.305484230841692,-2.0294391333338666
0,0,121.63591773635335,15.195605966015957,-4.49435507488964
1,120,379.6354809018763,2.3804811246740796,20.57663806170926
1,120,314.62772052507,2.0764925677053427,19.373735875113894
0,0,78.3359156301078,11.135015176549043,-2.3264394939902786
0,0,127.04058761730916,93.47010792924968,-21.930957322544785
0,0,124.52935594897443,90.99758554281061,-20.83237091164112
0,0,75.42185712729642,11.033027319135375,-0.6861899039795674
0,0,125.69949790296862,91.02827611597917,-21.44952590957641
0,0,82.50453571365738,10.13732878909748,-0.989943154988211
0,0,151.27630957837118,9.136204963596077,-1.271070524550609
1,120,379.250939129564,4.867364448641796,16.80735220786633
0,0,102.65419810433976,23.39837819186135,-5.989549621121171
0,0,171.69701712488123,110.00800953876193,-24.8274717279985
0,0,212.96808016650132,130.26917366100486,-29.834660664910388
0,0,155.57170080276646,105.82176770912868,-24.38786807718064
0,0,84.81532886577433,17.224777357312533,-3.549441833089489
0,0,132.9337055816737,96.23688728609659,-23.210439822031425
0,0,72.9122918595433,10.573254412679429,-1.5591145869698835
0,0,99.33193947538034,4.283994481804617,0.4869477823386461
0,0,142.96148079868615,9.023643983527657,-2.098188629713391
0,0,246.38716569202668,110.71023237804964,-23.2759291201736
0,0,240.65037197270036,135.06503235908767,-30.06078209662705
0,0,208.1773485352032,130.66987659960773,-29.952181036056118
0,0,132.83833532253618,98.98810837778747,-22.356991785237014
0,0,74.30814607190993,16.668952017452845,-3.343198627902666
0,0,115.42744196395992,89.55120113463366,-21.36769334863338
0,0,66.00204605717627,8.458664174889394,-0.8017393611179529
0,0,179.62780291882262,2.5267536345589447,6.728520690445791
0,0,121.38807749202626,3.36682527511595,1.439797519685797
0,0,146.63138232993612,10.644472281185934,-3.0129199390471797
0,0,267.19586117259604,121.31552562655092,-25.841229577309903
0,0,202.8626189414217,125.8501643014899,-28.201507422116478
0,0,157.56267540788264,110.39517570373717,-25.477577449123608
0,0,74.97500104207803,12.018443072519283,-1.6002025958736823
0,0,117.48390497832814,87.05263760554135,-21.354192851880654
0,0,77.26937958166306,6.0781309336368485,1.1069772500326422
0,0,106.0741282122875,3.0857664333821515,1.1600598294368893
0,0,69.03486110755985,4.825225826016365,-1.115669503220829
0,0,79.32374542523128,11.511029747409854,-3.544786671586891
0,0,154.7543029773331,10.827572486176324,-2.4440127046536304
0,0,241.51744440594786,111.79679851378546,-24.02385135632275
0,0,162.84922356053545,107.63722593310177,-24.16429351021342
0,0,81.81133574381785,20.918062233619075,-4.968103621995596
0,0,117.95190281242225,89.42601305212538,-21.229047738341905
0,0,67.52158800250969,8.93004260860209,-0.9236084245640654
0,0,171.11840203313065,2.541327776272232,6.6067890097454836
0,0,138.91671848897903,2.5643822554374385,3.736926856980901
0,0,70.961276860211,5.1058950342825815,-1.1675103539609353
0,0,79.49131504018088,6.467981892048241,-1.7309962538463566
0,0,149.82790139936225,11.801524397200787,-3.655326942454593
0,0,232.03163480394863,110.98999958596647,-25.03924194672871
0,0,84.01632946308915,13.014329971529946,-2.3849539758061837
0,0,130.43463750397902,95.39210597638163,-23.02687005385671
0,0,67.9274755727485,8.058331241432345,-0.5532720973984482
0,0,139.79392535841686,2.7183675677095365,4.061287519862603
0,0,72.98040456630996,3.970366839561438,-0.7779774300428102
0,0,63.751396362785954,8.647165552557208,-2.42502746597161
0,0,65.8908506605425,5.779543549345534,-1.2095124865195999
0,0,73.64998585851806,5.637564452829563,-1.2941508258484191
0,0,135.6543142482576,10.682657714686309,-3.27211890879596
0,0,109.33078507141107,18.40343867629495,-4.09443918575856
0,0,123.08175263011037,89.49489537595534,-20.47387592037485
0,0,65.31346553112596,9.93282965235654,-0.9247444741929627
0,0,71.29429624719343,4.143821190890572,-0.5596392592720321
0,0,71.62302493607963,3.804950173186599,-1.0966895484905734
0,0,66.2054546206892,13.50767227167925,-3.6739634403202928
0,0,81.84793987632173,39.47669731220001,-10.695674838471433
0,0,80.00342147742536,25.612532302134134,-7.1520084409277445
0,0,87.73781005996088,6.510202637767012,0.13948568235210246
0,0,162.73052369325518,18.36005060946369,-5.948271389953945
0,0,188.9444445216409,89.24231000948278,-20.59533811953527
0,0,74.16184857050742,10.618990658509293,-1.6281335648892963
0,0,63.25273449077825,5.083177169554916,-0.7718850336608511
0,0,77.85812344157476,3.56531205385018,-1.0707929009034558
0,0,59.12447077505581,6.905835603420551,-1.48581032417124
0,0,60.254715471587204,8.641000905847187,-1.7710538921564876
0,0,69.40257450120939,19.78108695779714,-5.686203234398221
0,0,65.45666828859116,9.13093915865493,-1.524087270737482
0,0,76.0814230119272,7.900631438476828,-1.7898277727680068
0,0,163.33634532511394,12.273278250768755,-3.5787096419009714
0,0,98.83699583052076,9.615901293477158,-1.3771194364203438
0,0,72.80351104334412,5.188457170314822,-0.47112249934967565
0,0,62.48462584717423,9.45402133482543,-1.9386661260089966
0,0,60.46548113698771,8.142522753783565,-1.5163885530197803
0,0,61.07045823249729,6.4134056818137495,-1.442687993838959
0,0,79.39186380002712,3.883796916083845,-0.935576575305717
0,0,64.01160424680388,8.281155559858787,-2.258588269410339
0,0,66.2437818340666,7.094776926231261,-1.7371097860353473
0,0,88.90714148578101,5.327768168748789,-1.193111100249368
0,0,210.53393369513975,6.019462105508939,1.3263457913970598
0,0,100.86884826214947,14.77400315138361,-3.222359935050207
0,0,65.70020649876365,8.065064432634726,-0.9437349968267341
0,0,62.88944782792548,11.005647840796142,-2.281362101505934
0,0,60.99557789887873,10.4249085203006,-1.9243519006848686
0,0,64.89271072032385,15.052095409176914,-3.716414708778757
0,0,63.187965921233236,12.463635068875128,-2.701922390172399
0,0,63.276704586219395,9.747324413918308,-1.8019333062554779
0,0,85.85318468652171,42.39969825632229,-11.525995018402185
0,0,81.79940454237459,12.082426889199185,-2.5147859545581213
0,0,206.22559669207632,50.7315174476114,-12.91373512159521
0,0,96.6658459135382,10.724787764021777,-1.6344478872452584
0,0,70.4465517934811,12.510944287800523,-2.7372984472211215
0,0,64.2779619424921,11.72469959705772,-2.3983170898130908
0,0,67.36976417264769,16.435772969652845,-4.422842071738415
0,0,59.17762555279216,6.765887022948723,-0.6772758773565357
0,0,60.1949234316703,5.515065224789531,-0.8882904909847298
0,0,75.59744700354874,29.872354618497692,-8.495632830857176
0,0,82.36564632640514,34.70380420180225,-9.085707576010577
0,0,99.51493746578295,40.77611928626288,-10.668795375856519
0,0,152.34724968549594,13.413897626051247,-2.144132590286759
0,0,102.88419539277923,15.043573558952538,-3.4089838273435333
0,0,67.13070937356387,6.470190191052694,-0.7119121811585387
0,0,64.36821397127177,5.01593956372072,-1.0577256881952337
0,0,61.225405146442526,4.59457860611052,-1.3774523253813697
0,0,69.87951648536405,3.9052463851226027,-1.4416787590523512
0,0,60.3748266781356,7.298961107372465,-1.5385124590486043
0,0,77.40842767373259,32.81291546536973,-9.355606548078043
0,0,87.98254422429228,48.44468349728033,-12.418586569851854
0,0,85.02807267336188,7.864064100650739,-0.059101076731124635
1,120,614.9201790344425,3.53375196858895,22.29096337147591
0,0,104.5887531469066,15.118916533609166,-3.3576132483102725
0,0,66.89592826848872,9.231834147211062,-1.3999513919853257
0,0,59.97951565036383,6.633328167200216,-0.8997196786466191
0,0,62.99394361405763,9.083738233918556,-2.0285250096789866
0,0,64.7470650422781,8.675245333318776,-1.5656296994928312
0,0,101.38211097734856,73.38222172905293,-17.498593646000245
0,0,99.36568692117285,66.56779544568184,-15.819501726584747
0,0,78.42209234590045,9.715435385057926,-0.9761309050815186
1,120,365.8720323429024,2.8059543284994577,19.590303922044285
0,0,347.55239520047957,106.01703657115873,-22.630927696450897
0,0,97.96315577042135,11.108193413283269,-1.9092926381622704
0,0,66.12837509174523,6.552803315598933,-0.7930366925654084
0,0,60.59370329330586,6.242867602749793,-1.0159349137070564
0,0,64.95424851323104,11.981249433300023,-3.0263464604752386
0,0,74.76100460003968,24.863600374218514,-7.274707084800539
0,0,75.10402805854105,22.684573289057838,-6.568337845310268
0,0,72.74484694123586,9.325262251434198,-2.0251802682134326
1,120,357.38737807265045,2.3840185092358714,22.16180245459779
0,0,210.38223456191992,108.6898310111606,-26.03440556978851
0,0,373.37298881130977,121.6470646764324,-23.299675199393462
0,0,97.48238219853478,9.687046063406074,-1.2932472700970692
0,0,67.81229555159472,7.910677529411675,-1.170036082903323
0,0,62.32502548126465,7.394049271268134,-0.9957924895891068
0,0,80.91094096696702,41.059972794912106,-11.006693523153274
0,0,84.57451130961266,48.748528113222825,-12.366433965957768
0,0,70.25343637097578,9.655323085635525,-1.392590847180415
1,120,361.4120188787359,2.3438327918191195,23.670159324669257
0,0,196.58665961350158,108.09808990351212,-26.855811723096224
0,0,243.58684186292584,125.4400325488296,-28.428019866263554
0,0,215.12707782890223,26.90777953521025,-6.0397313110079125
0,0,107.74708103565588,12.232374633123952,-1.9283148645066177
0,0,83.79505527157185,29.681132349330724,-7.838753083572769
0,0,81.7915146457432,40.41770522847271,-10.120949973187564
0,0,82.24528005854323,43.59082965117047,-11.123928560903835
0,0,69.64853862787484,11.876106605179544,-2.4949394317388567
1,120,340.2073548790088,2.4009446653669584,23.28758008127035
0,0,179.27669118266826,107.96119160936438,-27.472105436894253
0,0,168.21510144972035,108.64715588107374,-25.939822833243007
0,0,131.8378034739997,11.450718006189337,0.7331323788968405
1,360,723.2732177346577,5.8110472313833155,34.15628841183285
0,0,129.49552441973674,42.57041321589498,-10.458642046365583
0,0,108.4791296775582,74.61741802941376,-16.441126947710956
0,0,94.26279425030859,63.489302095156916,-14.582882643794036
0,0,71.05447626416907,12.773438572568503,-2.456245052983391
1,0,269.34941752697534,2.4895994775960992,18.189274680169035
0,0,132.5445046893679,87.183976797986,-22.00201062189268
0,0,141.83726121718288,100.5411192444745,-24.533176750644408
0,0,100.1579300330645,7.381363960701687,2.11092808487318
1,360,429.1090323846514,2.5238781982275436,34.693074503463265
0,0,176.22012708998193,11.040267688123002,-1.29999487649755
0,0,131.4274494967598,44.0243096309837,-11.100325148381557
0,0,98.5296186075903,54.08609600362644,-13.426537356176468
0,0,72.79311587781112,11.54139904781764,-2.1818388700626627
1,120,314.7617580793363,2.3812006041923874,21.912421067223406
0,0,144.08223154632563,96.56228966526686,-24.349754933119037
0,0,136.19060049802323,100.79820964921034,-24.075523120606462
0,0,103.31800367480406,29.489489537729728,-8.76336538270209
1,360,388.74568154556545,3.122796277640517,39.06040858566894
0,0,107.8063459488582,10.205472907538939,-2.1127564847221123
1,240,698.988342624467,3.8566714778630247,26.371125243303098
0,0,132.5832059926718,50.14324175401157,-12.886771115752097
0,0,74.0769755014283,8.814719224262062,-1.170321416298492
1,120,333.65917144518966,2.1770482344692095,22.30574786850687
0,0,130.11839548339663,85.97723299088729,-21.648297606971312
0,0,136.712750682991,100.2171102505363,-24.236540982659598
0,0,85.5237758341328,7.355250170696638,1.4365795930625467
1,360,340.71382729523924,2.24937499034871,36.22176401991614
0,0,97.19382283251245,4.9977881039634395,0.23194427028914788
1,240,455.54027678820955,2.0336033309822605,26.156448851103605
0,0,224.7924505956154,9.06471996942332,0.4209142371649506
0,0,118.43027313993261,10.268079583115124,-1.5950930145195201
1,120,302.09441567708717,2.769723830723804,18.569063997037446
0,0,156.06042095157628,99.80474763758217,-24.680424634404936
0,0,144.4607311995222,104.96098051827643,-25.171752889024134
0,0,87.47497221039916,14.956394029435915,-3.3373440093500193
1,360,351.292500941267,2.5692444389115874,37.24567762451471
0,0,86.06160945586709,12.576192439137245,-5.002417604740103
1,240,427.5537251751341,2.2180919577210587,28.205924653250605
0,0,116.16088494104278,15.69526993944936,-5.4132976937779915
0,0,382.10021205874284,120.11739481728569,-24.31953601299034
1,120,448.99823749803153,5.5273408223408484,20.69981754519243
0,0,176.65352727390515,98.16428560345439,-23.20073848659581
0,0,142.41647712002754,100.8986777781714,-23.84764213295295
0,0,81.57363560371026,10.432106474064193,-0.9415791445077133
1,360,344.31708413928254,2.286473646539682,36.11946671379765
0,0,79.8172493906768,8.357107689328659,-2.7173092577042723
1,240,395.9937758957841,1.9216650425007131,27.694776295570946
0,0,91.01254226416881,9.209030098357967,-2.9376764659517676
0,0,232.2591041513697,111.57941597835732,-29.066437486090408
1,120,835.8232733446604,7.446676186100247,28.323820184971453
0,0,219.68308503541707,97.08792799993695,-21.377896659486424
0,0,145.75079731510155,93.423281521917,-21.45876225725695
0,0,103.91625281966606,21.971992110590264,-5.901534836616236
1,360,360.53995857980186,3.02029176670006,37.856143139518906
0,0,94.59801283261643,18.12218242327908,-7.746289211683958
1,240,412.8105464347481,2.241065667470287,29.00091633169849
0,0,78.90518980975459,12.62226168959835,-3.7828128466240543
0,0,123.16821274736247,78.7551657212034,-21.911079096014944
1,120,543.0756871938532,3.468946244136957,29.414279878064676
1,240,776.8866523929931,4.176138884249162,29.849656367472676
0,0,109.27683676958824,10.844665821461712,-2.0046838193274112
0,0,86.32006591886555,7.218027896433414,-0.7218935660375507
1,360,329.9557718614315,2.188216072711999,34.97810142942626
0,0,87.33496055336747,6.366909120531799,-1.8357347456790336
1,240,363.72196749450364,1.9220296329370836,24.66653297268263
0,0,86.02828144423457,7.327702385138636,-1.7832545367756865
0,0,145.1678518490504,92.84551758426481,-26.491684039251325
1,120,438.1536652666798,3.4763287492476755,25.61671431438981
1,240,537.5499935536495,2.477525577971834,30.539212072455257
0,0,196.75366242553227,10.697040987891448,0.6652758703651358
0,0,139.47165255477714,11.26938660628629,-0.9131779037852539
1,360,386.0096104953534,2.529792189012559,34.89806012813065
0,0,82.33039118484831,6.180450893230182,-0.6996005735523312
1,240,392.19791941989166,1.7660991991011432,26.895451776677973
0,0,77.84375498758013,8.528163775596767,-2.651170033495319
0,0,163.51191819727867,104.38681194769973,-29.927510265277853
1,120,458.6217802093284,3.370893075591051,27.067063962014544
1,120,406.07470589053287,2.3817301176541217,26.72802448113714
0,0,91.72361353004189,11.15852764988865,-2.0482341497524317
0,0,176.03466917491122,32.975450603865035,-9.64329130177748
1,360,679.7542709968917,6.473552274396008,32.98832371428993
0,0,132.07461373352461,7.720151050409169,1.0245687383475115
1,240,401.2599644875893,2.06261985647886,27.653096484069778
0,0,76.30400651818721,6.431595946988763,-0.6937142512891086
0,0,113.28117469511795,75.02526116487941,-21.46377144352762
1,120,426.16818677589185,2.9492643154759177,27.144103978709154
1,120,339.3334808107343,2.2724903849952405,23.408878477926123
0,0,72.35912055082304,9.132797306448216,-1.347904467126483
0,0,74.76636088762348,8.644269585452472,-1.9766524552283045
0,0,140.31868283681163,10.931811960270055,-2.963641804911802
0,0,113.85068693199068,14.07106466799678,-3.7432149121172387
1,240,419.24443972799617,2.2734618741159163,26.8043141766815
0,0,79.07725417185122,10.637677723276441,-2.6953755739388896
0,0,130.26134317954833,88.61279588870376,-24.642961416410095
1,120,368.0310980216536,3.2984945748113237,23.69980229405587
1,120,372.4585543261573,2.2018812200761917,26.622345445890772
0,0,85.06933592585926,30.562562217513527,-8.854650933347912
0,0,71.17113564094124,17.3742161185489,-4.50155181718992
0,0,72.52968855321373,7.846335439456428,-1.1588922286365886
0,0,139.31515826886326,8.01349473982293,-1.3627365197233132
1,240,589.6727818794581,4.300480015954125,25.444647709201675
0,0,90.39385987407975,8.50112542395295,-0.5591954073239975
0,0,145.75474226341726,93.31276369221479,-26.166562487315858
1,120,459.04325485983753,3.177949154431545,28.118908535628748
1,120,441.2917582912237,2.1369500548552494,30.20717911161468
0,0,73.2309938047938,6.8374148835713005,0.07846132344909051
0,0,67.39641524589533,12.539973447619175,-3.6609649189849875
0,0,66.7836502782798,5.08913334995107,-0.683843829397091
0,0,73.40109702879097,5.549880452882417,-1.2814534897635639
0,0,135.61441132276562,10.297768435035229,-3.072020939508718
0,0,113.134474763643,11.999141438229442,-2.4099576355454815
0,0,141.0468658828069,86.58365879056704,-23.44352550217082
1,120,425.3772019664802,3.2146387744460694,26.350317041263082
1,120,413.3790270903084,2.1411617963565908,28.47846031724748
0,0,70.81825547967985,10.296292024258243,-1.7339182791709078
0,0,60.852811579661086,5.4435301445543525,-0.7711399964623666
0,0,60.08044624613597,5.394455730347915,-1.1994888300264819
0,0,63.74613076366918,9.452280505736919,-2.345091843711259
0,0,74.77688641782782,9.642844887705582,-2.4329375417597987
0,0,146.88669303673458,8.51111285553541,-1.3869158829876937
0,0,274.88449742351634,104.33010189071574,-26.826892655101055
1,120,393.42085339775406,4.173949987953574,20.84771535501973
1,120,306.83282006291057,2.445000771976742,20.39629678806132
0,0,69.05969274343774,7.312073277533969,-0.4468850126159225
0,0,71.02517822129008,19.868572418397747,-5.889783327896836
0,0,62.50963885998618,8.697202882594357,-1.1839857155558349
0,0,67.60907970107422,15.480928665829563,-4.301527823227346
0,0,63.85580146045107,7.77734391898588,-1.1580415124028605
0,0,75.21596029896943,5.951426732482289,-1.105645846727711
0,0,139.5636900127514,8.587703920720507,-1.9917592733167737
1,0,309.4339240020693,4.434280193844286,13.363029387405987
0,0,78.79015148933053,4.760185238541934,0.8860552268501038
0,0,68.06431313343425,13.73751044374795,-3.5206971355024734
0,0,64.20170427778055,6.253076586193959,-0.7283822588016875
0,0,62.81959503619775,7.3366975712141915,-1.74545842981982
0,0,68.47677561753254,5.556646132341504,-1.2763914639752727
0,0,64.34422687174306,6.435540562823853,-1.5365626808483057
0,0,69.73681251446749,7.88375108176318,-2.205156949189771
0,0,93.57887284425179,5.878583999914682,-1.0720927530369835
0,0,170.16159336175969,12.031592694421157,-3.429718054058867
0,0,101.14261407198798,9.156052581088899,-0.9719618671410473
0,0,67.84940413869643,9.166264723113578,-1.4699109133184294
0,0,68.221612279493,16.150609101316473,-4.152610210709923
0,0,61.09756274808006,7.23710436905525,-0.6436488083411405
0,0,66.30542165149917,15.001621292577381,-3.8598105917045586
0,0,73.32274786130863,28.099844064987163,-7.737042296099901
0,0,66.58953728263715,14.62918674711529,-3.2331391966453396
0,0,69.90116268883762,13.495536102896297,-3.7265546122106485
0,0,129.4310902639139,4.075289018271788,2.3610386575907683
1,120,646.3476778076993,3.1646201702791052,22.87213465790981
0,0,102.9981794597741,13.776674134755817,-2.862776449720897
0,0,67.79682183190819,7.181445216930548,-0.7926403961832307
0,0,60.931806902471,6.626431181036941,-1.0644257390298577
0,0,59.479142033540995,6.0792513272674285,-1.1732328737195274
0,0,59.32067527346926,5.648169612515232,-1.1531115854086096
0,0,65.08359293932864,13.562870722274823,-3.9931986699925375
0,0,66.4343919876703,5.798138112826226,-1.3339918221362979
1,120,302.88807579627615,1.9759427668767153,14.851370648201794
1,120,433.2321381938117,1.9316310408582635,22.202055599123128
0,0,187.0881876342937,9.778883145502176,-0.8209042541598848
0,0,108.52892898201453,18.58612014375446,-4.498481841216005
0,0,71.5957957238547,13.714463635421133,-2.907119372910273
0,0,69.3694448705985,17.269107583588276,-4.418451107823927
0,0,63.79325475834821,10.025807433243664,-1.793394440207578
0,0,64.49652681605694,5.925393711893218,-0.9462871455279327
0,0,66.05371581126505,10.136098747600517,-3.535671854796888
1,120,278.07992823133816,2.1854342657315224,14.724841139301319
1,120,392.5372303192741,1.763891125709584,23.099323447882455
0,0,85.9378140303457,6.878655115653644,-0.8040325961827932
0,0,160.48217521871567,21.314169888801157,-7.013442089912701
0,0,100.02067303821877,11.96144693838596,-2.0790765761890952
0,0,69.32148200759946,10.213961367055035,-1.8138221977206967
0,0,61.28132592242321,7.889129693151223,-1.1579833889334736
0,0,59.05396049194213,6.69390026570017,-1.2906369979264838
0,0,63.768298425828156,4.9184770497307655,-1.729305389282402
1,0,254.74057107837342,1.9359431800973432,11.557038082466633
1,120,377.88589632386993,1.608515473979482,22.023035313415775
0,0,72.2938361906218,6.264441610105925,-0.890351232172037
0,0,87.96608993555603,9.780865831612834,-3.2181539094473948
0,0,374.03397170323785,121.05650758525051,-24.546571568361884
0,0,102.70502899010852,12.559526865898489,-2.434121146954567
0,0,67.39235126896668,7.273664938494524,-0.9961887859712704
0,0,63.56528662435847,4.8346772013631725,-0.9659328781802401
0,0,60.512803512688365,6.429297402826792,-1.8620699612624207
0,0,114.60062387401413,2.924356200775302,0.7511083827922391
1,120,303.83889902882333,1.7675184170095526,17.72996188927773
0,0,86.21621062003177,26.68181649020535,-8.712961766841332
0,0,84.19042297963551,23.082554433709983,-6.655702703748446
0,0,184.80682855775626,112.14411963681358,-25.100398404425782
0,0,240.22998558379555,76.01389325567723,-15.192074726423499
0,0,96.38872463041969,11.374932830260873,-2.0048000662661707
0,0,64.56712778763766,7.184397587258733,-1.0557653420914193
0,0,63.81694712035908,8.407353485679673,-2.5004875810892884
1,0,255.8063646149944,2.123522929094009,12.911145832692497
1,120,352.0568006692559,1.7146195258339707,21.593555714174528
0,0,72.41758627190967,11.175126441710843,-2.9798476849668276
0,0,66.7980754125663,6.785897532950864,-0.8407771967379603
0,0,139.34910976370656,101.13610195818103,-23.689287382588027
0,0,139.61763831457426,88.26949608989462,-19.17105420595405
0,0,173.99926855701005,12.543592278435625,0.398922429930181
0,0,104.08133983783078,13.403354284298478,-2.9075896446171186
0,0,69.68433790023386,7.097199106259031,-1.431755497642726
0,0,134.0303445331423,2.8484227971756146,2.5848034468214394
1,120,324.96731669989725,1.7064316954988556,18.935875928377598
0,0,69.77517940404921,9.635775082065662,-2.500049013093019
0,0,70.38617594655771,5.261627492804219,-0.30542833998688934
0,0,122.66065206952773,93.30130616701636,-22.05585937430247
0,0,107.33803070512948,76.29253420402824,-17.10723247477236
0,0,82.43409344689395,9.041668648838627,-0.15166534370341367
0,0,174.8331490113256,33.03114269547223,-9.636887152241556
0,0,115.77441603880617,18.523623567270448,-5.694023483006461
1,0,225.83700035883524,2.991522287322165,10.828645332031016
1,120,356.813410764835,1.8728465861222847,22.117882247549403
0,0,73.06224523977285,10.775457712613123,-2.5155838312742276
0,0,70.84215189074152,14.170214315206524,-3.5775049008991573
0,0,117.69213703468108,92.16618091692354,-21.266262610603917
0,0,112.75931924766805,85.80617148990973,-19.56866100816501
0,0,74.7448790569964,7.287230139346765,0.9615364777748141
0,0,88.52133574295954,16.366924938982752,-5.556011946926461
1,120,592.4863915689784,3.961767378501596,21.99172261527228
0,0,276.3098934040171,4.789939518201238,10.257101405708056
1,120,323.2892173060251,2.2946636201972885,19.195719540241384
0,0,74.25922531197791,10.478330043744654,-2.0834675401035696
0,0,65.76820017691733,6.8302945406431705,-0.6072476646505294
0,0,111.32451433871321,85.40952597358884,-20.03345325703384
0,0,104.50639668278748,77.97178721666334,-17.848190462498778
0,0,71.8498821363483,7.378649386363561,0.7920642929019692
0,0,105.10509926998462,59.694543758834556,-17.214042275695874
1,120,419.7770530948472,3.3718663696148767,23.721698990158913
1,120,687.8198311888939,3.9377287758936617,26.208590887094175
1,0,349.8707551715641,4.836409005935933,16.741345082451446
0,0,102.37088733334663,42.6922622275751,-11.168430002646076
0,0,73.66869035484244,15.66725784255593,-3.1205011969279894
0,0,113.31132861040452,87.96945620979305,-19.925850863345985
0,0,115.91227384474595,91.74291668894129,-20.644283364709622
0,0,71.47282216256576,16.375736476162757,-3.542704794592538
0,0,98.57201546592553,56.97074275580378,-16.610815774606053
1,120,411.07200317760226,2.9459473547113624,25.44648652441495
1,240,561.3770732822868,2.231292342524036,30.30253330511748
1,120,696.0106774980943,3.6828644935808907,25.96708258784564
0,0,101.11733466180414,13.131061180327249,-2.5304898591957254
0,0,70.91962251369955,8.987558554842714,-1.1468236828114584
0,0,121.91173537275834,93.87373481095612,-21.486957423860673
0,0,110.06589444907556,85.98622862818864,-19.242884246211005
0,0,67.91344720050523,12.780086933322817,-2.039975333147936
0,0,91.84214902447569,50.54646794721863,-15.268929804806433
1,120,419.3491849074126,2.665864288743222,26.631645200992452
1,240,491.81457533750404,1.9956845719223482,30.395277226449693
0,0,150.5401459472775,3.9822931883531623,5.973317168768162
0,0,301.41969348240445,102.01470715293354,-21.094502474617983
0,0,120.91907074873647,21.956915754575395,-5.252670844155276
0,0,124.2933958938279,85.28711744193212,-19.416853074033583
0,0,79.93418083285006,26.6253374608246,-6.917163204851491
0,0,71.56836813060815,5.508440327776172,0.418975026868182
0,0,71.09785369155404,13.617055719751477,-5.0680918411939615
1,120,379.19734224555094,2.044760791031936,22.525613101336944
1,120,380.5823138418743,1.9339259752139335,24.833336761915504
0,0,98.86625419719543,31.22907324306842,-9.658155058084887
0,0,162.9215929572232,99.19833627712762,-22.585136970478644
0,0,187.0623074130158,19.919225220409164,-3.6406164207483016
0,0,211.7974734341136,101.18815536503712,-22.175239696468537
0,0,116.64132976723637,73.7329216307785,-17.094609114012187
0,0,68.9709994226851,8.667431005129336,-0.30598843887369753
0,0,88.49322231818108,40.88113938096914,-13.19540673818912
1,120,373.4595509530873,2.6375697245067626,23.79624498162171
1,120,384.39993554985324,2.0641932808001777,25.27241201755713
0,0,84.72369950590168,9.626663930962694,-1.491295066100534
0,0,127.9692715278433,83.63490187848926,-21.17082387387292
0,0,104.01873078740684,8.014642658226553,1.2025586534612245
1,240,696.733237859134,4.1044891926639355,29.51370271442447
0,0,194.52764598599822,90.74474027028441,-20.550456233266132
0,0,91.07865415663169,30.146048327313594,-8.254341173630891
0,0,87.2428664151013,30.163559497678285,-9.814211289433203
1,120,359.47883549923284,2.530015320164521,22.62163307276181
1,120,352.1063165722528,2.070338750414225,23.175539168102134
0,0,78.99299891795373,10.524755762577952,-2.1525129377817933
0,0,123.00343180277396,89.70474063582762,-22.365842404438894
0,0,84.04893196698545,14.021687932512659,-3.6394275316017684
1,240,517.0362623120863,2.4171204330132876,30.67086701456519
1,240,791.4294549654825,3.834487864467862,30.39946211624546
0,0,108.32413175135025,13.873102890466408,-2.946923381535825
0,0,88.02265686686427,25.424067924980903,-8.503484783175978
1,120,286.49005925381044,2.702829156488175,17.152330850524578
1,0,264.0542539699549,2.279414670318664,16.732510315104847
0,0,88.13005468394128,24.64405917462256,-7.813416534872445
0,0,134.9870965242214,93.5641145049325,-23.30755885542284
0,0,99.49520138814614,23.860978479102318,-7.7847669484171576
1,240,471.1503012406755,2.536755054140821,32.556339521913344
1,240,523.850276314879,2.375021518257165,30.870219946653947
0,0,197.33885243114233,12.143712375669315,-1.0487693899581103
0,0,143.86854684589267,43.76762713435985,-13.172453251733614
1,0,294.7013331402087,3.2067166032933963,17.029140799137892
0,0,188.4769114659403,2.682878433902889,11.409721507333188
0,0,91.65092672371955,41.733739531131405,-11.75154578332851
0,0,112.46301735377327,81.15396864336957,-19.736468748232724
0,0,86.54735388935258,17.21247874724605,-4.9873107866516335
1,240,444.58510997131816,2.188854105975648,30.44506261995427
1,240,430.79030587486955,1.9819738507536093,26.99121811841823
0,0,103.99567324466517,5.036045282364042,1.3082007010452514
0,0,192.40719092208388,6.980288760824057,0.6877590851138109
1,120,358.1977248697724,4.735001876110889,16.632210342752515
0,0,97.08821611265923,27.76490457757044,-7.282120469123072
0,0,122.29722937397442,88.78208858459398,-20.241556413240986
0,0,122.02124169669375,90.70511181671533,-21.21206511737782
0,0,77.0924973947556,11.872568092553282,-2.5425372692138097
1,240,423.47909235159995,1.9765007075630672,29.384848266748563
1,240,433.92236811635604,1.780248511735417,29.193516373435003
0,0,78.11020337173537,5.593373204096397,0.32333549997021294
0,0,110.01777288125923,52.15977701835255,-13.93779139289137
0,0,165.29975063625383,12.81529337417354,-1.238045826036128
0,0,232.284995708706,111.31595787530705,-23.97567228415393
0,0,156.44284288097182,105.63274381199884,-23.397153541504714
0,0,127.26377193466321,93.26785048222148,-21.686606257248116
0,0,78.34823225753594,8.417531334544496,-0.47148180806951245
1,240,427.5646077911774,1.8498621597606013,27.06098741748788
1,240,424.06344348889,1.8042256348297927,30.44857116392444
0,0,81.48575847916085,9.304632208425698,-1.7847657469797014
0,0,107.13599947270954,72.33471369749068,-17.32576615175833
0,0,103.61257115176694,44.652293193891225,-11.146512170735988
0,0,170.3180196313233,27.533396870087667,-7.1307986585538
0,0,219.76681316259996,106.2304844177191,-23.491657018773786
0,0,156.31839563209368,102.29315317174431,-24.53478835593191
0,0,115.51775634106068,5.94672811835614,3.6010764571717004
1,240,437.6975476217663,1.851617089654976,29.88703504223932
1,240,395.94974664504235,1.8180491624454285,26.776108442174234
0,0,73.48000733116305,8.898355728894547,-1.7048195568158206
0,0,76.61645662724202,28.648440767729703,-8.273368683927004
0,0,97.8128849805572,68.17106203568721,-15.665152211655652
0,0,86.396261235256,21.959056369711707,-5.559737132918897
0,0,145.38375841692553,11.452420029860118,-1.913646614414418
0,0,249.79353787415386,110.54991366062296,-25.92052584140702
0,0,94.8296991937543,9.54533138520163,-1.432400139757732
1,240,419.47596738431673,2.0167200413009945,30.438108939435054
1,240,416.92535424917537,1.7689187962413304,29.001032578637265
0,0,73.57040672870166,11.57793028758072,-2.8409008894249013
0,0,84.18587722022578,49.20604218338611,-12.719084906574906
0,0,74.71724741469903,27.798421629072436,-7.320312872461116
0,0,66.4144972052162,7.63191023784014,-0.5240624120563382
0,0,78.44760414528105,10.56895242602057,-2.880467120221141
0,0,145.28530474990907,9.96001329870396,-2.1652472615289753
0,0,117.66759446829184,11.403967404788975,-2.743876967165207
1,240,455.69675973806505,2.0644098691782196,25.52488980066424
1,240,418.6637161293872,1.825316717786759,27.903249328401472
0,0,80.85046876354741,16.1311630747746,-4.618855546313384
0,0,89.6851861845537,59.61240983607474,-14.592864028673048
0,0,71.45160672931057,23.175743388265694,-5.595081486257044
0,0,69.82664510908717,19.313712701723496,-4.972262092032551
0,0,65.05958883571236,6.784910250927623,-0.6160771480453633
0,0,77.4386042611359,7.507352968982921,-1.8379645733227221
0,0,151.2019110272337,8.303054449781982,-1.4769121494035033
1,240,579.1522395407948,4.017547007911583,24.855148914790362
0,0,114.5908181835168,3.925370604023216,3.793454572934195
0,0,65.86388217766026,5.1879545047874505,-0.4800206741174122
0,0,62.84613274886159,10.896378101622386,-2.4427128525200885
0,0,63.90918295935498,13.771145716406295,-3.2841716027658094
0,0,61.17753297191052,10.10776086568845,-1.867158406809537
0,0,61.251852170639346,8.746612106335185,-1.8386990426176908
0,0,77.07362285755555,4.026492559150505,-0.7355895690054837
0,0,73.23355008595813,7.8669420187239725,-2.108793520900363
0,0,147.83921667803853,8.656571805325257,-1.7950588850127076
0,0,99.9199181513515,11.766501154019823,-2.126790660602822
0,0,68.89099519067949,9.87182302342314,-2.04695543342595
0,0,65.9004579700182,5.352532793648952,-0.7931053839383253
0,0,60.74732955645002,5.989794009975063,-1.2961481596145745
0,0,61.50570619393618,7.711135559173171,-1.6687777218450464
0,0,72.47800179503739,22.02386322222817,-6.695675798830379
0,0,69.21784209387488,11.679623043329308,-2.4253814907396816
0,0,106.84790488508074,62.7927394321487,-15.314773370296308
0,0,168.74862170124166,98.05634517545086,-20.762892229918393
0,0,417.8830244609831,126.2422181441963,-22.967134979183705
0,0,100.98560966344705,12.367333558836636,-2.452926731276662
0,0,67.78995218053088,5.5645786816872915,-0.5879453888627779
0,0,60.91437204468502,5.502906043491412,-1.144493460084277
0,0,65.50130401845614,4.3867264105420185,-1.1765089238121647
0,0,65.54670493226166,10.187375143650382,-2.4121134878645023
0,0,101.25270987095905,67.94204148474562,-15.965645264426954
0,0,156.8901637445837,109.4899012600351,-24.24146034175032
0,0,225.61213830484118,132.3741239110689,-30.01525028429115
0,0,226.7085618712006,123.65558978059212,-27.475127857302297
0,0,193.9201239453827,17.591687094231403,-2.299824228963473
0,0,96.96778182844704,9.092656260384436,-1.1409796321623276
0,0,65.70844781320476,5.617578760245739,-0.6824594340353656
0,0,59.40936292619272,5.707103761406243,-1.0334300779920937
0,0,62.524041322155945,5.79832627397965,-1.0355964982146446
0,0,82.89936495894806,32.08951750232211,-9.2147839496605
0,0,135.67247461377983,99.47983619206879,-22.52115888254049
0,0,174.1171975723206,118.77554317996439,-27.32376377511892
0,0,160.6901465457259,107.18276575906889,-25.337203986605857
0,0,126.33381838559069,8.690342445719876,2.125786557228821
1,240,738.0897181006353,4.184994190330565,28.83218918402413
0,0,102.25241418723391,10.107503666989524,-1.4382864620209546
0,0,68.37479643636041,6.681386872158794,-0.8725654505400655
0,0,66.40547937077618,5.908217802288701,-0.7378141126974214
0,0,100.66106964813167,61.08339507419097,-15.0770325286543
0,0,159.00673054047425,110.55101104173838,-25.016901398677625
0,0,190.757499690508,126.39313692601596,-29.588824809168514
0,0,156.18634188804361,109.1138027611778,-26.28885426690296
0,0,107.52735421610724,7.4298206468049175,2.051409652222418
1,240,527.7005912152213,2.3173246304757185,30.819029021980597
1,240,795.857772810423,3.914379195063373,31.990703053660653
0,0,99.68642935693147,10.442774354134336,-1.4709624197191289
0,0,72.25838266804334,11.762376047869697,-2.311987885920331
0,0,91.75351805204413,47.22819321316973,-11.902090852988735
0,0,135.45177289321063,96.23023080327809,-21.29295185095539
0,0,205.82278119365805,130.38298363405332,-30.54898753575472
0,0,177.7583281874062,119.11666265576791,-28.961202302792074
0,0,87.09614381150959,10.528933210919437,-1.8705876915032889
1,240,468.725382320834,2.1097034625104616,28.800876485880636
1,360,571.0430581961524,2.1473099733253638,33.631866767326244
1,240,820.654266907348,3.7561288966469983,29.926590705132043
0,0,125.28115200457192,12.295426217326698,-1.6741620686908476
0,0,162.16962686075001,92.45231582315479,-20.608674813783367
0,0,210.93489007998394,127.35335984122727,-28.49227800364511
0,0,237.19641101750062,139.22013599957108,-32.642769273428755
0,0,162.15871023653162,111.96150675567378,-26.94067198839906
0,0,81.22079511865319,8.255350859518234,-0.5161312004611034
1,240,441.9215896947279,1.8870084202721642,28.479030984037806
1,360,481.34431975380727,1.810036520522344,32.99181112245306
1,240,495.8597344092544,2.070009806815074,27.344725059220863
0,0,197.80102353122996,14.663047632667428,-3.0937379812518486
0,0,338.31856350411556,134.4770237911541,-28.273062696881794
0,0,289.38667156277745,145.94259163801294,-32.78829458891477
0,0,244.40208583726726,141.42887540039283,-33.15664943416952
0,0,144.51894185929532,105.07505761699115,-24.94060113522974
0,0,76.25364607884113,8.920791577504971,-1.0737096422762562
1,240,427.00084293590254,1.8467536653099113,28.338044583115618
1,240,461.66088677211195,1.6573209576165173,29.02447218865491
1,120,288.0211072983979,2.147610489699897,16.907948081517347
0,0,84.31102163669419,7.497318158692764,-1.1644509458905503
0,0,158.26574908456973,18.92733888923125,-6.20301070441532
0,0,252.96550304113237,115.39052673722185,-24.625249610102806
0,0,199.09204187571308,123.31377000236625,-27.730337443470525
0,0,159.28039432578734,110.93517384787144,-26.393936215600192
0,0,81.1718573546336,10.308646586322388,-1.7345682052376787
1,240,440.374353758776,1.9016364834670683,28.042893605576026
1,240,465.73171068003103,1.6648831633971426,29.03981678457268
1,0,231.32607853047665,2.2717293927044744,13.119904198918178
0,0,77.04064626373277,5.983405104048613,-0.4877458115939248
0,0,140.9905823529581,77.44133340038813,-18.233274299033027
0,0,392.1692165200775,125.29676655636743,-23.497670155879298
0,0,277.72767155328756,122.45261461127134,-26.720864879038366
0,0,169.05976249555377,109.50090394963962,-25.807850854027336
0,0,80.90729075616917,10.909800263899964,-2.338825076921154
1,240,439.88735669083974,1.9304664271005003,28.16510084193493
1,240,470.6033590960342,1.6897688296148257,31.053551936999355
1,120,377.63110707575686,1.9284329780887375,25.47921532163076
0,0,103.80384446478578,45.57348327357309,-13.035847246822385
0,0,138.50025437627318,93.58614876259198,-20.966530446886395
0,0,216.04223782179093,121.01734840650053,-25.925154583150807
0,0,377.8062945219367,121.72685583490306,-22.263560950175687
0,0,208.8491006825908,101.48428221510872,-23.72218526626022
0,0,89.74157740695709,11.537471578562478,-2.742851880523318
1,240,449.8846265747558,1.9720784692318163,27.7237957586496
1,240,477.95547311793314,1.673206474274981,29.81767789140713
1,120,403.50618178315364,1.782297189617511,25.449466673208903
0,0,76.75875250003695,6.188639738823319,-0.07252231420740429
0,0,126.24382141812453,83.83331127200093,-19.488994867444518
0,0,227.08120078221555,129.2463711437646,-28.667113399556705
0,0,329.68794614618326,146.13096577000866,-31.453325311972023
0,0,567.4324329141631,149.01729469192213,-27.660547008593824
0,0,123.42897609824094,9.162532183398655,-1.3483060474604258
1,240,459.37426776448694,2.0031749199963,25.68147442718879
1,240,473.0417905974628,1.6366218770625176,29.08846084449658
1,120,336.44206041650455,1.9064115803642125,20.59006986708907
0,0,75.58502835159518,8.394739017561879,-1.2402650857763007
0,0,120.96501579334415,86.65033191294096,-20.086784182170916
0,0,160.84072340916626,113.03153997855239,-25.493165106822453
0,0,157.66450722029586,109.87815758651315,-24.40166447523206
0,0,138.9963202909122,78.82455341791544,-17.529156022993504
0,0,185.6744224496892,11.820805275104398,1.0952415931685238
1,240,639.12538432635,4.033993285417571,24.85151355597789
1,120,395.16193593197664,2.362175796923231,23.44074070705291
0,0,85.33813654212803,4.17419410110466,1.5867019465817833
0,0,65.44626178699978,7.528287138172254,-1.1542846226998478
0,0,112.92397549561439,81.68141910080261,-18.849282679435902
0,0,147.51723861191667,105.43955419839799,-23.599565881663857
0,0,134.1081552378517,96.45245047914916,-21.604620461703988
0,0,95.63249617599624,44.71207519603711,-11.533709587975167
0,0,90.61829682588461,14.744626547708515,-3.7386971333604606
0,0,178.11700107449897,8.710337162819453,-0.031011589162631026
0,0,107.75792964352402,15.740175929830064,-3.8962064514434047
0,0,76.51465315497474,5.306344419579924,-0.14326386040133343
0,0,68.42129694782862,8.318740863061672,-1.4377210791823813
0,0,114.0700623337296,83.30962223273322,-19.122431281837194
0,0,144.17995970560585,106.62278372725395,-23.889607277849287
0,0,138.86596695561892,105.36984883873149,-23.814200002249237
0,0,95.21274460636063,58.1713246235472,-14.145947388616136
0,0,68.9692139934905,6.36953299848662,0.507602749777547
0,0,92.94964791987081,4.513713079039608,-0.4941288253228038
0,0,186.39252773978606,6.521319036270017,0.23636693791421237
0,0,100.55129125879519,10.126844106697098,-1.3736690159195604
0,0,73.90044473233056,11.092062091377016,-2.1145107567072046
0,0,104.99374516853354,71.82278540715065,-16.39020022062573
0,0,149.8251467371763,109.85841194604832,-24.790241003881206
0,0,141.83168387646072,107.68726506804208,-24.535485837564536
0,0,87.57529632704805,48.07922309759119,-11.972525929980435
0,0,67.23677520378143,6.270805247388271,0.5350581631345648
0,0,67.39302009641099,6.654964894940822,-1.5491332020908715
0,0,99.55611002981333,7.653791078731831,-1.2888298864237697
1,360,639.8142539218888,4.6267519072170815,32.22582833918031
0,0,113.7493085619126,14.7014658986742,-2.6492889466679372
0,0,121.46099101951617,80.84587167560485,-17.869167750995175
0,0,136.67642995194657,101.84941412242449,-22.242007710937187
0,0,135.5585245549601,103.39433180338536,-23.2021281659093
0,0,98.46899336738258,64.10969784522037,-15.488520272144868
0,0,93.74821088430842,5.095928810312137,3.176162192253088
0,0,74.76867911156185,12.553686199303957,-3.983301828341709
0,0,95.40452804200649,7.831601112588547,-0.8828638725248226
1,360,473.3217458951759,2.8930812902118275,37.026583848641934
1,360,771.4890562124655,4.874674757626501,33.41635551074832
0,0,253.79294461428898,118.64176375846046,-25.43481971146293
0,0,163.60090625554918,111.48043508959213,-24.505108398882967
0,0,123.94859834219031,94.3302453549678,-20.6279083981982
0,0,88.859898462489,50.74019903176458,-12.307116323473977
0,0,63.68350470915768,7.615618279553507,-0.18190539963916308
0,0,66.87012739961946,5.302871785918651,-1.168514304795778
0,0,78.06095386611038,8.512597388376573,-2.7357449654030006
1,360,378.2054371374404,2.2465056455654415,36.509274403207414
1,360,442.33812182378404,2.4616027223794474,35.90895407558688
0,0,231.4324561022996,9.971322821844053,0.011978642375595427
0,0,232.12386497491534,112.96961014165758,-24.455729869664104
0,0,144.2302804687476,99.64260957777994,-22.310339775127503
0,0,75.67915731234028,17.936158275185125,-4.12592097035845
0,0,67.2951105601967,9.696875565962879,-1.6478638407697872
0,0,75.11687181268378,18.384593682502146,-6.109965597832655
0,0,92.08003620954653,17.886277971722055,-6.264653285674527
1,360,393.3918784325389,2.7416291595112456,37.56460638498474
1,360,402.0601541764042,2.332025792248212,35.808453313067574
0,0,102.6413090059635,8.26840662645629,-1.3654154832668155
0,0,196.65385976756878,28.584023774293716,-9.040186331578198
0,0,104.92562679373769,15.208130188976234,-3.17171854136015
0,0,84.5532845402991,31.837296726285917,-8.623472759794709
0,0,65.4005888077932,11.48204931997626,-2.0224907367664144
0,0,64.45074614429575,8.296365478706784,-1.9020219205373223
0,0,81.77627898328264,10.789744423499718,-3.688198406367974
1,360,357.2773729621464,2.2264644522097443,37.386029951225424
1,360,362.26668966411745,1.953273408921215,35.37375316948514
0,0,80.29582943526715,6.989386375153395,-1.4067571218551933
0,0,87.8972800611991,19.92240726466323,-6.789455374708012
0,0,156.93057679270274,14.304380888436205,-3.6914321848465192
0,0,107.97108154921318,14.130022731854533,-3.098784155184859
0,0,69.37745379584284,8.163143772276312,-1.3729768182386977
0,0,64.9658623050397,5.223804393611275,-1.0520824277130885
0,0,71.5570037320838,7.7623587105801,-2.310249465790534
1,360,341.4991894196952,1.9492096694782022,35.99992258912695
1,360,365.0069550559295,1.6978588567604813,33.159354664932664
0,0,75.98439768826643,3.992619941727889,0.2498040272457871
0,0,68.97054598034995,13.117201329035712,-4.224915806625489
0,0,91.1356575261875,5.748574118640256,-0.3542996098365734
1,240,656.3961866754859,3.404067195494481,26.654028020657634
0,0,120.4257028159915,24.381720111525507,-6.806939971089534
0,0,76.9720177663099,8.838880560284219,-1.700470864515438
0,0,94.28284773757998,14.428568152147601,-5.008467729507956
1,360,376.76807027929203,2.5277289590988152,37.83269296159773
1,360,364.37839329096363,2.137277419164144,36.617616550142
0,0,78.84205363261606,8.587198547838408,-2.001328509958327
0,0,92.1133415490623,52.38593860270399,-14.611067242494244
0,0,81.05473886749711,7.743723988004313,-0.13034988229422595
1,240,490.7736531129653,2.738658063312876,29.744558566920162
0,0,473.59947932544685,114.11682102324517,-24.71656158050743
0,0,112.0873970594048,9.519398536737404,-1.3193288559958631
0,0,86.3085881597574,7.144135612683879,-0.7051698587098088
1,360,358.5626552610901,2.0897040075401163,36.17026662604057
1,360,363.31817709506487,1.8071089676124767,33.72960930702561
0,0,75.55342908886539,9.888135738096002,-2.9225062404421465
0,0,86.26603826463406,48.48481010411891,-13.534773824075799
0,0,72.22907328910597,7.4704210407204625,-0.24868926596310814
1,240,428.30929613817165,2.245644029924043,30.820762158158644
0,0,236.06253311425894,114.67304163689478,-28.033900472215734
0,0,425.90813759669123,131.89475607356115,-25.856975753561613
0,0,163.64596708760334,13.92586291690586,-1.6806560454067352
1,360,432.62171412225126,2.759677062950275,36.55300438799236
1,360,393.76809953800137,2.0227770706606747,35.34908768265865
0,0,76.82552755191496,5.015705377536962,0.5955594108131095
0,0,87.65802121306447,45.28082905716276,-13.395784756919767
0,0,100.28301210121184,5.016037930942415,2.8042142597999486
1,240,415.08428768005524,2.1951764560984293,32.30347072637582
0,0,206.69919453900937,108.68773732350621,-27.45754814978907
0,0,247.12496171552687,127.73789084760301,-28.311762359589018
0,0,470.9298829215658,137.04851984674576,-25.54326225348099
1,360,704.4500555511829,5.214838085986123,31.990903843827624
1,120,425.03793641133126,2.6295110575533442,26.623719273348968
0,0,86.0054336185729,18.338557822749323,-5.067547594162434
0,0,86.35302550860077,45.9697605896513,-12.607007005744364
0,0,72.33427757888677,7.245695708050915,0.07398581630640422
1,240,391.61524601924157,2.064242013185237,31.697221804877955
0,0,149.10071592650428,92.63054639944555,-23.809412741952578
0,0,145.1160460622611,101.50700955557792,-23.00710279031388
0,0,149.71985742695767,87.8830302273417,-18.86983725179131
0,0,284.05849740375913,88.94286935722714,-16.81555305354061
0,0,109.26245131150604,21.33389748023448,-5.336410911684496
0,0,72.76022997245536,13.086517975479765,-2.6938379439760496
0,0,75.93446801913873,26.574276750701205,-7.734743777083295
0,0,69.97991995442159,6.3022168793653845,-0.055962409384306966
1,240,386.156389779237,1.961295075360051,30.77689479062788
0,0,144.78798053279004,94.16745753003146,-24.227325770786116
0,0,124.22311233188178,91.48013000986295,-20.76322511887942
0,0,122.81148966231079,79.51463286880761,-17.555089658242963
0,0,191.40490198449876,109.67757508960847,-23.186910384833823
0,0,416.21929918913474,129.1364308830705,-23.730750552066937
0,0,102.88800430839437,12.487404740913659,-2.16173343360704
0,0,95.66437317215632,50.41432376796892,-13.025871145895124
0,0,80.33849269097428,19.11216819143968,-5.2165656017633495
1,240,410.2811544008912,2.526567503921565,34.118148848012424
0,0,149.16791608057147,95.57409075122511,-24.116119721996355
0,0,123.1994889324285,88.803877375425,-20.211585838845124
0,0,129.89153828312797,92.61973863938125,-20.274179531421552
0,0,160.76606412868608,108.95257437256335,-24.010414266991177
0,0,184.0239943743187,108.40974614028933,-23.719178697707463
0,0,181.458360961826,14.886340323461384,-1.0572607004401533
0,0,106.11473397339896,13.123053727500722,-2.9272723649317527
0,0,79.43537159208344,8.333639436116234,-1.6116951909567234
1,240,396.88932450767817,2.124477722860544,30.160268187868823
0,0,147.87526534368183,91.96045805584666,-23.331468737147333
0,0,138.62108542252858,99.88258950065045,-22.53303720610218
0,0,159.30381462239714,111.68873535236771,-24.83754294005748
0,0,192.3674467014092,125.84918243417611,-28.86857991235039
0,0,157.900036505224,108.55491811047825,-24.34003246187637
0,0,106.39470060717045,22.292643984668818,-6.031926914254967
0,0,348.98035313017385,115.37969009870714,-22.49834277883079
0,0,136.75424065665595,15.773396977215404,-3.7272468098915112
1,240,446.39688416558846,2.832181601790085,29.850607478789897
0,0,179.60752271038368,103.21278020529796,-25.55270995923202
0,0,163.85985583708708,111.90120855122689,-25.52737869448346
0,0,167.8515427214665,112.33903473782615,-25.03468718030959
0,0,176.92483315907555,117.64839560179611,-26.57593136614973
0,0,143.87283187595972,99.18027280639892,-22.229748942848616
0,0,100.42085857109325,19.847453246635503,-4.7659660473281065
0,0,222.07574153311367,105.39910270899234,-23.022315287437593
0,0,591.8985489257078,145.24301117693733,-26.552977879694218
1,240,642.6804175780514,6.01685086187617,28.342620485341783
0,0,204.98547724971223,103.884695110885,-24.35926604629121
0,0,164.78337050500068,110.462448053957,-24.76625186288028
0,0,166.88176559931065,114.62860492133316,-25.48940821711944
0,0,175.57518472065928,118.95019282840484,-26.921227045913724
0,0,141.15938759827097,98.38805027642215,-22.28751838746605
0,0,85.83522837005032,13.604056807262657,-2.0868598371349805
0,0,185.80738307840952,114.02510306475698,-25.892637144005498
0,0,277.3716739759721,136.223332565631,-29.320489886822692
0,0,398.98391068637295,114.24109943456565,-20.674914433075784
0,0,237.59924918803566,111.91706282049957,-23.76696675744587
0,0,164.3815072354862,106.63279011031949,-22.748685845425925
0,0,184.00888340850028,120.07446700075776,-26.391669400294155
0,0,234.48428172258377,137.98324309024892,-32.09738090832928
0,0,169.3613356565945,113.41861228856382,-26.582134725518692
0,0,85.24671123130618,10.149692375677377,-0.27028477681569996
0,0,153.76616144060424,104.18378922173578,-23.978308976083326
0,0,204.57547469028205,126.81857425739122,-28.71018817432313
0,0,198.5452357637723,115.99880075772755,-24.647732824851474
0,0,350.4916537610662,119.02084395732214,-21.80331289982246
0,0,280.0022289947979,116.91966956464866,-24.409077859554593
0,0,256.4064955455472,138.1992972169584,-30.681075761909156
0,0,207.51749924911297,128.80857383561576,-29.116709003157112
0,0,152.30821963649908,107.5207663622286,-24.630945710102587
0,0,77.26926622107928,16.437218697076275,-3.296784395622467
0,0,115.14091175238732,86.59434381721711,-19.427415693606463
0,0,135.31297419442544,101.92493127023513,-22.413508933286764
0,0,137.55700363072276,100.08691175688266,-21.573741047604997
0,0,158.83121434860138,99.11817691841428,-20.66863709838215
0,0,322.49920739763394,111.46507175397636,-20.31795178782059
0,0,283.4883616836756,124.0878135478127,-26.266661669501225
0,0,211.04838669646855,125.78553432948218,-27.77401458873785
0,0,155.87393145519314,108.72886023688378,-24.219981077836493
0,0,92.00270161928906,37.00994339622946,-9.286233545390573
0,0,152.58792554092787,107.34974095931406,-24.2721865212482
0,0,160.94211311530273,114.1129224324404,-25.702779473233626
0,0,142.60355609144636,102.58686145159443,-22.900150322692788
0,0,138.96999796335754,98.10111399319214,-22.5509128149141
0,0,102.55448613484329,11.492257852194639,-0.9746513985880654
1,240,721.218443792988,4.157394965032778,29.530178076019368
0,0,289.2433837848744,124.83754143801762,-26.646778591378897
0,0,209.59140845732557,123.69152901212188,-28.2546639768454
0,0,86.21422680981556,16.331005561387638,-3.5591854401392027
0,0,136.82323190794693,93.41420646887704,-21.29584217256938
0,0,188.50204350736524,124.61725661832372,-28.879618087581875
0,0,163.42509532615847,116.0650768014084,-27.158788233195807
0,0,149.2651794614582,95.91360025341852,-24.207970655480743
1,120,344.1808927339244,4.5895045721290995,20.571776826087927
1,240,578.8347392177324,3.196050076900616,33.80240102650332
0,0,469.60791713770965,111.87634420542767,-23.59864647405721
0,0,212.67606330267358,99.09706677116779,-22.37218314655368
0,0,87.36243349084754,12.449916000029319,-1.9013878463258322
0,0,129.19734074015113,88.88118498716078,-20.316075984944973
0,0,163.4021964882341,115.85085645629968,-26.652886839616137
0,0,137.61818433779104,103.42358567364623,-24.01592014472751
0,0,144.51736614718072,96.1992658848307,-24.753866279949406
1,120,428.4858212392402,3.805191127757171,26.77581254087555
1,240,508.0730676734483,2.7769648765501134,38.08471632485329
0,0,203.8109028968921,98.96585031213735,-23.831124499743943
0,0,313.804700014681,103.09626287752398,-20.183438227807244
0,0,130.4004139437346,23.482033647976916,-5.783433230776652
0,0,159.69393373543159,100.42925856682841,-22.224729188674416
0,0,183.31316683370076,121.36711697820053,-27.521018978358036
0,0,189.90815685256433,126.24925004687006,-30.097140968703563
0,0,172.6829027859928,108.35745448621739,-28.217396265065773
1,120,478.96977827739937,3.8378431794243624,29.14570717788955
1,240,507.51977733611506,2.7504179097889803,37.59237883544749
0,0,186.38791396402604,102.98883504201515,-25.242431027796904
0,0,261.5968912510344,133.9533130930486,-30.14126196591893
0,0,399.6145129418469,128.42272885974657,-24.196948332104547
0,0,262.63030900492663,118.1807987134737,-25.322525168610134
0,0,168.5050211427481,111.2826899004398,-24.52963121901189
0,0,166.12661407043313,116.90840696899046,-27.160701023733772
0,0,139.50618218859776,89.43240962889023,-23.10621915747145
1,120,361.63488578645536,3.7531413307073818,23.24481177570614
1,240,480.84784574106664,2.6025640791315148,36.401006231597506
0,0,192.43773026335532,105.30922575171753,-26.23065153824102
0,0,261.2904549209493,140.44051043526125,-33.034214987884845
0,0,273.38879520895273,137.84934815494339,-30.48096722471839
0,0,336.48348237381924,106.66050620309626,-19.876852778653998
0,0,287.6716392907084,129.1704785760987,-28.29146141691819
0,0,187.4607585289584,121.16083820695334,-28.120810910802348
0,0,161.67494394523314,103.68785237330785,-26.498547892590572
1,120,426.66175875768766,3.8287712849649167,26.34339506445444
1,240,493.6355090669441,2.7469053426455057,38.408136444321286
0,0,187.6095329591166,99.05707011735603,-24.33237073182101
0,0,339.13802449217377,154.47049911736235,-36.23332545891126
0,0,492.47968455468185,175.61927129127176,-41.4171516192857
0,0,329.6285452002804,149.1027315874471,-33.23449789548376
0,0,333.37350277405386,102.04909416775399,-19.307353741663064
0,0,318.51256505923294,132.36205271879933,-29.79634673068182
0,0,206.7966619689469,113.89655786238906,-28.780639103170124
1,120,385.80941570439074,4.5857287147385675,21.631135179108128
1,240,525.524566793136,2.8112582620196545,36.339818070189864
0,0,213.6093836610845,93.00536702687239,-22.67171452010423
0,0,635.7087416753319,181.69496515442984,-42.07409477399124
0,0,1055.5107340986115,203.77698777087173,-47.46833581946885
0,0,946.3500239110517,200.17689906873352,-46.19140811065929
0,0,784.5415752062961,189.8325948157728,-42.385649779776955
0,0,710.8509835866665,161.42422782587744,-30.372165373980486
0,0,306.7746207391958,109.92112150110408,-28.03863489299477
1,240,553.4640057475908,4.36718111432688,27.08868589262596
1,240,543.5787361204533,2.973961482120836,34.79261358676182
0,0,244.93816803798208,112.10024605103487,-26.30382370224561
0,0,646.8706781970454,182.84917906024077,-42.21577865654606
0,0,937.9311414515113,199.7992266943291,-46.501628918625016
0,0,950.7741700865089,201.6957467285907,-47.34892115161633
0,0,628.0168179674819,186.09271997444628,-43.58403154563965
0,0,371.79378519073083,152.9715198313842,-34.8108697926398
0,0,224.68403253328432,19.659326386371387,-3.1426568066673894
1,240,801.9911245239427,5.3509052222331235,26.142879662977975
1,240,666.3592670073327,4.032427531934642,32.86146660038018
0,0,395.87275213653623,131.93969094239228,-29.288437435432463
0,0,1041.1250039510135,198.83353131276593,-44.568138499636795
0,0,1522.811718012082,213.5449070321871,-48.46331450421697
0,0,1446.9416558086202,213.4994956689243,-48.61792029080653
0,0,919.9120685609336,201.1477059360185,-46.76107887608251
0,0,362.0142129719136,155.72983058264967,-36.10744587607754
0,0,127.86552392156413,18.653412347908954,-5.373060401107935
0,0,376.97919303053146,109.19303800947816,-21.12193675216794
1,240,731.4579425723338,6.655776198906905,28.76304339126243
0,0,310.5192382312179,117.67349097519858,-25.692216853660753
0,0,667.4513828715084,182.34434042947532,-40.67853970614175
0,0,1023.3669324685401,202.22526199522775,-46.368991161487294
0,0,1068.8930870470201,205.52013435502923,-47.986556746582366
0,0,753.0807484214068,194.98058289887626,-46.2745748694223
0,0,298.3138402078888,145.65477456204556,-34.6703483794727
0,0,116.24604141158136,11.853120261108263,-1.129941456930851
0,0,220.99407751476295,115.87410360887618,-25.664402131583913
0,0,452.3784687295381,136.24461598357993,-25.51411069160828
0,0,359.13848168247955,116.14753921654159,-22.537861454061172
0,0,650.4251673179449,176.60191832322303,-35.98742091179648
0,0,1313.6312416709736,207.92920356631458,-44.9288025531015
0,0,1443.2034771977571,212.36367733602174,-46.504836277344744
0,0,962.4348024884052,201.25389199815987,-44.806645514284334
0,0,415.99897155849203,165.35592777402314,-37.55734110385072
0,0,128.014377704131,50.371182972869256,-13.312742171023174
0,0,219.75803905341508,125.08295050956438,-27.996379130751507
0,0,234.1293497347559,124.35275889105885,-27.426991056747575
0,0,200.00434518189041,17.68360178716297,-2.0790607243338
0,0,554.7173657061409,158.87681639792407,-31.940368281711976
0,0,793.518191738054,191.35776685626885,-42.22098334903194
0,0,857.0742111346882,198.0828648729228,-45.47415128856276
0,0,536.290240058174,181.39628978110994,-42.72717007600677
0,0,243.69709636671422,138.13198154906297,-32.959859218685494
0,0,84.96393325505686,16.615063024092848,-3.945912585671536
0,0,130.58664271077507,96.3024846861929,-22.044852902781557
0,0,114.4843612592852,81.49038815136957,-18.062866854698257
0,0,84.94347733771302,16.076091869851126,-3.5087501205678677
0,0,158.9851806934969,9.793303419221896,-1.0196019762301063
0,0,562.9611740800852,158.26486759460425,-31.752766858342618
0,0,610.3090785842087,181.50910344761942,-40.2477126992011
0,0,438.84847495680907,170.93381490908953,-39.58284890080384
0,0,227.2448027767327,132.20247040185802,-31.085076145752517
0,0,85.89117181814775,18.93332033827151,-4.7541088595734635
0,0,121.77087351134827,90.67951829004336,-20.657324157659033
0,0,120.48026326496677,87.67834699047943,-20.11658038615863
0,0,72.29196007296018,9.463125266315796,-0.7314733705826342
0,0,86.93349404589623,5.011827994344223,-0.36739324230359216
0,0,163.47408977046993,7.58403518177711,-1.00993234450506
0,0,393.53684394708193,144.56534945971958,-30.53381202629334
0,0,326.50822711527394,154.55306260707195,-35.52581488584032
0,0,189.23315125642213,123.12333106116654,-28.42515068045661
0,0,92.28167067992325,37.402719200195996,-9.581178448811428
0,0,130.9112507424407,99.0935291609931,-22.435838913434324
0,0,123.40381004864088,95.2139692550547,-21.786034377559673
0,0,67.99486277177894,8.532576763799371,-0.25849099648220886
0,0,74.95124066371689,4.48510581533235,-0.7307970247570665
0,0,94.49216805553725,4.200254646466774,-0.8419660858844793
0,0,159.70198233688026,7.156689616546137,-0.9850237958974901
0,0,324.1076127045957,134.41629240995113,-28.855512699642176
0,0,216.96190956591425,128.81641433490088,-29.610309357034104
0,0,88.74548929330494,27.1543780379331,-7.085034352340358
0,0,129.56659016971096,97.62593353099324,-22.12063533895673
0,0,121.53196608102337,93.05588265624439,-21.190163137322997
0,0,69.35181163179088,11.656440867266214,-1.6946690854804132
0,0,81.83161028422764,4.067144844031622,-0.03147657691771144
0,0,83.467505532757,4.021801615862746,-1.0803568535932442
0,0,103.68301341853035,4.77649524586007,-0.6934130660386586
0,0,199.52940968006874,37.02255244963781,-11.09365680125751
0,0,266.10793965002046,119.15214705170379,-26.82458356818092
0,0,87.17441362658329,14.157818240369922,-2.8904220853413563
0,0,137.68666546645497,100.89335692368418,-23.161764058396948
0,0,122.61034264244437,94.80945436099829,-21.54236494204035
0,0,64.14623127610582,9.11313559397988,-0.3798580845109143
0,0,61.13405918802933,8.464398352198057,-1.4717655803870002
0,0,61.35202891852932,7.768615407350788,-1.3718407686097862
0,0,89.42184388039415,46.95916517899748,-12.879299607960178
0,0,99.96214496881106,16.36479876307164,-4.239742575270554
1,240,711.9770169375104,4.479157757000372,30.395118707896827
0,0,118.65468175159153,18.90045846661309,-4.138021219894156
0,0,127.30046675563412,90.64364403502701,-20.126392684581262
0,0,101.32594080808356,71.76030687969813,-16.079947708949433
0,0,66.01618212197414,11.15610186005458,-1.1307393336469573
0,0,61.9952765471244,7.636783476346085,-0.8197470687239274
0,0,99.62001139089239,76.0034248174052,-17.738453352298947
0,0,98.31653471825139,68.21085654034613,-16.067895014979584
0,0,82.21019495786207,10.552091020790002,-1.551394733445136
1,240,458.9925600067693,2.3770802359130325,28.501815384036917
0,0,197.3864865484484,10.578976858117613,-0.5234230538931115
0,0,225.53797781092965,111.29192378495699,-24.855714450168094
0,0,88.25625902186808,30.66502656935889,-8.22709183439261
0,0,63.7791413656671,7.924900166236432,-0.38235210974272604
0,0,68.11426547467869,17.24332273718238,-4.4367917043909415
0,0,89.0594924423576,58.72647312472551,-14.10313152748607
0,0,110.43207180681483,84.37442845608841,-19.702128345729406
0,0,83.25505079465812,7.443751340545105,0.9663765775891022
1,240,406.0841828353372,2.135073406804673,30.707336849628717
0,0,111.35955409516086,8.5007382722272,-1.5430883612747692
0,0,352.47727774662775,107.66236462417986,-22.094886642018963
0,0,111.2829450126396,17.562032535471158,-4.144171739745502
0,0,72.85940347917885,10.351085274096564,-1.501588204133526
0,0,90.75835949517901,55.98548944370341,-13.362786478164082
0,0,113.82340103947386,91.05231742594182,-20.075814698312342
0,0,111.32326737229158,88.823493062863,-20.14525639237273
0,0,82.58114479617863,21.701370346936258,-6.290798278994487
1,240,421.0604762802168,2.3230795641706092,32.46636439130458
0,0,81.50366945139874,7.386766035830685,-0.20165152737494907
0,0,154.837520981889,95.15074710750424,-22.079748120219918
0,0,184.98788808217617,30.640761451405584,-7.56585811085607
0,0,107.56105631766624,10.263135953386316,-0.8687715731747261
0,0,113.5184837412115,76.22740607875102,-17.083798148706478
0,0,122.49762821398787,96.069811011275,-21.003079541226356
0,0,122.15347681767784,97.47627818137882,-22.221220644704232
0,0,92.0081882715442,40.20648463239987,-11.752951314497295
1,240,433.2605236839912,2.6405295400604425,32.97014692022756
0,0,82.61210923963925,14.182637463590382,-3.3369582808713716
0,0,142.62114965404965,98.2552021849438,-23.537944436211696
0,0,97.26891288321102,14.070221778225568,-2.994690305467188
0,0,299.21487547203805,99.48675980055353,-19.923288146741257
0,0,124.69917010348294,29.777629691361028,-7.435719662901917
0,0,127.00918673560098,91.1120525006058,-20.126847104432812
0,0,119.56783526214726,92.6045196960175,-21.01301337053951
0,0,80.03494138774651,19.7558598264647,-5.513576530323277
1,240,412.9319329478641,2.2795816238600715,32.77662747088441
0,0,78.88736952598374,14.816214421360842,-3.9786466668391114
0,0,118.39735322640172,87.368632829492,-21.037652437607193
0,0,76.2303504788735,8.838974415248037,-0.2986120422134917
0,0,171.40663265345998,99.61709546684659,-23.758047446871075
0,0,259.0848433864964,9.93809094503981,5.678948216089395
0,0,135.00467875076632,30.846639534153393,-7.979047286814094
0,0,114.10519277864428,72.19267503917075,-17.3401860561177
0,0,79.17746492791633,9.254030846154064,-0.7273096165939279
1,240,389.73522875353325,1.9797639724588998,30.611190063361562
0,0,74.64050229947722,7.899238955696332,-1.0826025330922278
0,0,127.4526079951307,93.6662359251793,-23.330385527036057
0,0,78.43948185945293,7.815874991439549,0.7673988060754766
0,0,119.5546400901948,82.34162379475018,-20.15117441834653
0,0,101.86316795069459,13.56627747697111,-2.372716343524658
1,240,708.8281319853903,4.4386507668228585,29.991023212921746
0,0,140.20622913769785,44.78634696067401,-12.06604130826996
0,0,98.39612518412618,29.066398580449917,-9.123556522484066
1,240,433.92540618000146,2.5422943019092448,33.586921473635954
0,0,83.71135548453489,10.982269832741235,-1.8272117314864147
0,0,133.2544140092572,96.46896895278117,-23.647132015428248
0,0,77.1849939630942,14.600390419803032,-2.7639454159584886
0,0,126.81493203922861,93.48497311159596,-22.714160504610938
0,0,92.70777044225076,16.36412733909971,-4.055617992160805
1,240,467.12899323575334,2.816118414977759,33.852905037447556
0,0,212.44521580985574,14.050567285369832,-2.1024052232197192
0,0,125.44012888727069,18.337375611185845,-5.570696048873941
1,240,444.36695886388407,2.3379251181951304,27.84523153805121
0,0,75.23182511267001,6.201262780231079,0.4693892106324711
0,0,123.48803696239244,90.90689276931184,-21.91671707254534
0,0,82.15166688845436,25.77831987610637,-6.660801717199078
0,0,132.46078789824338,99.73004630599549,-24.231019253067977
0,0,81.4029995849693,16.941490588252524,-4.785558940462778
1,240,441.1391296012168,2.3327066919616817,30.867704785615075
0,0,115.5909759421268,14.202733255266377,-4.3289515328737735
1,240,730.4219175250146,4.213552721652763,28.87052953801151
1,240,591.5306258149783,4.146947283146978,26.377022133469836
0,0,85.71719733021435,10.291843840444205,-0.8151817344012926
0,0,115.21400665681129,81.71290383135731,-19.491377929689335
0,0,72.58705467663765,11.178698345045385,-1.122665455354138
0,0,126.65405069872227,94.55543229161806,-23.39706371432476
0,0,77.21672359049536,9.496545755499248,-1.1973858172250829
1,240,390.4879883740929,2.0234850439213994,28.656540059541143
0,0,84.92235259292485,7.497151656377143,-1.6967668143300472
1,240,461.14246615035074,2.0944897082432687,27.468168740292157
0,0,192.58600590694488,9.284262973922425,-0.10651925984616639
0,0,110.34250560956704,14.577766861264973,-2.6739068779285873
0,0,120.76039993961393,84.49258463592291,-19.348584417264433
0,0,70.16534386131718,11.242671332306385,-1.084399076691426
0,0,109.6294221933318,84.98515714487858,-20.410093338651905
0,0,79.75878366959017,21.51498160840593,-6.566731523974525
1,240,423.59503755669425,2.1956224927894596,30.865073377637444
0,0,77.87000363075532,5.511812789312601,0.4573787882767135
1,240,408.96032222287283,1.760426839725381,27.638259147521197
0,0,92.26429817045833,7.865020699320425,-1.6623682883573565
0,0,296.8378173906701,101.65602957928341,-21.02112423649467
0,0,208.3576825518869,98.83571679499713,-22.361123835515144
0,0,89.92871305866781,11.846685781377266,-1.6003294107159718
0,0,147.09338338914804,100.33873184441947,-24.76727694952217
0,0,77.38991589040064,11.67651048784653,-2.6280527445351822
1,240,399.1513215965052,2.0639902291957632,27.63836482655644
0,0,87.28798392744736,7.978485935867169,-1.5940415081188206
1,240,374.5756539167916,2.0657181983493293,31.479153115647065
0,0,94.85858913853166,16.904053287107967,-6.009903403309622
0,0,158.9598219309044,96.26824928323707,-22.620967447378916
0,0,181.23447380885247,13.552951877012076,-0.4858171692006863
0,0,112.642274444911,19.084017117003672,-4.60100107330851
0,0,131.77730293043416,91.78598167810864,-21.62772718276061
0,0,82.92983061584003,17.23058553565036,-4.7243390753445595
1,240,404.46267304489004,2.2752130813975433,32.17410901933073
0,0,88.89089124609556,9.486320076700942,-2.5216181041867998
1,240,386.69439910987614,2.027945636444595,30.64501792254393
0,0,76.30612069307477,10.367120936135848,-2.4835155280287182
0,0,120.75918698136744,87.8324640606815,-20.876645143457594
0,0,87.00020674945314,18.480388917206966,-4.667314667925609
0,0,151.16891176129417,11.738089271078591,-2.2563425899113554
0,0,200.03465780199429,98.00435674510818,-22.957195865918777
0,0,83.00673443587914,10.185586484628384,-1.860151886772698
1,240,415.68056435075937,1.925409314086114,28.851295953596676
0,0,73.30872515709453,5.259371363866281,-0.11934341077331112
1,240,385.4884238753478,1.6538351256009574,26.169098631622603
0,0,76.29390609017204,11.630929463687593,-3.526324544129352
0,0,115.1490170341279,86.2012503502961,-21.200414003741898
0,0,99.05342385708128,37.2737552602972,-11.480854218496688
1,120,486.2715148558646,3.161061352492403,26.73936384161908
1,240,826.6073299484175,4.199300303926026,33.88671176082286
0,0,130.7090834773202,16.891579601435897,-4.88741239463323
1,240,434.72346468984125,2.3563103129103817,28.960578643944956
0,0,75.88427762066834,6.893206696077552,-0.8630543373678989
1,240,398.662828168863,1.7307848024807386,27.294136505048428
0,0,73.16609487057742,6.466568201655729,-0.5666087916465301
0,0,107.75782761899862,78.9934995724008,-19.9076740692836
0,0,80.70114453455787,13.167561736736774,-3.284583751003268
1,240,458.00664033748257,2.2159605927133894,26.92132200450628
1,240,563.6246509048566,2.73225877919331,33.24414095491083
0,0,489.82727361530243,115.35599533014936,-24.809696514270065
1,240,614.1876882862634,4.562620539704638,26.669140122697854
0,0,100.93457472862747,7.907964759976699,-0.14594810789658652
1,240,403.32707206077487,1.936551432459011,27.348867677402524
0,0,75.40371376586178,6.701640592860445,-0.47984630370926595
0,0,118.45191367537699,90.05197512350452,-22.414734810095624
0,0,86.75605072409904,29.17293298889932,-9.445766616998498
1,240,472.77865801038325,2.392880809316983,30.87352770045716
1,240,483.2774351169601,2.41312776163182,36.82584652119145
0,0,201.41860915306358,96.64289663996148,-24.609883878377985
0,0,194.71566585026247,20.180851346761827,-4.450852300030476
0,0,124.70024702902889,13.997591573003913,-3.461907888194915
1,240,440.36909382768846,2.3317990512899494,29.438924229084122
0,0,86.80626946271538,13.494738335703842,-3.573061097467047
0,0,138.31950092542948,100.34117207347875,-25.15852187381129
0,0,83.97757714752257,19.62822970999401,-6.399621265539437
1,240,454.5710891410894,2.2282395744581134,29.19224822501205
1,240,454.8664161339636,2.231603462704578,36.282043341620664
0,0,160.28872538248817,91.55151031965299,-24.145398098711368
0,0,102.10668915677951,24.676738751062793,-7.5455201805228995
0,0,174.9394018865064,11.618236482282759,-1.423544236604073
1,240,597.3288382985988,4.370741737016733,26.486949465933108
0,0,91.70724426174347,10.285278505234809,-0.7305011234583674
0,0,114.81510209853357,80.1094206529739,-19.83748733802473
0,0,74.24597912776275,11.266645860852483,-2.4317909242273856
1,240,435.73795122624153,1.958390083739563,27.245027457369446
1,240,441.4530930740651,2.032100072270913,34.64844624687872
0,0,152.64162444946638,89.99058675755482,-24.480939603522124
0,0,79.33931550141402,10.688345866964637,-1.9074749587560262
0,0,97.20869574110492,22.140010544856334,-7.217767220609801
0,0,299.39135522887307,100.9992397620963,-19.962526772528236
0,0,108.41168013020669,13.234394593039504,-2.3458368809097436
0,0,110.33387886914107,71.69129460284137,-17.31799345871596
0,0,82.3695572665457,21.372549481199222,-6.600945111635539
1,240,449.7024334444981,2.220712451482473,29.15674006916926
1,240,449.32018155597825,2.112597399099154,34.79321595726273
0,0,142.36872964213768,85.65335394997591,-23.175280407004955
0,0,76.05291282510551,11.999682909174547,-2.690974042120871
0,0,75.1742379361077,9.802770136245481,-2.7503022525081775
0,0,163.06761272519543,79.58991176940239,-20.93187829122911
1,240,829.1767155962335,6.47356310381491,33.58686863411833
0,0,220.7268866187839,102.82531081659346,-24.117340314853458
0,0,91.9345889125224,12.5607370534608,-3.2012928193738475
1,240,454.533272050339,2.0823603078471304,28.328628581075165
1,240,439.8091378880287,2.119852432924879,34.989113184898926
0,0,151.53690288837396,89.65446325367147,-24.391260374212052
0,0,78.96437537054825,15.026366514768677,-3.9401055226847603
0,0,79.34051145557295,15.358328814438899,-5.22789439434176
0,0,168.19034349822192,92.50023961160288,-25.547087834556912
1,240,624.5696586473092,4.120718881791881,34.73899204427781
1,240,894.9319303182783,5.2271989652112945,36.0829440392165
0,0,133.38686451535048,15.074082739354477,-4.295747179999367
1,240,486.7211936196192,2.278145823403968,27.657926015980536
1,240,452.9549753144303,2.1468921382460575,33.564464678646104
0,0,155.166992182599,93.9922736302585,-24.747393439040565
0,0,86.44501195431233,33.59097311542254,-9.770618687394077
0,0,88.36681393120348,41.19687830867244,-11.862101906051507
0,0,145.26154437154793,91.60326772239242,-24.91033465953518
1,240,545.3691985249723,3.35519177186037,34.035624089388534
1,240,592.5117389955126,2.667116665916671,35.70627225388786
0,0,252.887692336423,8.351652369556726,5.419157443743231
1,240,737.6653414191813,4.934111572044884,28.135056292214387
1,240,538.3723112284191,3.0760504141109246,34.92732265299037
0,0,193.3410327391802,99.72294942680831,-26.210762743807656
0,0,90.40256596691437,31.430587069998683,-9.452899951877626
0,0,81.27503248996466,21.102351869785547,-6.652601024063969
0,0,153.5583034741778,95.87439775699292,-26.523139404092404
1,240,520.7578449334834,3.393853925405333,33.896096059152754
1,240,498.80366342589286,2.564854237611255,37.55515867923371
0,0,118.47892750249272,25.95073685934984,-7.994434154345967
0,0,175.1256419896052,19.23913951826049,-5.243867780519253
1,240,600.9026894072085,4.894507033442545,28.319529616140457
0,0,152.54269466799803,78.35335818187251,-19.580269850186824
0,0,87.96377171161764,29.10820013741202,-8.211884621220662
0,0,87.40419552991358,28.048624523386536,-8.820067469063531
0,0,152.45160943892753,93.8334060549647,-25.794017468313584
1,240,497.541053243706,3.3783143861195017,35.07273700548939
1,240,477.81068898032413,2.300081488228851,35.03835961532374
0,0,78.39947124140633,8.2483288838118,-0.7266227028648302
0,0,94.66687938726524,6.556243009777711,-0.8922323189994188
1,240,658.1736806292199,3.688071864782544,27.32092614048338
0,0,223.47812531510627,107.34199431499275,-23.832176006144643
0,0,95.29425086610136,33.63171338933224,-9.021692500410083
0,0,87.12894469642751,35.00546488493282,-10.02728136029694
0,0,133.40172608788458,88.22320393389444,-23.980760729701046
1,240,509.7335281604837,3.0980248843535403,32.98726692393747
1,240,468.84880932445805,2.315562142549402,34.17509928010669
0,0,93.51987999645057,26.825161898406133,-8.680476031406599
0,0,103.63603679261024,4.990065825834668,1.8626774631759275
1,240,463.43452646599735,2.103224537039387,28.229839818926862
0,0,193.6057750465495,21.94414606478667,-6.870157169973908
0,0,136.15305547267397,38.28276470766248,-10.270602054999955
0,0,86.8773352126896,20.021669718319874,-5.850724356469783
0,0,140.60248105831502,87.67377697570274,-24.224794757891964
1,240,510.47662945930495,3.08337922335292,33.046891035623474
1,240,458.65179809191443,2.214127036725528,32.52696075011485
0,0,74.277771103485,11.678865886457736,-2.478765255394393
0,0,67.78608091659466,5.678302470610323,-0.8168408952546571
1,240,392.0280599211496,1.8001358370975469,29.429444819622532
0,0,109.24787314043142,30.349746087055777,-10.43840979506767
0,0,157.50295705234518,14.329505140289076,-3.425723386526556
0,0,180.39180790929368,64.39377516186023,-16.748351755027443
0,0,217.1379132082974,111.9569150820593,-29.43707499850649
1,240,543.1603902220567,3.714418712906882,31.97825406330864
1,240,488.912090950297,2.4095224675889964,35.34831622570134
0,0,87.43793163964772,19.12625907033446,-5.7127445241003585
0,0,72.08586486361156,7.845466378589535,-1.5751883682308687
1,240,396.31812319810706,1.9235258976487237,29.20044891814716
0,0,99.27669886290236,32.86296903953523,-10.54580611463679
0,0,157.89534337705533,98.81259237583485,-21.893219339058305
0,0,332.04571025619117,118.13078123737121,-22.109422793317094
0,0,325.49058915464445,110.56363092456563,-28.763392284617915
1,240,574.9447481130657,3.988534543447072,29.80452085151896
1,120,387.40000072758164,2.5852451309523325,27.3567513334319
0,0,88.28500726591571,29.84821945357121,-9.048741049481393
0,0,69.7940312691325,9.422691825941659,-2.090939047895489
1,240,375.15134430548056,1.9887557743410489,27.936591064021698
0,0,89.40172237677248,23.177633121864112,-7.9450978967411885
0,0,140.28985524035534,99.22358326239471,-23.895430192691357
0,0,178.53110728706213,90.79186268173375,-21.31741126366316
1,240,856.2067759475725,7.404955849779911,34.95875159807264
1,240,603.0264319280526,4.145124330965125,25.509439525711215
0,0,143.57443281126493,3.580531899665505,6.349291472464174
0,0,68.2304940812325,8.610681240276035,-1.7903033284266172
0,0,69.25707052389336,7.931053081075975,-2.15591580271672
1,240,392.0577150498675,1.9229580299950448,28.797124880129388
0,0,102.47811510954797,32.11119799896411,-10.969668873154703
0,0,203.12264544850555,127.43531688347836,-31.73005114971641
0,0,190.69868821964084,103.88304903921188,-25.01925275721186
1,240,679.628576781592,6.735506441896247,35.51859685519382
0,0,851.5940884491657,149.23343545398282,-29.013878017910628
0,0,109.34598672569652,17.787896310802786,-4.330811483894109
0,0,70.60859507997122,10.05396572729227,-1.917287257178657
0,0,68.2552633687893,7.321515177139236,-1.6736178216593345
1,240,385.07724236584625,1.8495433687416707,29.110695713512428
0,0,88.90274876315938,19.040490072629833,-7.049922492879745
0,0,183.25936590063685,122.20049130000527,-30.96058624223229
0,0,189.54182079000776,112.63667048693145,-28.535838901973662
1,240,554.1756381483536,4.883117192112262,36.27243711731677
0,0,301.2282728006267,128.98145467896887,-31.409917648244573
0,0,215.8079668393428,26.572100037501883,-6.92081441551926
0,0,116.78306450514158,19.208808120818862,-5.230071382467827
0,0,86.21742924630746,14.311514768137963,-4.390144978233195
1,240,414.124803698907,2.2137031100980895,30.273186237029563
0,0,94.04369658199995,22.059345813260897,-7.439539960026067
0,0,176.26683165050096,119.32671006479302,-30.04596061193375
0,0,159.0194495979748,99.46923780076993,-25.127024237356103
1,240,525.9074988451586,4.4323304472161205,37.319896010968236
0,0,272.315519873802,129.23767873019253,-32.60600882101831
0,0,135.42385218142462,30.61020083126386,-10.023968322541961
0,0,497.53679088575575,136.00378414642245,-26.674783535719186
0,0,131.8409095539954,16.51730766456675,-4.596007738893121
1,240,447.7087835296046,2.4912132866254058,28.582754957132124
0,0,95.8024917074388,19.216729840745746,-6.21863006582474
0,0,202.75549318974575,126.99041547652972,-31.883866985517507
0,0,222.7479471228364,122.97791362414915,-31.26018102320399
1,240,530.1286388871753,4.740612417553752,37.42702284899748
0,0,206.68230381202554,114.90117417548639,-29.43231415796864
0,0,102.90285454487008,19.213683164227955,-6.551418631767319
0,0,285.8242698731299,118.23009422831606,-29.32345418376135
1,240,930.205028191592,8.835379048172541,32.531748010411505
1,240,591.9951321430918,4.788039857635495,25.42064800029722
0,0,120.32398436416206,24.635632081813576,-6.810511922480856
0,0,197.64118510809442,123.97631385079669,-30.44519487128749
0,0,185.56478009305326,110.1089902602177,-27.348545508884193
1,240,501.04194548059235,4.602272005788887,38.787672131505104
0,0,208.87800763145572,115.54302661420121,-30.180616838644674
0,0,95.11210308007713,14.574327618311981,-4.800977511705227
0,0,240.6186310092408,120.9991044454568,-32.964778577776215
1,240,604.1052165875752,4.633884433241477,33.2784866413659
0,0,220.60747257982578,14.20416183610988,0.10136197038697503
0,0,191.8005530940219,53.321928888218714,-13.775484246608215
0,0,315.1058981395879,150.1334179216481,-35.83492606393596
0,0,250.3483018990763,129.3489618388305,-32.09098732669687
1,240,549.8471229613766,5.286645706597005,37.01338453713966
0,0,250.1935420300943,128.27894305517708,-33.64333309518965
0,0,90.43727130963985,12.608724915970726,-3.8595675299234955
0,0,192.12251982408537,111.55188759550818,-31.0483949526185
1,240,531.0583317069052,3.783552820726308,34.044025572690614
0,0,107.48344966200767,10.618954560446287,-0.7545431039769142
0,0,318.6182171233197,108.78710807135187,-21.980235456680163
0,0,293.9897687557962,124.50683986319792,-28.0631418612684
0,0,263.23461160496265,127.52650059063404,-31.32330311095665
1,240,564.2616013530225,5.420820401890863,34.76796923574237
0,0,293.29672749077395,133.6556484654929,-35.210500348375724
0,0,119.32740879999965,10.633373029262856,-1.3344145382772865
0,0,237.43462694826442,120.99049144762333,-33.48462432005664
1,240,502.42299480071676,4.058683458062782,34.12922401090624
0,0,97.58992738437071,18.14193347845336,-4.791387139256614
0,0,171.7548423586695,96.12322170530015,-21.66185094324166
0,0,410.3585570074989,126.15992899976555,-23.452508220166763
0,0,328.64301095697857,116.58346664502669,-28.217982783711385
1,240,562.1444337460379,5.173513925907288,33.54175425397166
0,0,211.83417959114288,112.17060117583551,-28.854329094447415
0,0,92.33200277912337,15.266101873262322,-4.8703875020550385
0,0,210.8541320000962,118.22449902854997,-32.732971613963294
1,240,509.3331385785584,3.797321298795858,33.98412669551297
0,0,93.42991136913035,18.29882107499122,-4.432744197341009
0,0,167.68031155966068,109.33658556683177,-25.035448069363362
0,0,242.01797672758798,127.21513313836088,-27.28229003773648
0,0,423.1636325190456,130.19673206816242,-23.950742599739314
1,240,688.8030302041699,6.448409071060059,27.05432963826736
0,0,305.89603087063585,120.6188618889663,-29.712273774191566
0,0,118.54544749305721,26.097789538621445,-8.837076509786442
0,0,229.70268695433865,116.38142578637652,-31.34235175705981
1,240,502.9810916268024,4.002368223642929,32.664702804654965
0,0,102.01979826930902,13.841549573591992,-1.9912467299958223
0,0,167.54243108160412,109.71881351678766,-25.561618701903285
0,0,209.67493253545766,126.20871914172581,-28.20637394168957
0,0,259.5355197233883,132.76365088936478,-28.509234204850387
0,0,428.25479236948826,131.45817166032933,-24.153033409007918
0,0,327.6083008924312,130.9792369995777,-29.644422549611633
0,0,102.72082011942965,19.314645836652225,-6.301535268975513
0,0,194.76837852172204,110.95060937961323,-29.8821686752054
1,240,485.4650223185913,3.7023484230889174,34.454165908481784
0,0,82.21313666501126,8.545224622625447,0.35229683957948055
0,0,132.79621052960204,93.05833732452886,-21.59094031059135
0,0,178.18634374359968,117.6081173830929,-26.27853470911115
0,0,222.3995220325177,130.71647197933717,-29.162277803155348
0,0,253.9399052751066,131.77843367532742,-28.208159917385238
0,0,397.584360918975,124.75838560545589,-22.744358288932588
0,0,125.25011387673185,12.410464426968971,-2.811574957144032
0,0,187.25882932106384,100.51815365678945,-26.914976130978907
1,240,498.05965524240133,3.6141583734209917,35.215667900660094
0,0,87.07801745416252,16.428385501058465,-3.587628952475768
0,0,151.02514786893923,105.33762048807883,-24.385220817347722
0,0,184.44701072876728,122.66310963627774,-27.944031020642214
0,0,173.47705035569203,117.87191480793543,-26.369513790554755
0,0,166.47944888746102,112.63836709589278,-24.564743078472496
0,0,199.43037787407496,116.28154966564877,-24.486614567714852
0,0,394.05458440534045,129.0135675158199,-23.776229524885217
0,0,417.36990911454296,130.49135001920033,-32.58550180422875
1,240,561.2508349361848,4.5520505756304015,29.459267443369058
0,0,82.92877069438164,8.677758660955638,0.29332793791201084
0,0,142.00789156789463,101.24804927117833,-23.48562802981298
0,0,164.41418909179114,115.88925035611392,-26.355934034525596
0,0,144.37045083059658,106.99315707331833,-23.954642156139904
0,0,106.51255027007235,70.75081732809487,-15.71812382807289
0,0,122.2323531118748,85.47768633615865,-18.40420485459228
0,0,168.61129669004563,105.62806550303313,-22.24942109525972
0,0,290.5925561088388,102.20950674014449,-18.78071283741629
1,240,600.6327551851019,4.6731216740527195,26.468455634764993
0,0,102.32732286099842,17.245882089849573,-3.765317682339017
0,0,127.73263130919408,84.57409406219271,-19.352087677282853
0,0,161.00058450441853,114.14832019302507,-25.80211776636522
0,0,142.7356665157883,106.99687517380805,-23.852730578500065
0,0,125.9240765555032,97.40008960959625,-21.62779059018176
0,0,102.67412689496899,75.14691885682558,-17.242834528848746
0,0,73.34382159383408,7.507782535932704,-0.024855785359534366
1,0,279.1583501369926,2.660698430314027,12.214932348489398
1,240,728.7523881912764,3.2159577074231875,27.522741394093387
0,0,136.1667947754286,21.068481057266084,-4.855904190274529
0,0,175.7172822124326,108.09292788050212,-23.706127336854536
0,0,213.83120765143315,130.7856503072838,-29.575926682916695
0,0,198.70908715157375,128.4838067823544,-29.7691872186235
0,0,155.76536602410314,109.91410403765552,-26.34229615502705
0,0,97.1687021271459,12.886596975579687,-2.6206076565020737
1,240,463.94274463521805,2.1447876211727497,30.05874233870763
1,240,527.5138183173787,1.9654571820247577,33.11972502671527
1,240,581.201753551377,2.756266698447689,31.273691935321068
0,0,568.4973875824641,125.0551261225986,-26.67818640065412
0,0,339.1813962515296,131.74227785541962,-27.54660387279118
0,0,301.4777341013019,147.6045753373055,-33.073126008662555
0,0,275.47848421042806,146.97843277561134,-34.361036411210094
0,0,218.61157812537337,127.24528224058433,-31.65684728200125
0,0,177.0792982905397,7.077944850676886,6.453290211050131
1,240,483.33003442783587,2.127568619505518,31.689940519349477
1,240,515.5223543877669,1.873825182049115,32.5427703337877
1,240,504.3478575133701,2.319782908566495,33.40860923746476
0,0,254.272323850995,105.2559522303318,-25.82629184567783
0,0,424.47367276948773,126.60809367161002,-24.756011564364904
0,0,272.09070316404143,119.81521071224151,-25.613966812012578
0,0,196.22873490626182,123.82773422345988,-27.98394070830301
0,0,139.98954038179463,99.60181154696943,-23.491065216176402
0,0,96.64548635269058,6.615957328055462,2.1516990566712195
1,240,436.52208905639264,1.8782793446048378,30.60468023479038
1,360,470.8795508223657,1.7927709297925443,33.579037817606576
1,240,465.13851741720583,2.2061132667379746,33.87453753596249
0,0,230.04680434247354,117.43043549735985,-30.06879785145049
0,0,238.9291502127567,127.32591087411676,-29.86385978234896
0,0,191.52515489177688,19.07585173515149,-3.6779739597078844
0,0,231.0673443340479,110.53325801435153,-24.181820378209025
0,0,147.36803341154007,98.70810292265479,-22.879865231877247
0,0,90.0505133379146,16.742516260054803,-4.815592922279805
1,240,453.8523830398984,2.172187630285317,29.485211646522046
1,240,482.71575609642684,1.843913198977048,33.7511361265053
1,240,451.19988141205204,2.058171898277717,33.287004371606756
0,0,162.8377628055149,97.6314132169577,-25.219741738929514
0,0,159.68347055354832,109.07663619550578,-26.37342391485887
0,0,87.88633509683476,10.617138827877035,-1.2784839088731417
0,0,155.47385928290242,8.465747517302942,-0.6697938016610863
0,0,305.61145046110437,110.14116807358214,-28.27122916562027
1,120,516.3481635685171,4.207369574685453,25.50174609194528
1,240,548.6117646635315,2.2198009753915464,34.32608291776319
1,240,526.6105158415538,1.9053791757622125,34.11310795803118
1,240,455.74881491813875,2.115051390544948,33.21559704749079
0,0,149.46221149213326,91.59577376451217,-23.656976017561448
0,0,118.4329031054764,86.57837403414281,-20.71282150301866
0,0,72.22076962634378,7.109975113208782,0.5372192994053506
0,0,74.98185368936778,6.765968243590489,-1.2398159498765011
0,0,143.34819909420708,9.73116782336795,-2.465333450014583
1,240,674.5469845644207,4.153000025861676,24.986867264321432
1,240,587.3113448865356,2.191748945015915,32.235286612834855
1,240,538.4956475435762,1.8876031358602043,33.71699123021719
1,240,473.52742733839375,2.1249224058742118,34.4606017617283
0,0,166.65655212750684,97.62752184576554,-25.516942889752883
0,0,125.93756646497351,93.07302201656012,-22.513195967234665
0,0,71.12885214318979,7.365453739431353,0.21351384654218464
0,0,77.03988107979222,4.520316317215163,-0.42473997078003833
0,0,86.14358049400133,17.039931810975755,-5.594093387277482
0,0,150.5578301983478,11.245168415814895,-2.208459419041219
1,240,701.2856628712012,4.286672506853949,26.1078893344079
1,240,586.7907930857992,2.37922039982356,33.85706879143626
1,240,488.89268361835315,2.3371259973253133,34.32213052184497
0,0,171.62829793899135,96.54643539599418,-24.912485227902444
0,0,123.11954704874397,89.80868139844996,-21.232344924241588
0,0,76.41153469993557,21.80667922614657,-5.458824222162136
0,0,75.26003489394468,21.840080763846945,-6.110536264622979
0,0,66.16549501490532,7.037039428128932,-0.5038248768066609
0,0,83.90076968397968,17.489215522773442,-5.514802407132137
0,0,153.22574886558888,9.196476996947284,-0.887629997014443
1,240,717.2620233862237,4.730592046488797,27.252900545495294
1,240,525.7721463081205,2.8691464695350377,34.89772195521786
0,0,171.6157715944832,95.85865178190927,-24.385120422264237
0,0,142.12237442145818,103.25468283683648,-25.03472945192369
0,0,67.57325775659847,8.798126749600895,-0.5909572413672919
0,0,60.65136982227681,5.862407104203884,-0.9537745051751472
0,0,61.369095354418015,5.390503443674437,-1.32215048623695
0,0,68.50351171121801,5.348431602465569,-1.4962566968053466
0,0,92.85990601371816,6.59095490716524,-1.8366858569962403
0,0,310.3269786811201,105.91906642815773,-21.760037334889063
1,240,636.1515281155924,5.336254372135946,29.707972484917875
0,0,187.05156082967306,99.89204719315829,-24.309570479966602
0,0,131.50829826511458,93.20898176106967,-22.44461027335977
0,0,85.88304953231962,5.718344247000834,2.365730806755707
0,0,63.10941837272926,9.489120383938708,-1.8971871046747992
0,0,61.53736213695788,5.595780944898964,-0.9973512553589785
0,0,67.39396665728559,4.976455953629454,-1.2673030669440806
0,0,68.5871491499339,7.349953231176149,-1.8050825415058256
0,0,171.54587345852195,104.95763783764198,-24.135966244815627
0,0,204.8674915541098,38.31500388773403,-9.147260330089821
0,0,185.83646006815013,97.11119681135125,-21.33635951468284
0,0,101.71346396374936,60.618278751958414,-14.327165798256615
0,0,62.73824181324512,7.783685446204634,-0.04143154203792676
0,0,60.19665784860219,6.62805108161438,-1.2008151019188205
0,0,63.5832259367423,4.7173833140087496,-1.394371538924318
0,0,99.30278313323109,2.997768605899738,-0.06185401559928039
0,0,69.81591552983201,12.12412737158487,-3.4848613746504356
0,0,124.67745021562992,90.97102458805007,-21.24923243407396
0,0,93.88162495536388,16.086648748377524,-3.7110779174988124
0,0,299.3508174841119,102.821895939833,-20.389417235405958
0,0,100.81168051974717,14.391419635507102,-2.943330294337443
0,0,73.0186467592495,16.727252194112296,-4.121033314978305
0,0,64.98462348165597,11.791393475817873,-2.532222995373772
0,0,63.38566677935263,5.139298828111894,-0.9353916369940407
0,0,178.11349823246005,2.2577820036101457,6.97361150898918
0,0,74.92138715397736,15.14310855298488,-4.514122338432472
0,0,132.01064435609527,96.51025069763597,-22.699973094129106
0,0,93.50508077223756,29.568704932095432,-7.91000188913587
0,0,200.44880935879095,112.870672570568,-24.644816083478673
0,0,366.7627291218105,115.65007902985477,-21.073150025546454
0,0,97.45403071653038,11.262279800131786,-1.8596974669211477
0,0,66.97673736063918,9.87122650293195,-1.9406053363057651
0,0,69.83918278965369,4.363937252139913,-0.8757516734527542
0,0,105.99677094991326,2.9281787600348492,0.47288718669912555
0,0,66.68586543870767,10.031528976230273,-2.490236714670388
0,0,128.49394965382945,96.79561310531888,-22.863141524549512
0,0,87.35705453114699,35.41773725272944,-9.02269116729316
0,0,142.1986887664616,100.20564550572527,-22.229125436540656
0,0,182.65050620513267,108.38474462185067,-23.413406977125604
0,0,205.6472083214933,20.39888725713039,-3.048655304815739
0,0,99.44205794646818,10.503069851226499,-1.885948139276337
0,0,83.44505446913857,4.3380238063845535,-0.41625394424976037
0,0,111.59296353717224,2.8722439089539322,1.041768001333864
0,0,66.3868768989772,7.743321494601785,-1.5433155712005515
0,0,106.00401469121707,77.39128704583523,-18.60992494855462
0,0,71.23770664376843,12.431219008294844,-1.7255484995794035
0,0,149.84707067408013,107.87437576783255,-25.191816053865658
0,0,157.1517999719573,110.26071763864871,-25.169829530582646
0,0,92.4837529246059,19.590848360847115,-4.86142591986615
0,0,158.34891040883375,17.76455891306876,-4.880765183316242
0,0,103.42799744924973,11.726625428719144,-2.2207446068886156
0,0,68.03792845755851,6.294193633636292,-0.679606100083717
0,0,64.97855302239434,7.826412016031291,-1.236476492362712
0,0,109.45746552378976,83.35096895410143,-19.629880873283227
0,0,71.49192342093338,13.672943643350486,-2.0743315875065207
0,0,131.4680212496961,100.13171667268693,-23.286327937241843
0,0,119.30152857872174,92.97818518542813,-20.782347740307245
0,0,78.12653296382946,23.98097205034388,-6.128924416755851
0,0,78.12517263682405,6.867944369133681,-0.3510235597439362
0,0,145.60280507297148,8.845225697309274,-1.769986533900493
0,0,109.36365964070845,15.921824992687574,-3.614064563142648
0,0,72.74590686269426,9.249897617939764,-1.2242758477435274
0,0,128.0259631557937,94.98219803171197,-21.968985923378185
0,0,84.78981706639372,37.12699858514225,-9.051124111726196
0,0,122.38580933414327,94.1460152806053,-20.97097953427027
0,0,124.82445622068109,94.66600065860848,-21.38672614288126
0,0,74.53356926079373,19.224476485067047,-4.361273465803876
0,0,69.75025707970428,9.994860563827764,-1.7230914620099185
0,0,76.05674441283742,9.591174120317365,-2.320912480446893
0,0,143.33444845539407,10.788692164963063,-2.7450817081670067
0,0,112.0356819610825,14.436099110542438,-2.6383036109540825
0,0,126.42324855013793,86.26586588307863,-19.758117098602938
0,0,76.78368616044025,17.421901659781142,-3.4339293636134443
0,0,120.65139240224718,92.79409950331764,-20.997182651059603
0,0,118.09541731149287,93.98809347456229,-20.801417522217463
0,0,82.26145094582003,43.82117139121812,-10.725111733739311
0,0,67.76847601793298,15.286847430072443,-3.25086685480791
0,0,66.24449600574442,10.926908940862129,-2.2460230321195525
0,0,80.47462174801137,14.476157131061301,-4.308037651798529
0,0,148.2696921589001,10.11616990946593,-1.8485007731367915
0,0,249.02601870558553,112.4099385531845,-24.571120808249617
0,0,110.15359019669091,41.2394812426333,-10.552950017419448
0,0,154.80888609842515,107.30180273164076,-24.143152419212385
0,0,129.23624609250584,96.85305234317562,-21.561498131371707
0,0,85.72895849078195,40.47622018860705,-10.360334123827641
0,0,64.32929161482951,8.110523625831012,-0.34894696670134806
0,0,63.94972070411616,8.258758516666095,-1.5226077642440288
0,0,73.7293439351961,14.519186924617218,-4.005991117209106
0,0,125.65788323266148,65.83136608188869,-15.848679708216267
0,0,315.9306190587337,108.6680494399422,-20.296477807858537
0,0,133.95910874229241,20.982789670396922,-4.847914855209908
0,0,151.50065017367982,101.51334115582935,-22.66814785266466
0,0,124.35047294776318,93.91581071319708,-20.600500540407054
0,0,84.9144513602351,44.402447670400896,-10.860518281600491
0,0,63.427729223965706,10.503934399835517,-1.1682553911594198
0,0,62.915481085991495,10.394032042107563,-1.9716432689576209
0,0,72.7217893984942,21.620007117821636,-6.030463259616809
0,0,92.87613358128685,49.827358434056244,-12.452086824024946
0,0,128.49358689996134,75.39958363903676,-16.57100648202875
0,0,264.0173891081084,90.46308874347861,-17.02440653089802
0,0,242.95052623402916,114.85327204587611,-24.82088264015089
0,0,132.39771406942594,92.69616545837967,-20.288768522237305
0,0,88.25040961574481,47.504014902799895,-11.42817321942637
0,0,64.68466004090497,9.836727584116163,-0.7207575164086535
0,0,70.73952655424182,20.86562438239196,-5.664169155549359
0,0,81.6152446059882,38.15414369936225,-9.907140149077108
0,0,116.83097068784872,88.5289112098881,-19.972967861210577
0,0,111.68493297879624,67.72190105730375,-16.294624101148912
0,0,111.00380591112973,10.29539859719882,0.05805998569476856
1,240,709.5381319937466,4.314208560541474,30.37590625928904
0,0,140.60105271495934,52.992162253230894,-12.938051867605395
0,0,95.19670408375518,47.509209414066596,-11.952103456419081
0,0,65.46485292274038,6.878910058223631,0.3491106166668061
0,0,64.55399496400628,10.744842042925313,-2.2823871881478226
0,0,71.99485898694972,21.346351311971894,-5.904699923721864
0,0,95.58435193606314,66.5350833809849,-15.88299369096076
0,0,107.68723798347628,68.32948199499972,-17.373939939975386
0,0,183.13415913584734,5.064408884146003,8.995166910024082
1,240,552.251364910736,2.3861929663062553,31.6057883035828
1,240,825.0961880223425,3.9445486024472585,31.181201643673447
0,0,114.36714641565248,23.824467093273892,-6.099302583176296
0,0,74.14819428819062,13.624189599453235,-2.7269630375740235
0,0,73.00265158087757,19.93425645384528,-5.098691205849548
0,0,87.42909518214175,51.35328492406912,-12.560254600551374
0,0,112.32509153148321,88.31495799044562,-20.014600117145875
0,0,111.26450124565793,79.38313484488572,-19.565559328480518
0,0,197.4813013407254,4.379504541811681,11.710325523091498
1,240,490.08219889611604,2.053914357358935,32.374212272569736
1,240,504.32373438114087,2.5561392627497908,28.615135013531614
0,0,341.55811425114615,83.20573200739908,-18.63024702703251
0,0,103.72972931510776,15.815191314564904,-3.6021281161115724
0,0,68.06595119386992,8.065430827974247,-0.8344892941407949
0,0,89.32673435059932,51.909563294619545,-13.059027943203674
0,0,112.71952968275984,88.73225159880651,-20.40902069644416
0,0,106.76754356723622,66.33569933977205,-17.74559197112984
1,120,361.1889479219656,3.170019086827589,24.52869580701079
1,240,456.0007021353069,2.1257461185494524,34.81527117191864
0,0,97.9279573091564,5.40719744413781,2.1559896255022295
0,0,159.47926279791972,93.75933282967435,-21.95622517987219
0,0,198.2836448806322,32.53032899873205,-7.764693215672111
0,0,130.18148064827244,33.10546860720363,-8.444288671582726
0,0,131.8303556836451,90.56902211917894,-20.038319776606926
0,0,150.60222220295765,110.87574921654932,-25.69756421284422
0,0,135.89814152791874,94.21852906957375,-24.068268254836802
1,120,385.4667493317283,3.621232691318788,24.622253456914407
1,240,483.4237609585085,2.175445931697486,33.37024774767032
0,0,96.75597891370491,6.564716127617029,1.8594225488903362
0,0,139.90755800760198,95.26862172244729,-23.003536122874316
0,0,98.67629586694848,26.009331235222795,-7.1981267719092585
0,0,169.11886870393877,15.20573327759257,-3.3099995589800244
0,0,193.47885653694487,83.92924548424831,-18.84274643110591
0,0,161.79465272170913,108.58770237130122,-24.75153077327046
0,0,147.6067708009893,98.00507148675572,-24.805279130596766
1,0,294.38911542035066,4.008110071789979,18.51840146754033
1,240,469.7030946838547,2.042325976682114,31.75513391619296
0,0,121.42836584350312,3.5572743688958846,6.372054736656253
0,0,114.22374527716565,81.69321594779329,-20.161879704616993
0,0,69.8006458591963,11.568389569527971,-1.8381389437308826
0,0,77.01072473764297,5.69136726206413,-0.571808200180655
0,0,140.81104186036094,11.828930949087274,-3.6913000860524505
0,0,161.15933466594973,72.22931457312285,-16.869333114577486
0,0,124.62850111555196,77.53443030488317,-19.10394801857261
0,0,145.5957087004266,4.9999052553588,6.7386130383118115
1,240,433.0068226974825,1.9372009719802432,27.654628830080853
0,0,166.83995821601107,3.409985472924478,9.396937466223733
0,0,137.08680660130324,89.3548421111008,-23.550652340200074
0,0,79.43222583588344,11.414221962037688,-2.715222096758154
1,0,270.9745095118701,2.574116774965957,13.524982508921056
1,240,536.1146671860093,1.9496006566231467,27.172351984830513
1,240,803.6581599248376,3.434755512534092,29.84046229140624
0,0,212.14063859334473,82.19218503351381,-22.18157515463156
1,120,425.94182836219187,3.6886313847591525,23.13675496216672
1,240,481.0534364958174,2.0824618336493375,31.16156647892467
0,0,96.88642293746523,4.457929388597533,3.3881860406678754
0,0,115.80021690767542,84.54333851251076,-21.013652728702752
0,0,83.49090882527922,32.582710897961505,-9.892958022547035
1,0,242.1874734724619,3.025813642275662,14.01348384934741
1,240,458.00523466624367,1.876927246532332,26.32895930823979
1,240,574.9364501183326,1.9374144017777721,30.539560813271578
1,240,815.0554330184868,3.440105245471729,29.8724407674718
1,240,629.3711141898333,4.057859519774647,24.31132459941253
1,240,506.2727655702569,2.2588200485344907,30.19836548007514
0,0,91.73869615571436,9.597249424321443,-0.7001395366320935
0,0,119.21729032891182,87.01157966867719,-21.556140204284716
0,0,72.57029998235437,12.025537244351733,-2.783570012803736
1,120,279.90489759756093,2.3786162084939804,15.253828118130556
1,240,457.1123613641269,1.6698099849653631,26.93113958688066
1,240,482.2466700007284,1.7262159157685217,28.167510323938544
0,0,210.53230130273326,3.8874888454778858,7.9295417902137615
0,0,397.5888499980928,113.36113695264407,-23.459784221743476
1,240,618.2006529522191,4.991289550170604,28.438270580143282
0,0,131.36681292049371,51.28853221864717,-13.596775714054843
0,0,125.88001329658634,90.46215019384043,-21.59761394166715
0,0,80.8497489238404,18.220130907442268,-5.587747361210944
1,120,415.27033507016165,2.244143478567421,25.613977227376935
1,240,490.5526453188199,1.799550597251046,30.304657453725937
1,240,464.6508855300003,2.0398968026546367,32.75530144157169
0,0,148.86859879514805,65.80603968088299,-18.165475913970724
0,0,200.00389173955529,113.48884467995023,-25.597253672588366
0,0,216.13934249786035,49.370403883869564,-11.408115338536618
0,0,201.80745862755967,100.61150324772554,-22.03537877727173
0,0,139.53443164607677,100.21190490985069,-22.813974353401136
0,0,79.2713501634063,20.26212433071893,-6.102272164066719
1,120,300.76045634346667,2.516706866785416,17.72957087684732
1,240,473.53649618509644,1.7155801855357444,29.19422442297116
1,240,446.5922271235652,1.8996860600002214,34.21733919049467
0,0,115.49587774839036,46.9535916380692,-14.057710678137184
0,0,148.0017644191265,103.48891594807628,-24.15226723600238
0,0,112.88302965275159,48.450946511212045,-12.21398138971135
0,0,191.6264085652128,40.08951968864459,-9.90121155519978
0,0,181.93122196496444,89.38748919928432,-20.903920902454672
0,0,83.6877311388743,14.570519272664743,-4.167336584271496
1,120,341.36141096616404,2.3349923761887057,19.318000751924956
1,240,473.00420022788,1.6782788161596984,28.499110000734618
1,240,450.33335310960666,1.7762470414510914,30.948559815482085
0,0,107.47911928770712,20.349476228486413,-6.764811023688566
0,0,151.07614879558366,102.52419521421429,-25.428843562019743
0,0,82.77721892992074,15.56562374615973,-3.346590924934077
0,0,119.59057539525433,65.3861542315982,-15.811665626121226
0,0,166.745619538186,10.314712865810714,1.016827749015718
0,0,154.22601998478265,30.446416699788514,-10.174650774948006
1,120,461.85024429126486,2.755395155838964,24.980019262837473
1,240,512.6448546732258,1.9013639430913654,31.547231550152773
1,240,462.473092682808,1.9973942664315172,32.94755274249188
0,0,119.45890707718915,42.663853051988596,-13.10354523680121
0,0,160.16873320455275,107.19638194843513,-25.99743375930756
0,0,87.27345676863543,27.480451841075304,-7.156214466530557
0,0,100.79939223246498,61.24151180977422,-14.914212839050222
0,0,81.52272536553284,8.567379808795993,-0.1856200177280698
0,0,152.5469570259483,13.27652464237497,-3.67203479792704
1,240,708.4520015683947,4.354432180924384,26.21235306074894
1,240,582.6102814770107,2.2806598278795116,31.463132173903716
1,240,484.6389410724401,2.101484384789556,32.99814129666433
0,0,114.56770396048324,37.483499445593054,-11.31709398547892
0,0,144.2411517487325,103.18800971446257,-24.46160034007204
0,0,96.19093308383327,55.63073211969584,-13.4326878760278
0,0,94.1385850586564,53.90346146364884,-12.95133572233587
0,0,94.13774052230721,39.147742883629846,-10.206402041087784
0,0,99.22399752750117,19.436393773755924,-5.505492084126928
0,0,332.23150825301326,110.36637666907019,-21.627610935821835
1,240,710.8003340778318,4.703313191500197,26.896952418978472
1,240,519.0565292920522,2.626103626018377,31.669470490222253
0,0,110.16426876368337,25.399929150248123,-7.3484446316437015
0,0,141.26307852425825,100.8434044240951,-24.31075936911313
0,0,74.07180625880774,17.874959424066212,-4.1557118903944
0,0,76.66873852848322,24.26901654410821,-6.847203683518401
0,0,70.96328901057316,7.752882969040764,-0.6476751795840272
0,0,137.09310944976164,93.20548746857058,-22.716733789119182
0,0,236.88954391719716,115.86689121588739,-27.845707246248992
1,240,895.4891202596938,7.624979409742796,32.589977158832255
1,240,619.7888347310338,5.267570587652533,27.804893850297674
0,0,170.85813746882081,74.92391224318096,-18.52464196711081
0,0,170.0203120661896,111.11757014063319,-26.251819049000872
0,0,82.22616746411724,25.472107227230612,-7.1037131218201495
0,0,71.8152901542066,9.284139338056626,-1.8029002694279797
0,0,139.3772912048353,3.683009788284494,4.791730443581997
0,0,168.3100976189314,104.5950255751241,-26.472630109196402
0,0,249.8049192767658,120.9516571514404,-29.209838652967974
1,240,648.5347208785284,6.969329388895132,34.736033031290916
0,0,639.8122134313808,133.29918731291139,-26.09614326217944
0,0,250.9296829890712,117.96081711750907,-25.42538257361543
0,0,154.06801800310444,105.56106027847954,-23.530192878976372
0,0,81.8107859449865,31.152577837750293,-7.860961532829791
0,0,82.48510570959678,42.04705988861324,-10.627643959531582
0,0,68.67150076032762,14.065124731728979,-2.7801037404476574
0,0,118.07018324554254,88.33882602970586,-21.298230518765948
0,0,162.44352870328908,102.44435351845542,-25.47839117769501
1,240,521.8121890511421,4.34375888614479,38.595188336707366
0,0,212.6987807636639,101.94975229835875,-23.942658153542965
0,0,328.06333027574044,108.99343737988727,-21.19145242155301
0,0,224.01835651318757,114.19623676186055,-25.118992630677383
0,0,100.89851472692577,54.38430571193354,-13.050489077155774
0,0,87.21355703616393,46.34961689686763,-11.385241111357544
0,0,67.77412704303462,8.721488756933889,-0.4386156281078968
0,0,119.28895688998008,88.71460686560869,-21.640128617546765
0,0,153.08732425673017,97.40725146529684,-24.164848325148462
1,240,489.2397030374329,4.27725136363491,39.49759218657965
0,0,198.72253171681055,112.21664786500723,-27.394161864448293
0,0,240.42927349008792,128.400261425331,-30.228795910813496
0,0,212.8223664721053,15.778010309667698,-0.8189386241042911
0,0,126.48478067501593,34.84502704389823,-8.984229282415242
0,0,97.26577279504019,49.33571003551354,-12.386645081448634
0,0,69.31455567593025,8.834353863183141,-0.5298536231878472
0,0,128.21734982939634,97.40129528490068,-23.65078322609601
0,0,134.37123114463938,86.91010079395191,-21.763170718284115
1,240,480.9799334932918,3.824066353677742,38.577539937821214
0,0,169.41107828075894,101.9990189347507,-25.168524394497354
0,0,176.73207482240912,115.34386638097901,-27.73473369133678
0,0,102.89046423306249,15.248431871420397,-3.36716134914478
0,0,161.7313975159576,11.413980105015542,-2.049930298268137
0,0,160.74225840609142,69.97420360056233,-16.416281806524538
0,0,86.13167196467482,19.003989516220308,-4.561952669784986
0,0,128.0021234250239,94.9704589416221,-22.444039606569447
0,0,146.19276755915885,93.61509218951099,-22.955092853117378
1,240,457.8429929987319,4.049075507367682,40.70571491751619
0,0,141.60245743999096,81.26791578905745,-20.621514816565792
0,0,134.82307509554425,98.53883188560238,-23.649620756708295
0,0,73.3843933467704,11.437076548178993,-2.014464414039452
0,0,84.34226948161427,5.49028164840629,-0.5090982606654535
0,0,159.6818041529667,8.974497373195206,-1.9596909700712644
0,0,153.72111194460845,11.343529320347935,-0.5605428150233962
0,0,219.4539606234727,123.14849863069503,-29.647487241633776
0,0,246.7620944868341,128.43605626460874,-31.949255888576197
1,240,528.7609661159374,5.023207006255604,38.36001021167009
0,0,217.91624697655874,122.13347885583907,-30.774279387044693
0,0,139.70590086510853,99.78870565838186,-24.502344892111275
0,0,81.13860302738055,6.91549228650071,0.829189337984019
0,0,71.34535385412977,7.640241670782155,-1.5247900363218605
0,0,127.06677391216327,45.92777493256786,-13.418695971761181
0,0,390.89114395426253,117.9542761484922,-22.453191411021777
0,0,244.36789628519801,112.48278444433262,-25.41689126313338
0,0,204.2467743415418,109.99829915981304,-26.591334085536886
1,240,499.86752983258947,4.677693493732556,38.259361498501434
0,0,167.40211335099622,101.6905465471307,-25.145597327800658
0,0,144.4982648888131,104.65651501565021,-25.580646212199397
0,0,74.16272144700255,6.63656300487143,0.7013177053359101
0,0,65.62233911376238,6.213889431445138,-0.7279542587089338
0,0,104.227688351496,70.58247040145542,-16.73737170326534
0,0,127.45031811133826,76.71909057535673,-16.7876907758979
0,0,190.86004567459906,37.87757477982784,-9.023985735474938
0,0,315.617063683987,111.74228321903229,-27.309782438755825
1,240,531.1828016279001,4.751362420717236,32.12645834233814
0,0,155.62398270400766,92.61255512484286,-22.35290729052474
0,0,142.8303679474815,104.25276540052955,-24.644578305649368
0,0,69.15691078009095,11.288567312065057,-1.5478280660055788
0,0,66.92070322407471,9.609298055301604,-1.62364748984308
0,0,113.45130625926107,80.7935367038573,-18.714008230368776
0,0,139.08482089867243,100.5271348548656,-22.113348769476502
0,0,120.32415440503773,60.95077079070326,-14.049599812182024
0,0,202.4241628754617,46.842034184152375,-10.874483766108298
1,240,610.8021517794358,5.358610353781967,27.98036332042075
0,0,190.68671734199324,103.74450467339103,-24.846832127255638
0,0,140.4514620885979,101.29474572548418,-23.83971620530947
0,0,69.39357933888611,8.433331456722659,-0.04722803712118662
0,0,68.22154993117192,13.481476809806647,-3.129478630972173
0,0,109.76451400102727,81.05916791030059,-18.441102689748547
0,0,133.9136058039615,100.06982293385515,-21.921403937758512
0,0,132.22736712017362,88.28856308677491,-18.882169995204563
0,0,224.83110655468576,120.63722136381165,-25.400949580666463
0,0,556.5387982221496,149.15500158268122,-28.067030849765466
0,0,191.5007370220298,100.11740018089837,-22.221965681902716
0,0,86.10252129055475,30.560685118237163,-8.025551346274256
0,0,62.84936352549944,8.545689385186662,-0.7122186503607537
0,0,65.08816703888432,11.550115827582255,-2.4354685546539514
0,0,95.5990207956048,66.91684927573431,-15.6861929075732
0,0,112.07889501562099,86.6711460560708,-19.07571058035478
0,0,95.85434283846163,56.85789660103761,-13.368366331225104
0,0,132.37011076727453,90.2390930429076,-20.852576743180222
0,0,237.5203728938387,115.15004144146924,-27.050393246743603
1,240,907.1169234365262,8.294214936603144,34.806478676186146
0,0,102.92813395505392,9.840571125374833,-1.305152013417569
0,0,71.12697602552817,7.892715133259393,-1.2019352996924368
0,0,64.7856529849982,8.489084915036965,-1.523717394114115
0,0,72.15444801680093,14.213527478557044,-3.587628952475768
0,0,107.57002313984357,79.38528628944093,-18.39914811275574
0,0,105.94319673801692,74.61208273570132,-16.818300708457016
0,0,138.7880655624425,99.96108834846547,-23.11710938205359
0,0,225.8066650666146,120.23553655789499,-29.681146014359747
1,240,641.3277990923401,5.795167693466538,35.95342381361854
0,0,493.0021408132258,123.13105604665004,-24.74806978486614
0,0,113.83665289171822,18.60165314026637,-4.405970413761338
0,0,79.89988358822619,18.332668423769732,-4.450714917284657
0,0,96.07317410939838,61.86770490875659,-14.287520308183943
0,0,113.32040879316561,88.08278968840982,-19.180887640183727
0,0,102.26746847276044,71.69231256821816,-16.031837328153514
0,0,107.6110029908815,64.60687646701574,-16.089865686407293
0,0,226.38895304127982,123.19681227822359,-31.484320973009787
1,240,565.7028224710194,5.09557865910097,36.60854928891786
0,0,294.7541365001353,126.25361069288131,-29.348875275689863
0,0,502.4684750669309,141.17641998694708,-27.60226502065545
0,0,108.23238903089381,12.89762403137675,-2.046971285281245
0,0,115.51064863245742,75.44860480860027,-16.95160952746855
0,0,126.22874446048124,93.27705548828825,-20.2814502490465
0,0,124.63092703204494,89.89364179954323,-19.947985337278325
0,0,141.85358514124778,95.97923375157784,-22.555097704709866
0,0,258.8752169949629,132.7507566612587,-33.779278606130575
1,240,547.0169626266238,5.3787648048103485,36.328193376312754
0,0,265.13079408991865,129.2823392537448,-32.52963458224575
0,0,338.6410743649812,136.7283733455493,-33.295025562921126
1,240,978.396970258338,9.721543177318711,31.7242650699975
0,0,283.1427706079515,124.1141362553574,-26.506051104093068
0,0,183.91994069446332,118.30513488169501,-26.288500242134887
0,0,120.33464025903776,81.25659543649846,-18.20049266229961
0,0,146.0248125182244,103.78424142114913,-24.00146853665757
0,0,235.98742039144364,128.59074368420633,-32.11908738216888
1,240,498.9168426327429,4.964675350767121,38.420965879200196
0,0,177.5421382180716,104.04323058399913,-27.030636551104294
0,0,100.72832648249076,20.05353708834245,-6.419208874722344
1,240,533.0540674565402,3.4685696962172154,32.704755159013345
0,0,507.97204072117995,125.51915950294094,-26.65269133340093
0,0,217.59387214839361,105.14044564832201,-22.798798843939757
0,0,135.78620928749038,85.919967023733,-19.210271695933983
0,0,155.063879395589,106.47771283164143,-24.667922804535294
0,0,226.19385947658745,125.60414878248461,-31.765384935151033
1,240,508.691018887772,4.577684261397458,37.56340164398293
0,0,169.45310104916769,99.08917573459446,-26.134842924886662
0,0,97.44753515507956,8.946640497972707,-0.2564989466678185
1,240,449.525500245328,2.58896481073231,32.210853619885896
0,0,244.08254502369678,111.16777532666333,-27.159702356850694
0,0,404.184667549218,125.61533918201678,-24.52993240426234
0,0,225.39654914660065,93.81218039391659,-20.80024976887799
0,0,244.6752621720701,131.9248041012082,-30.28215325570939
0,0,338.4102042000466,146.5094756194748,-35.99788842023763
1,240,547.614917033968,6.006246604642078,34.62421404409673
0,0,215.8014599418336,113.39553840668975,-29.5299880062951
0,0,132.71671075219427,24.950683341416592,-7.855328840251161
1,240,457.9654677734522,3.232302684739862,34.64543439437419
0,0,189.09528211442398,95.66666784361286,-23.727342403180245
0,0,346.3275340926928,149.91509683658177,-34.1380325110332
0,0,439.3826300275996,133.1613793475759,-25.266848168890583
0,0,223.43822238961428,99.98211186036075,-22.953771865176797
0,0,254.4515922781911,125.095382682464,-30.531555778890827
1,240,526.0232173290854,5.063688727789013,36.5031344512596
0,0,189.88399971215995,106.75898893859194,-27.6958596582214
0,0,116.05326040279819,26.54630075187078,-8.668883041240079
1,240,456.1288449392164,3.320377446219059,32.9659620304318
0,0,223.76726282010588,114.1226905682901,-28.16556598222919
0,0,306.5776000445791,149.1054461617852,-35.130400923610736
0,0,250.99398111219352,128.02999637345565,-27.742316162115706
0,0,436.3745842647728,133.04094177015935,-24.636134550733182
0,0,614.0526985030934,151.05575230992724,-34.95212567510187
1,240,619.0489075285585,6.742871349201249,31.217882836807462
0,0,216.15285507944742,110.16232875811684,-28.839972597509195
0,0,117.31345600455043,10.502758505433064,-0.1427407491768662
1,240,438.5285713893705,2.6595579571358994,33.6486168944128
0,0,191.07200729415848,109.06564072551386,-27.778902244117994
0,0,215.13771105166117,132.58171665180953,-31.978211944233706
0,0,182.1122474812092,119.28678560710729,-27.97772678103052
0,0,239.52848761922303,116.76339383027876,-27.58198521379167
1,240,918.6779799016267,7.9487745226576845,33.427092500729344
1,240,726.4516217827952,7.143414553875314,28.497450839881253
0,0,275.68548063641776,97.87688726501787,-26.563265733775452
0,0,183.60225899446687,7.290759627457275,5.7447968229514
1,240,454.15759507567867,2.7032384182775164,32.95740202857685
0,0,200.75812504770414,109.28450328152528,-27.53523280859867
0,0,258.50074164249065,142.25609861226116,-34.27019999646407
0,0,202.83863184189298,124.9916657278323,-29.838111085411185
0,0,213.78867476039736,109.2340093109911,-27.571353902845885
1,240,661.6705372293235,4.907489701803011,34.48867011348973
1,240,931.5557422194959,5.515350850713074,35.52741048673337
0,0,344.7937653940945,116.49922820519356,-29.31671714526439
1,240,591.489725316349,4.425183933192311,29.798824751519177
1,240,512.6807673061687,2.9283651162851227,37.61414871670824
0,0,179.6092231191404,97.92356206048592,-24.601049111031386
0,0,212.11236646374897,130.52743364298212,-31.26217307301839
0,0,210.00499321120333,130.88304288127665,-31.532769526718482
0,0,181.2617597013693,102.80061974149667,-26.418321652983288
1,240,577.3191082125395,4.131603801465854,34.311964198654266
1,360,656.9993103254506,3.3480901548024247,41.415423614520236
1,360,919.4213532658491,5.102423303072884,36.2387783445908
1,240,731.792900425299,4.948573358537062,26.145120058525194
1,240,561.7394643965276,3.1669295438599776,33.38655402280884
0,0,229.2965613268739,112.87877297590678,-28.071532776666963
0,0,205.0584587935524,126.96185468907859,-30.103603241708882
0,0,217.16985822080773,132.4349996845239,-31.87674950249366
0,0,198.4317844915212,109.89796098387879,-28.500927832680027
1,240,553.0371351332935,4.042272827394013,34.075528493097565
1,360,573.3588788901601,2.7522286788745687,39.041650556912714
1,240,588.7568283624829,3.2399105771314805,33.638640793485536
0,0,458.8066486493634,106.09869038968056,-22.13575272494873
1,240,680.226168435068,6.311713377290951,29.207613956736864
0,0,264.6857404379824,120.92407823130306,-28.492542201233228
0,0,246.1800105612197,138.94890959336172,-32.884832387612335
0,0,236.06548048943733,139.31555039971119,-33.63247985826984
0,0,206.8499414433254,113.52825654514128,-28.924108961420593
1,240,531.5731701342188,4.223640776585857,35.072673598068235
1,240,492.90759808634994,3.119884292020321,38.131352483107506
0,0,177.19443863548915,86.60532484798384,-23.05604803548824
0,0,252.8547724228921,111.25567411008537,-26.702312924400864
1,240,908.7236510068481,8.835462073717457,34.017901715177715
0,0,232.74614656353955,113.53441487469027,-24.653677270584083
0,0,135.2515667661896,91.19685407022185,-20.18162583235278
0,0,128.65658808338443,95.45275794184599,-21.87803854564517
0,0,134.35149506700256,86.22415096146776,-22.413371550540944
1,240,513.4822719777554,3.4082624672545756,32.36340130726404
1,240,490.03331781238836,3.1610123944944495,34.22874195839775
0,0,282.92053851950124,127.4762087692527,-32.845461663031294
0,0,370.47100321067137,143.05242188219552,-35.021731171666886
1,240,839.5858471531538,10.170337760362653,32.00596310635024
0,0,1381.4004658687597,175.86072401511296,-34.11431285157215
0,0,243.93343051178724,110.36551031555803,-24.117784166801492
0,0,195.44863271289344,122.28559609335056,-28.456146341494374
0,0,173.8040162875004,102.28611404945794,-26.196543629615256
1,240,532.2022760299868,3.851763494971436,34.25362937119827
1,120,418.11885981948745,3.364957651581125,29.01919880479612
0,0,271.1672451764197,125.66791240098017,-31.91108990499697
0,0,353.34985950424715,139.91856132263047,-33.68117675771137
1,240,770.5673893220676,10.051739379256315,32.4293133215472
0,0,1143.3946602830408,187.35166158065311,-40.41372917962139
0,0,1941.7345764359995,204.31224984913948,-40.49131872729928
0,0,263.0902355654553,118.53781577622551,-26.990573628842398
0,0,192.6631591202683,101.0451853766916,-25.8277396484607
1,240,533.8859074203476,3.92998393647551,33.2974454602891
1,120,320.4956724398345,3.5909236295536444,22.966653987034164
0,0,236.6498316267274,121.58032657754505,-30.725735722204277
0,0,315.38873279612915,133.36710942826537,-31.79244933607763
1,240,801.722505284608,11.346800707307944,32.19635445625009
0,0,1435.034622841811,198.12320806813943,-42.88656840684476
0,0,1711.7451778931543,199.74994561871196,-39.044625574294066
1,360,1626.0830284624255,31.804479977206256,25.668275115686512
0,0,251.83683972474478,93.45104093236938,-24.413865119851252
1,240,564.7522259596398,3.8811865749026517,30.215073335547586
0,0,227.45869152621646,4.396944418501937,13.912444123748344
0,0,272.9814452871831,131.8056949325103,-32.86390265468179
0,0,369.8877176628689,144.96359773003797,-34.35568905202663
1,240,800.0235475433195,12.144878343104441,31.575796593379877
0,0,1238.4891357923395,193.37024830813414,-41.896960859063036
0,0,1204.4289961655154,185.8348931692251,-37.028972347377675
1,360,1184.6333362058738,18.24928189822357,31.01624723755738
1,360,1283.7510241779023,12.92790669643332,35.68726059544703
1,240,780.5266153940657,8.070489069053101,27.632098059766335
0,0,420.39922132288757,144.07445912050002,-33.10285352127736
0,0,684.7005106770248,189.35452650853335,-45.66324014435321
0,0,442.1725700272258,155.86394210633327,-36.24749173358604
1,240,861.5018941603595,13.531770436091145,30.571127141099666
0,0,1317.0664301134989,194.01716891489514,-40.643517673861105
0,0,1385.7367349196675,188.33105978693376,-34.600589648306574
1,360,1324.389070383614,22.539358001193293,29.87439582962385
1,360,1739.266406981913,28.994410018298215,24.810446682881135
0,120,2797.6730052096386,191.82156920900795,-27.5290030294709
0,0,478.20395951758775,152.38976344796345,-32.20309693123799
0,0,520.1862355258106,176.08443093117992,-40.90552242199567
0,0,395.4638831829439,146.38996215247127,-33.566076436472784
1,240,807.2895075215425,11.212639548787715,31.85715645681981
0,0,1174.6800048842324,189.31458761162241,-39.79818050302185
0,0,1139.4760116227935,177.56199684618232,-31.417056267075466
1,360,1416.649168544443,37.397860400915256,22.820869757911794
0,120,1946.379095586333,197.5464043389632,-33.64651403415056
0,0,2052.1133234242025,204.38326195868686,-38.88416781112774
1,240,1507.151452148883,25.41353090038916,22.99834712970454
0,0,323.73980295444994,129.69921412457478,-28.90304712969599
0,0,297.90982308728246,131.89246023675392,-31.518111844529813
1,240,636.5856991514854,6.844640813333726,34.07568701165043
0,0,541.2042853325124,165.495540642509,-40.29449152415291
0,0,349.4112820533706,128.65498379713358,-30.115074700984877
1,360,707.8197669205143,10.554843498094284,34.355197491973556
0,0,838.8948010344062,183.37114261209675,-42.93356123184294
0,0,1071.3832109746543,197.53885262418217,-48.49794288209132
1,240,799.772068424253,8.824646191588984,26.17177231121434
0,0,278.02098072777045,17.611488686693892,-0.4318997254179777
0,0,714.0282993731996,152.67158824547167,-32.61935608316992
1,240,893.9817872492339,13.730011071158247,26.119989583943607
0,0,1092.2917091131872,186.48935105154197,-39.691840973805185
0,0,854.5612337133632,167.3671530132958,-32.31008638652141
1,360,1209.287449409566,29.219772030554047,24.552727219625808
0,0,1810.6413139402352,202.46252734376014,-38.470788412906266
0,0,1567.7402355928527,203.75291758245868,-43.57908048283836
1,240,803.3162644041448,11.650926888141894,25.95843804276248
0,0,218.64136928679184,12.858978347573034,2.290265407686263
1,360,843.5517445047224,6.529068387946044,33.33045959090006
1,240,919.9263066502568,9.754161387051834,26.429153601556877
0,0,719.2060667096533,161.60112277383692,-37.362712024637474
0,0,346.0521585625646,35.38229978427547,-5.798846518067336
1,360,755.0250638102375,9.936529703814758,32.14673814920192
0,0,1183.8465230659456,189.18809999884587,-40.64838947738596
0,0,1150.4358035515033,197.81996989965546,-47.425823785565115
1,240,707.5714618977937,8.507224191697983,23.67698619034617
0,0,188.5168597356658,8.60059905127818,5.0433310906965545
1,360,618.6616677743522,3.909508663912154,38.3633179654733
1,360,922.2115653308764,6.11336038700274,34.9221866518774
0,0,1402.9050593010627,170.63470635901356,-30.15479945033399
1,360,1039.6745326093796,13.812042114438498,32.04361654660852
1,360,1001.8970727191086,12.078364954659323,33.81658315303338
0,120,1531.7267570747285,191.35389714391448,-37.034536348583394
0,0,1347.5302278918905,200.0891374579509,-45.785629677047915
1,240,697.5186453278234,8.895411029404752,24.92723258473191
0,0,169.06098678985862,9.853524012833319,3.0311811237985893
1,360,524.7961570259732,3.3141961041548984,38.995342003667744
1,360,638.3115006790139,3.348719614776109,40.7127108696495
1,360,888.1699261513257,5.448164233392876,35.22066651902725
1,360,1556.1856180089112,16.685665420625085,31.96093326943175
1,360,1439.27231352906,17.33330076903362,28.607135110563462
0,120,2149.5421200747824,180.12602782234413,-28.4826030879683
0,0,1596.2809844279316,195.67645247907475,-41.36989723867528
1,240,768.1289578206389,9.629460628394162,24.735266617206875
0,0,191.04904043988384,7.453764040771671,6.390125851683379
1,360,527.3858568904033,3.1765104210078223,39.21221651980035
1,360,574.6269757246022,2.8328331718273616,41.2346067852137
1,360,648.0017901020428,3.0164412314416826,39.091192888636215
1,360,987.4838639660012,5.940147441469965,34.33511847527676
1,360,2162.3632927892263,45.73652739475679,18.71101207718037
0,120,2419.8927836219723,206.5852726805641,-36.899510245249104
0,0,1589.3480325006326,203.84987697969547,-45.232584865844835
1,240,751.4385163162439,9.126722904895713,24.73393506136277
0,0,157.17614982535414,7.162953081703638,5.448779277322799
1,360,470.23208051202465,2.7849256275076253,39.51458537544727
1,360,530.5037717310336,2.5996929294450957,41.48437918501851
1,360,583.7261577195475,2.6632368009821,40.630344629578474
1,360,735.103074816027,3.451608795700484,39.738529819037865
1,360,1104.0697830798838,6.836398271871865,34.52140947860906
0,0,1656.602599648039,207.46101168911383,-44.75583503413788
0,0,1092.5801891268009,198.49599998442528,-47.73635370470894
1,240,678.1620082370608,7.350208624971923,25.431522373024066
0,0,133.30476878057408,7.729106979841205,3.66555123657551
1,360,437.7290618640583,2.5610646178342016,38.888997190499325
1,360,498.5950346074967,2.4583933789652317,41.54299934586966
1,360,544.1775067240008,2.5131514331921205,41.08968912418035
1,360,608.6021856020553,2.6823281640549257,40.07171468136262
1,360,761.2585809355888,3.4985141675459883,39.70715371347322
1,360,1141.8985726424924,7.0075960430372755,34.04385648623422
0,0,1171.3309704853832,177.71405632679298,-38.15674730781638
1,240,674.728089433074,7.380766988984709,26.768034563881415
0,0,150.32733412333968,6.828537918652092,5.233373699780117
1,360,437.3976408613072,2.5492948443907704,39.17621167249192
1,360,474.54073492472264,2.319213236009666,41.2455445653617
1,360,489.4233925273966,2.2455973280550277,40.934668547377456
1,360,514.3500699187392,2.263518888273533,40.30715700398801
1,360,545.371919178983,2.3262907124879755,40.04589729305194
1,360,618.6824807775349,2.331830862707974,34.342188402734735
1,240,890.6332062927198,4.123373894326046,29.296923309423576
1,240,651.4595146286241,4.927411320324998,24.978169879720653
0,0,171.35305844156363,8.930969426369794,2.7137847093396346
1,360,467.6657329278541,2.7596066717274113,38.544684325763114
1,360,498.55358997806525,2.427062516404096,41.11396359857645
1,360,497.00277184766577,2.2500285909020303,40.665102464271
1,360,503.94574485057126,2.1969644382817446,40.154841810487426
1,360,505.5500238322833,2.1541038543961744,40.280134874675525
1,360,518.2810975547358,1.9796403365931008,36.06074087391124
1,360,617.6401075375237,2.0849598196094217,30.490705395277175
1,240,885.5283524837561,3.8894665681048814,29.136956953771147
0,0,246.2813322510059,11.063143933102111,3.4804649742450096
1,360,569.600839505018,3.6374662158659286,37.88828013413733
1,360,553.8006866814295,2.7708663344179754,40.79685251751266
1,360,550.5626549662217,2.5339818204503084,40.57743113663061
1,360,532.5826234606991,2.358761597001451,40.60696842698198
1,360,513.2941840971409,2.2147765762467597,39.82191057784725
1,360,492.297128670556,1.9926478223718846,36.837693141042564
1,240,506.5672310226944,1.7661351843577033,27.712160496868975
1,120,398.516366294614,2.494912210019154,18.49737133952631
0,0,237.567893650561,7.827329809283244,2.355395397108609
1,360,1377.6977464485042,12.549413091095504,34.25474956897189
1,360,959.5940769472438,5.805481361293424,40.541426289322175
1,360,800.7043458652931,4.000899032478544,42.61696254156094
1,360,694.4224050308127,3.20091135792319,42.93741308013851
1,360,584.7785066909316,2.5431017704561323,40.73700647985264
1,360,518.9065759118226,2.076290418552504,36.62476045292465
1,240,465.0348604993937,1.8587532254856716,28.935088860643518
0,0,107.07619042870508,4.358884876996297,1.7511913649427555
0,0,121.22716214334478,5.6937222094495485,0.9983814734134739
1,360,669.918517272751,4.525547828996452,31.881610585575828
1,360,950.0003253973654,7.925392002344902,34.568204155416154
1,360,718.647471096999,4.0655050895195295,41.130586910820696
1,360,611.2145575832423,2.9738396511581873,42.6939497187379
1,360,536.030780354009,2.394096862814531,41.315736580572334
1,360,498.35860977395663,1.8387007514852847,34.386784955608704
1,240,457.71385262168513,1.7532172668977555,29.708648830743442
0,0,83.1126869055129,6.216651835716749,-0.38304430742358875
0,0,95.67262582265579,6.370744539726293,-0.6146927526836379
1,360,540.0434729545636,4.040588401528949,30.342754745932254
0,0,1209.7074277003692,163.84380879311044,-32.69629042082928
1,360,1131.169854927768,10.098541420396462,34.789369240379756
1,360,801.429853601511,4.7899571160069545,40.67346167595899
1,360,632.2529216065581,3.152895745027326,42.05339738239907
1,360,523.9122618820921,2.307861748871328,38.96212708288981
1,240,472.6827096122684,2.0079588157963024,31.27360739209287
0,0,105.97213769505699,11.919938678185789,-3.621065799227722
0,0,134.06433003616078,12.115630790004596,-2.4919328631860935
1,360,679.2120899967692,7.900621511509501,29.004086702755885
0,0,1823.387940734783,198.6549614146829,-38.55222996141888
0,0,2405.6793615617257,209.38804180622896,-38.71136673664463
1,360,812.1352643802095,6.270579634494477,34.04841125265334
1,360,614.9896010559519,3.335411387009898,41.07037099653732
1,360,521.2150961842348,2.4304823566482217,40.07723112700249
1,240,464.7539983170103,2.0359066130150008,32.47589664028381
0,0,96.33043461823793,8.406773209316835,-1.408051690036956
0,0,117.59421616240842,7.285940987271628,-0.0010515826702857112
1,360,668.6448884418204,7.2242701539789,27.84161731504578
0,0,2043.5244000889859,206.91467472511553,-41.65168510220797
0,0,2930.055132198794,224.34448005579205,-46.58818533244356
0,0,3078.6394793301038,220.74444911055465,-41.354251457507054
1,360,766.9538166648999,5.637208435683157,31.952373267576803
1,360,573.3144415413168,2.563108670651973,34.25480240848951
1,240,438.092677272604,2.1058337501561115,27.482086669234107
0,0,81.985123186788,6.903962113950487,-0.3795463313569343
0,0,108.61770165517584,8.393247265108114,-1.143626891995254
1,360,655.8398582745072,7.4962081432552985,28.144556837483037
0,0,2230.7344163426724,211.67032018100855,-42.43282490111093
0,0,3314.7820903607476,228.83177251129106,-47.81715589505831
0,0,3425.1281895008206,229.36762659779214,-47.03719705937422
0,0,2912.693187940296,219.61726543432334,-40.89689372876781
1,240,671.7878332993502,4.361492059596977,24.731863752271934
1,240,530.541951575652,2.418523293986897,30.43696760585439
0,0,100.07772742003729,6.804766892936197,0.4528240218575945
0,0,146.4392588125389,8.978949166815545,-0.17811152227382365
1,360,687.0570958369613,7.8927268651298705,28.516990893498303
0,0,1937.871791871441,208.66355368167854,-42.849266349378674
0,0,2708.9405070392354,226.28944369060906,-49.17935865938405
0,0,2440.1418859167497,225.48155460128726,-49.86641241320717
0,0,1431.2482886549562,207.10518586244126,-45.07009278125002
0,0,667.8184444418011,39.53739259533997,-3.2100007718781427
1,240,607.8856106798396,4.404385582965041,27.094751869249095
0,0,103.90845361150171,20.268118414081243,-5.829720648214561
0,0,115.90413455483026,6.5326899261172215,1.8531346462931708
1,360,505.3983020269467,4.615809230642298,32.49530987905855
0,0,989.593459085989,190.3056527118669,-43.09137701912811
0,0,1268.0511274546125,211.58007502349105,-49.921624425171636
0,0,752.0444513086865,197.54007995832438,-47.90668717371904
0,0,203.36170024758937,117.00776327761093,-28.564958760135802
0,0,139.7763544679303,7.114709825397938,2.8769214360494573
0,0,190.80914677248,8.460597226163419,0.5403791025592142
0,0,119.19783765273446,13.860902647621618,-3.1481362646449185
0,0,111.46160129268327,7.049474308383267,0.6568849549665714
1,360,507.8370962822434,4.5319624547927955,31.877943523052778
0,0,978.4313411873413,189.4982256777516,-43.15596276151893
0,0,1177.7811877026961,209.39059754908985,-49.51943907875864
0,0,676.6726768873058,193.81389350249012,-47.100313863175124
0,0,192.0863351257415,120.89067308379637,-29.34980525120003
0,0,84.52478568953579,7.9345383490592996,-0.18785512932353754
0,0,78.92320847454707,7.736553107787973,-1.5926148411429892
0,0,147.37461966145793,12.538562915807177,-3.7046526321558417
0,0,260.75151603352316,16.557497443015592,0.24512772993614362
1,360,759.0159004902384,9.064372525566878,30.133161515328126
0,0,1377.7928786504158,197.853829882756,-40.966837398245616
0,0,1541.2566639438198,215.37448681840854,-48.90506079747445
0,0,843.610419942889,201.19152898450898,-47.918251102150876
0,0,242.54961519341848,135.37862345204206,-33.13701955337251
0,0,99.96529639304026,7.7843785290143686,0.19314949645020363
0,0,81.60068910703032,6.606911604691695,-1.239567604143673
0,0,104.61846495591641,8.507128531831013,-1.8967221169197046
1,360,674.8106159380688,4.461335240842243,29.889423388435887
1,360,1663.016088036206,29.85181121084041,23.4390604103925
0,0,1671.0126343048005,200.49954355589006,-38.75284575797883
0,0,1472.5100901368812,213.0593736455178,-47.70168569719637
0,0,671.3581966868086,192.14609079544084,-45.62953381606138
0,0,175.43706618537678,111.78340613240987,-27.05122811112205
0,0,87.31826253937608,7.46452803193457,0.5112222567347402
0,0,69.77028789485892,7.733667067650564,-1.7470277634932216
0,0,80.26820912902816,10.995668531277857,-4.130924872677369
1,240,488.0361310472808,2.228340649034533,30.442515755204823
1,240,763.3317192918316,3.4967519052325655,29.28500271424778
0,0,760.7524486011097,178.80141661991496,-37.77599102777546
0,0,282.704359886225,143.99673277123335,-32.55359730348786
0,0,151.04933901751872,106.07893030999053,-24.189075243978692
0,0,73.79560319641787,16.635536040527267,-3.9053899596063246
0,0,68.44830510691519,5.079792073696434,-0.32812291280605166
0,0,71.46841243585655,4.257224158278628,-1.4391266103511526
0,0,72.64124670371562,4.957019402829125,-2.08913722034454
1,240,427.792870662685,1.590552400988519,25.261305150952737
1,240,544.6718042135327,1.762488828768209,28.6443869704878
1,240,790.9331169854423,3.353106883108822,29.231074702561557
0,0,102.88260834460625,14.252488117960496,-3.089885980417108
0,0,66.06680329066292,6.957434174682752,-0.7226861588019062
0,0,61.52002363566811,8.307136238256497,-1.5956583973580791
0,0,59.94396010325996,6.078990067536415,-1.0985177958003334
0,0,61.891426916319816,7.6728337094195975,-2.1664097309166976
0,0,76.0345427425033,4.598797567224463,-1.4896834608130263
1,240,417.420059836809,1.5489299806640886,25.1857974802692
1,240,481.29430506424177,1.5726935611544886,29.227883195697117
1,240,558.0231870504516,1.8555956602305814,27.8003602196856
1,240,795.6887295078842,3.476277986346572,27.259072201153685
0,0,99.63884058385892,10.251379716716512,-1.5652756747247452
0,0,66.5402197606619,6.442362645506387,-1.082248508324156
0,0,84.63029038486361,3.6240912066831545,-0.7543264619546619
0,0,69.68535247745872,4.444137221174135,-1.5971379038515323
0,0,75.27605274443336,8.488529907318233,-3.7170434990384678
1,240,408.73414518610684,1.7904286167291779,28.73228022410221
1,240,458.16167227186565,1.672161773770269,30.746427524766347
1,240,479.20411727619774,1.753938551319214,28.254198836551154
1,0,266.7731395556653,3.3251480308583274,12.07089182344859
0,0,246.07170585947242,46.53608866094287,-12.374027004640226
0,0,107.75247699944401,19.095487276524146,-4.807207290833006
0,0,69.06767332853615,9.695499327310738,-1.6037269916991477
0,0,63.831882377272635,8.191609802312055,-1.7031392601554103
0,0,67.628305656084,6.786400649704024,-2.2025466770191855
1,240,406.9901606209394,1.6518649610059035,27.130999778338605
1,360,440.59073644110305,1.5986008025552696,31.475538892641637
1,240,452.58818580953863,1.5807336150441689,28.311392330426486
0,0,176.5634282819136,2.83296808833785,8.249305415062224
0,0,110.39536564978555,33.335517952940926,-10.384872795811859
0,0,270.8508331149617,84.80177176519044,-17.27455409127795
0,0,110.19572632568344,15.695073205005972,-3.6179271318809043
0,0,82.51641590283795,20.05602063507733,-5.93574842427725
0,0,81.62150777824226,15.638133925321885,-5.394259615578363
1,240,424.48233351808886,2.1259942927326256,30.557135236833048
1,360,453.9646553620782,1.8357830127362973,34.030868532802444
1,240,446.51065284747415,1.747585856262217,29.734984046326844
0,0,183.99719593231214,2.879905948440061,9.248870569940038
0,0,93.28954829428893,16.5072399147941,-5.979642211566826
0,0,186.55505280875727,88.91355773006546,-22.82534013364188
1,240,861.0303141318177,6.986276075799555,32.0907916679425
0,0,130.30117808869005,27.1479363385895,-7.74496293979162
0,0,108.72631243049933,37.897652522472335,-12.50846658932889
1,240,445.9479762538036,2.699112860901604,27.6757540692266
1,360,485.94281450712435,2.01752976597682,35.569069162427496
1,240,472.6652974265992,1.8643718889927108,31.720693118606178
1,120,291.56589275332544,2.4061500060525676,19.52290183336416
0,0,127.26379460677997,64.22308186112535,-18.119611212673803
0,0,175.77211472680895,91.52798882179763,-22.995536219906164
1,240,606.3654452512953,5.6999360397704155,36.06945939431907
0,0,532.4543899683225,119.72339167917691,-23.74661825920918
0,0,116.48454074380464,11.107796334590192,-2.661183122084921
1,240,459.22544799009523,2.0425662544140044,25.85048690825832
1,240,482.03328003781326,1.660476830774904,30.097991532398126
1,240,466.247546680482,1.634763165236998,27.468443505783796
1,120,375.50108437857114,1.9420699238412058,25.047886339272694
0,0,111.73433552120933,43.527040764030815,-14.035856253648234
0,0,159.83562312910328,93.68751212351562,-24.37454723478784
1,240,484.11371881565185,4.312747942667054,38.6815492443107
0,0,193.79370422234672,102.08491788548214,-24.860929710557507
0,0,168.47647694775125,16.016313477511538,-3.120332110471594
1,240,640.332221101315,4.274841817929194,23.692785206115502
1,240,559.7811829837748,2.185246330190992,30.25821151773515
1,240,496.58886968415345,1.8146587646839432,29.692585617386
1,0,225.2985602579777,2.522425476804406,14.327181497572738
0,0,98.49708412004426,43.55566652799536,-13.148036110639936
0,0,135.2783992163713,85.33969788050811,-22.19412982401883
1,240,473.72848366979315,3.8472074681941653,37.163068322662625
0,0,175.54632311602788,103.15653220352046,-25.373800636511675
0,0,127.09707519620875,55.72433439707299,-14.444522366897715
0,0,342.04030483033,115.91368152515706,-22.073074489144105
1,240,686.4680288993858,4.038849828569375,26.10082997485344
1,240,546.6104515731741,2.2173636792998925,29.542827856538366
1,120,389.4992573623283,2.1781144810052786,25.16479905596576
0,0,97.24705696265745,26.137013693884846,-8.603853446901212
0,0,136.52756483332135,82.73453677135613,-22.203186517339432
1,240,476.76922262498323,3.7623479160644226,38.169988738393585
0,0,177.6246193788329,105.8332396735523,-27.329290788662306
0,0,83.78713136676535,10.94238418047323,-2.031415331292976
0,0,168.35769772806233,99.89067546676402,-22.32280461733481
0,0,364.55235644283863,122.45223919141607,-22.767163824738752
1,120,560.1337797435767,4.235248559971544,22.420758362565493
0,0,202.55953808461663,3.202224876190857,11.31965126559271
0,0,86.20903489507825,20.288564356968408,-6.491493334830864
0,0,133.12204285557254,74.11452869405068,-20.336228976966453
1,240,462.3270389066606,3.700883518569515,37.726105086648246
0,0,175.23929731090712,103.25727467776039,-26.764013629129458
0,0,87.62074825311626,13.224305184429047,-2.639899364386295
0,0,146.51760231199208,95.0019147937264,-22.150177913259853
0,0,171.25283634944017,99.79175955451224,-21.82883438683446
0,0,207.9022677425928,17.03335113408958,-1.2160011792837224
0,0,137.99667265492923,51.14667044083597,-12.707814237465882
0,0,93.81539970231724,36.33568933615957,-10.030134694248588
0,0,133.24245446766798,81.58766521156083,-20.925928561544737
1,240,461.7340270207695,3.6545230018625223,38.26260584488351
0,0,147.4462862225262,91.05137165669105,-23.431641894657368
0,0,75.76170648945184,11.406283997982449,-1.7971618978141066
0,0,124.21919005568286,92.06787145213028,-21.348200850582188
0,0,133.59420102309153,96.21810907372034,-21.9204105548272
0,0,84.26809198361516,8.254526018778526,0.341559849598454
0,0,146.33599865677002,9.958199371037859,-1.961941933522013
0,0,120.64638186444392,22.286732926851425,-6.265498717956504
0,0,141.1166846663595,82.51183338144077,-21.377510931007777
1,240,484.02897044321486,3.560084603100979,37.87865277402638
0,0,146.65966579559026,92.43643989504432,-23.740346208467308
0,0,75.03890240315711,8.245355305871598,-0.013310350758871436
0,0,110.80956255081574,82.61443851573186,-19.27132775854757
0,0,113.81196295657006,87.55749067553201,-19.436403695554162
0,0,82.79953396083863,32.44844054280068,-8.256576285226345
0,0,81.02599062344946,9.063219192453804,-1.2309336269640454
0,0,261.87786679400153,96.26932500551467,-19.511446378482617
0,0,213.04516536347447,81.29488104212368,-20.650164403021094
1,240,506.8876333767017,4.057020691035522,33.92126880534843
0,0,165.6251408559476,98.67830036183622,-25.113661123349203
0,0,76.15274382321495,12.030425824534456,-2.0400704442796496
0,0,120.58312665869242,92.00030309779378,-21.288000788154093
0,0,122.38045871458867,93.22634492937603,-21.36970653425483
0,0,69.93514819185609,9.494870805375724,-0.49159252847690027
0,0,71.82171769930714,7.22758621229188,-1.1829289252033703
0,0,174.5377540021011,104.16009445317799,-23.40914282805342
0,0,387.1093441907593,127.69418331291415,-23.901443329796876
1,240,642.0531707958576,5.722462584764145,29.14085651017173
0,0,191.13986493961164,94.36085651239775,-23.54764577164731
0,0,84.23684413869509,14.111028833551826,-2.8159447852514745
0,0,121.5116291922925,88.9957674587576,-20.653725786508886
0,0,112.75324312037722,84.22202965368547,-19.387754351678495
0,0,74.89506482642271,6.278069080116854,1.5533496430580271
0,0,70.3269223694138,12.558905979214769,-3.048359403517054
0,0,134.08436085131544,96.96116604188157,-22.14175001019896
0,0,162.80932063504346,104.38415513026241,-22.593955885969947
0,0,169.26614677439102,21.18526912051262,-4.4018542153384885
0,0,200.70808768602186,96.91267190403798,-21.74418547960211
0,0,84.10091913070882,16.02487413315365,-3.359948754989219
0,0,128.92045751425857,95.2960201522696,-21.807841246482766
0,0,103.77460877022787,71.42315097121279,-16.722349428405067
0,0,73.32634139181458,7.020580065075104,0.8254324482810205
0,0,71.7197895303977,6.859172088597193,-0.719410108709269
0,0,122.30606016345119,91.60495711174114,-21.4390795369423
0,0,121.0200636928297,88.2101219958607,-19.677071846472487
0,0,85.23360107979155,12.26562185160497,-1.6796996501377635
0,0,152.61412317184036,19.526518002762344,-5.922184520103372
0,0,125.41757013109766,22.55023976228675,-5.338466368920038
0,0,145.34825388208438,101.59221542349964,-22.78184792668624
0,0,111.73235171099311,81.94315171644114,-18.475913363958696
0,0,67.21160915418137,7.465156589456679,0.5891446933736546
0,0,63.2311903118301,7.413016547249373,-1.0142757528536919
0,0,108.65840944081269,83.85701326017131,-19.51000914360327
0,0,109.33093244017,81.69382961486441,-18.58271259697868
0,0,71.10241078702215,9.932368499601626,-0.6798861495271211
0,0,75.42334781897317,7.0857564715116,-1.1306389385634787
0,0,135.37092412485583,9.15891786484008,-2.1597043961303086
0,0,204.03209206797155,106.6927345537489,-23.337032738353052
0,0,103.0790735723624,61.0185485138052,-14.179378951416325
0,0,78.99013656321317,28.86902700624971,-7.220736801500223
0,0,66.70278450583743,10.248919633722586,-1.1792724305838505
0,0,120.17691034276062,92.48494847211312,-21.196741657267083
0,0,125.15457357671863,96.73213827132739,-21.656852324874507
0,0,85.97006511643227,45.499742150462396,-11.255255898004506
0,0,67.76793188713083,9.619337829075425,-1.1337723219585314
0,0,86.07386940300333,6.583947821909795,-0.9975097739118581
1,240,657.7816797304946,3.572361103103871,25.27437764761271
0,0,94.77532578974227,10.171544338118663,-1.499516895042703
0,0,69.75897450859728,9.767990554989813,-1.9321827171966248
0,0,71.49909347785771,6.350012519689799,-0.520226263076907
0,0,127.5446341170466,92.65687632660284,-21.948315104084003
0,0,122.93851019644083,91.69844387531667,-21.203388868584085
0,0,70.22454075816921,9.708053331172996,-0.42944797180027194
0,0,72.5673922833803,18.94270944445963,-5.85704396277751
0,0,75.79135595014056,6.806228413262192,-0.9473069482180705
1,240,441.4258411897234,2.082553206871324,28.79384883003675
0,0,173.5524011357333,12.482034251589793,-2.8386869136364936
0,0,121.10041367461584,28.999898728778426,-7.6192894310766235
0,0,75.97552722258533,12.472506167859096,-2.107351002069251
0,0,108.49772081329878,80.7615321611953,-18.19334875951695
0,0,114.62668547222609,90.31925962123353,-20.155908839125573
0,0,69.70949828180473,17.747785948092563,-3.748504147831312
0,0,65.08451682808648,12.379502215876295,-2.892028406677099
0,0,67.74735694117402,7.2826362096033375,-1.893911054582162
1,240,398.2087963586911,1.8263562291949138,26.800330077052706
0,0,113.24048958159786,5.908875689487004,0.531026507939913
1,240,678.274053838073,3.837033229135643,28.263836764565625
0,0,112.37009568324548,13.987346040270953,-2.499420222833294
0,0,139.10694888462706,94.5499598252662,-21.051422415899808
0,0,131.47321316443342,98.06163715148769,-21.821674632196505
0,0,78.93784332591359,30.78003860790548,-7.816898659083819
0,0,62.575694072157155,9.058298124014375,-1.154776030213739
0,0,65.31001370134973,6.344397917214848,-1.6434675929035478
1,240,375.89700755349537,1.7581624759168204,26.463858596731782
0,0,90.38850925452515,11.477611063129551,-4.713073690187301
1,240,514.6666633571314,2.273243932060512,29.51246626971208
1,240,785.413272751362,3.6402484740721928,29.34836786378152
0,0,219.51800935331073,107.99111690359717,-23.476132768496093
0,0,129.18351074892948,90.85815316463979,-20.235596115653095
0,0,71.52659475548373,14.434474697707122,-2.5210949929623325
0,0,76.38268443136253,29.774593844262142,-8.659197557659738
0,0,69.41550327578996,9.480584996940705,-2.1050207793420697
1,240,398.87123026609163,1.8807211529543673,28.239615129687152
0,0,86.74091708616386,8.007090943445489,-2.38453654361696
1,240,443.9605384989015,1.9136104365793831,27.617884229525686
1,240,504.4276180201206,2.1033756976782287,31.04515045369726
0,0,212.92087681941365,10.202576940434202,-0.13712919240528265
0,0,206.3421993885566,99.8951877246399,-22.368045812323786
0,0,87.07007654526845,23.711803233725902,-6.193747936975981
0,0,82.00379367493724,34.53858336741922,-9.563456074600609
0,0,75.21630604874997,15.38299462089158,-4.624599201879036
1,240,408.67447217480293,2.0694570552252793,29.125099766016504
0,0,78.29852930957583,7.70823688471371,-1.773632460616497
1,240,428.23774293768713,1.7465273933709837,26.03325879971692
1,240,436.3828369152723,1.7620317370453829,27.32949671024187
0,0,95.43304956488656,7.892478690946697,-1.3396350826184573
0,0,182.89550109880676,8.264394326753063,-0.4551015576063264
0,0,110.32603431674322,16.40350491113089,-3.8652900496820877
0,0,72.08118307150129,11.562350363586901,-2.6728817912866987
0,0,72.47367142073684,5.592945442049765,-0.7672985635311562
1,240,358.83426721983665,1.7734327462139083,29.649236077127938
0,0,86.05436571456327,11.14586535183737,-5.163488306310853
1,240,436.3698684644874,1.8493841988450992,26.89642402380224
1,240,421.48449020780265,1.7433337300528866,27.87217969203904
0,0,74.70971460390658,6.985327147968259,-1.0124633573992128
0,0,74.64359704341453,7.026917080035982,-1.57689508465009
0,0,139.0254086167112,9.221698713570273,-2.2429636240491675
0,0,105.88429457868271,11.845280664274718,-2.394687014952382
0,0,77.21871873676996,7.416740062448544,-1.635520529453018
1,240,384.77538580334607,1.8498436595033103,27.967407070699537
0,0,85.7502476084166,9.436511969363886,-3.572765196168362
1,240,409.4275945492307,1.8838042659545056,28.042164420232822
1,240,400.2627087599242,1.7377512774153014,26.685224471862355
0,0,69.55932951646598,7.324723392488983,-1.2011479908798464
0,0,63.85860713489972,8.16008265653332,-1.8753273962340842
0,0,74.46121686819355,6.508310648039658,-1.3997717376254144
0,0,144.3118547448386,9.77363809694726,-2.6221769901754897
0,0,116.8698306959699,9.967485597746409,-1.7690354225832863
1,240,427.0934358607373,2.08206295005311,26.96849712584026
0,0,84.80021789995591,9.598577833040101,-3.1933668917303635
1,240,415.86244007138254,1.849430562294774,25.753241060024607
1,240,418.7207591751473,1.6792366557002998,27.53568707591107
0,0,73.85653451020181,4.996107739130464,0.06833727187247973
0,0,64.6559854812368,10.09522581330927,-2.667259666611585
0,0,66.62817623761995,5.322559218256879,-0.859952657683408
0,0,72.43563894487728,7.306284501905009,-1.76668934800081
0,0,140.4964549043018,11.42101832485033,-3.3970685161195036
1,240,564.283457273576,4.140270495168046,24.724117478988376
0,0,92.7847649507569,11.056641769502976,-2.547039196115307
1,240,442.7050927056098,1.891837551457372,27.062340109139043
1,240,413.10927424513585,1.7184775063178437,26.76509668670157
0,0,66.32544113059544,5.8050531480210035,-0.3190556515819054
0,0,60.42792477558005,6.7115693650905195,-1.5931221005121756
0,0,65.47612096476851,4.665296967670166,-1.2256866628640637
0,0,61.96429509957621,5.7267433638109875,-1.5174717631310557
0,0,81.35437356255512,4.929585777395381,-1.307292013881309
0,0,153.19668321190665,8.576509911382038,-2.025344070718077
0,0,135.40712015925808,14.628749960552904,-4.1650539171101855
1,240,468.30862347061026,2.2268619821286086,26.650223575388765
1,120,374.5946078064003,1.985009472239604,24.66741010867517
0,0,71.37309885701092,10.784294518437235,-2.4460734458409235
0,0,60.8699687040168,8.337185168355097,-1.5363037672119617
0,0,61.32325233433574,8.910480165807023,-1.978322183985199
0,0,60.031196740510985,6.003230611477843,-1.0192320996067536
0,0,63.738824674044295,7.5030920438707325,-1.6593035963352065
0,0,84.41864617493877,15.178991832516987,-4.965694139991982
0,0,159.33133857213988,18.150577159640388,-5.540149523735977
1,240,617.3226072144613,4.092690540770099,26.317725626793106
0,0,112.77784236705835,4.4155895192708385,3.9419864569729697
0,0,72.7805328530111,15.168476466763048,-4.016152156448044
0,0,64.36022771814419,8.390323322004548,-1.2534221256644713
0,0,60.50499863649483,7.421881329072316,-1.1142322683414676
0,0,71.02504785661873,21.734735786573626,-6.204675149220449
0,0,66.49777189006396,12.008335614877323,-2.3051346004846067
0,0,74.02259642938708,19.678088354619273,-5.516155098783287
0,0,82.31773447566881,15.35920960717627,-4.236202327589808
0,0,148.32750605662997,11.406121556698919,-2.4075587214453833
0,0,102.52305124495997,11.986765217327493,-2.18205022813315
0,0,66.89170558674276,8.379664466450157,-1.2479849393010483
0,0,60.62983697938703,7.182556134819588,-1.088980262869356
0,0,58.499145454757,6.140394677614467,-0.9587150000729139
0,0,65.21836166936032,14.821354785533039,-3.958715600791635
0,0,62.53439681148462,10.931951840264206,-2.147699257726316
0,0,61.81674496372288,9.20483821079128,-1.8686114935441793
0,0,67.76105656772432,4.812883898274273,-0.8751598708553701
0,0,73.92419944266251,5.833110367493192,-1.4199722852127508
0,0,137.76099600124218,12.080893623972964,-3.901886699587905
0,0,94.8719543513598,10.785525462385774,-1.7577541855707324
0,0,65.44589336510249,7.2958476494381115,-0.9721098177903826
0,0,61.88392244567331,8.118148439189666,-1.5563880678605386
0,0,61.759764266283824,5.5849713799315195,-0.7446885339401916
0,0,74.96165850136666,30.109065861762925,-8.541486964250566
0,0,82.57224599035159,46.01422618366332,-11.460505720260002
0,0,81.56844935700214,42.96219271332252,-10.775119053217892
0,0,65.1310740198466,9.540977958802985,-1.060066478825945
0,0,79.06727277244904,5.479782075554917,-0.6687581471156818
0,0,137.21052834244517,9.94058622364517,-2.770191046941548
0,0,104.8018370362455,15.056769205884745,-3.3384325034130597
0,0,69.35289422536601,10.823152278361118,-2.0856181084708396
0,0,60.25252761232017,7.215785755494892,-0.9300759815211421
0,0,62.73951711981269,10.771823540119893,-2.438580802241958
0,0,70.48829682845958,21.617765428108903,-6.267691557937866
0,0,63.7978288579039,10.938892595328877,-1.9334772853784017
0,0,65.1556846025861,12.501850283277484,-2.790861866235744
0,0,73.94797682511121,21.065932534017787,-5.90289281221915
0,0,77.1691461534812,10.450426241040244,-2.090431788526317
0,0,147.76087317858534,12.639457001911733,-3.450357169642487
0,0,102.62253649328886,12.993587122074551,-2.577638560770893
0,0,67.19620345084512,7.198637370663418,-0.8633132510042429
0,0,63.480702624768,7.685116075357728,-1.287831219540692
0,0,66.30407266055214,13.83068134927216,-3.6752157368879637
0,0,63.4215397360911,6.505596976153107,-0.6950827947955531
0,0,65.27148243892152,11.442413646794577,-2.9133121643757107
0,0,68.28948126100452,14.194868389788727,-3.8121017912425827
0,0,70.30667050112076,15.433035560735028,-4.225322670911183
0,0,75.88277559293321,8.035427922905981,-1.4078931714840905
0,0,150.56343021118676,8.958174731555017,-1.718061139932189
0,0,112.574870241793,26.462524367244143,-6.988322183234644
0,0,67.7530419744508,9.376134349178383,-1.2495067174085932
0,0,60.77730209480252,7.363945742849236,-1.0055308126870557
0,0,60.98817545275763,8.368371187438417,-1.5630722668398676
0,0,64.22978936241306,10.939831144967059,-2.6052049371149195
0,0,62.91144544920878,8.901900558681834,-1.53563798928991
0,0,84.26584177602705,42.58328217535698,-11.485261034266472
0,0,89.53921742884417,44.37174987761975,-11.13522564977167
0,0,110.03034457000088,46.17262087433172,-11.77048346644466
0,0,293.6584611136289,105.00769141180749,-19.999641249706755
0,0,105.41737367013457,14.439200836606313,-2.907515669292451
0,0,78.79678875151109,23.964960754497124,-6.534198232973921
0,0,60.86496383424274,6.550064826294064,-0.399989940725348
0,0,65.37106971177583,4.385723786841999,-1.0353640043371115
0,0,60.025642071905565,5.702371756571813,-1.1938931251101934
0,0,74.63540674123612,22.758942518464856,-6.698640095769051
0,0,120.55382294778424,88.23032969153202,-19.771374533574587
0,0,173.89259624766927,116.26668448330248,-26.03053771709849
0,0,178.22231305683437,104.44525471170806,-22.652391108509434
0,0,208.2338474501612,16.11999794388654,-0.6955213627918226
0,0,112.14249030312384,22.495211875038883,-5.795972048308627
0,0,79.7035940693749,19.967970239790663,-5.775454463615546
0,0,100.29650201068215,3.814260314861891,2.2187629724385687
0,0,65.30881207916163,6.8246849016518825,-0.9377746992388438
0,0,110.07666370453505,77.51227331380947,-17.932490628914806
0,0,169.92080414574394,116.89681227115263,-26.428657062630386
0,0,185.76174410737804,123.2515369417422,-28.067194652270103
0,0,168.05840311475566,111.31662929927899,-25.14921155080608
0,0,109.68041178391788,16.107206595260006,-3.5617217369851204
0,0,388.63812502367114,120.25483458237852,-23.544338017844098
0,0,104.74355836012211,12.996395551376496,-2.6225098791365156
0,0,70.80663601984197,7.294040038933035,-0.860914336904159
0,0,74.20031748461453,14.373569143350142,-3.742279652655313
0,0,121.7244523522887,85.13089946446304,-19.16732373600985
0,0,193.43843215276746,124.28398486141792,-28.180324059501345
0,0,223.86758693675478,134.21359456655424,-31.140885244266123
0,0,173.65269124420706,109.53487222692921,-25.937091030181882
0,0,127.48037000209942,9.961331780455291,1.5960439732975686
0,0,269.2422010868324,110.4758043372696,-27.569578495053747
1,240,920.3279658707205,8.485453449898461,32.47050700948624
0,0,117.24828500493298,18.43995186702653,-4.295800019516989
0,0,87.05109431551381,23.9859950958113,-6.208543001910471
0,0,115.78712376024835,76.15190337016558,-17.112870451302754
0,0,158.7000108089297,110.77904250575358,-24.57950115574465
0,0,182.9281942911701,121.59332188022758,-27.855149668048256
0,0,124.1377518122924,78.24192346136991,-18.857726434352088
0,0,84.29012928110278,11.451956169750478,-2.3728695781257727
0,0,200.11652681560312,103.58732648744596,-28.568282365794296
1,240,643.2279945419621,4.3529359162127435,33.647612943577954
1,240,916.6686862261711,5.231512683740631,35.03429097246675
0,0,137.6688565187425,27.957715161509714,-7.028253006702485
0,0,180.90708844288412,107.80591940114608,-23.164125984834705
0,0,286.8169004889766,145.85526320398642,-32.725225340679735
0,0,301.4900450607009,151.66296504738057,-35.228619018968715
0,0,159.0105848003229,107.08442741582523,-24.814732120299553
0,0,92.99994034286661,19.25891223227257,-5.330551009180084
0,0,169.3263752525555,90.92634962527261,-25.39966029643646
1,240,557.7670374753332,3.753365138698025,33.027467228945184
1,240,613.7977732222798,3.6597082630005837,36.67191443845158
0,0,474.57496982102543,104.80754209165889,-21.736418070511505
0,0,278.38690869222535,120.08631438503666,-25.137829918710047
0,0,249.41872243993026,135.9379701579481,-29.998198971954153
0,0,259.78876726756187,144.3395055383226,-33.55777006430242
0,0,165.19228480282655,114.58846387526938,-26.52450794759885
0,0,93.56067280252526,32.29816791630885,-9.662762664021628
0,0,169.1048459997247,98.99025982234268,-26.842585991835136
1,240,513.0607973272464,3.6495405667159813,33.56546862948095
1,120,435.67537618399274,3.227192552695434,29.371712362667438
0,0,264.8661197988996,116.22164132028234,-27.25942637846093
0,0,444.83359637097277,128.0766783885363,-24.365152368554433
0,0,279.88904978794795,120.71106356149876,-25.486211426303235
0,0,244.89502299979387,136.97360914639364,-30.882468299378168
0,0,168.7163592790967,116.57651415809154,-26.61357952245625
0,0,101.00961943509252,55.09923145959342,-14.346446938237321
0,0,137.21042631791977,86.29608718142809,-23.02205637380124
1,240,505.53864242967137,3.2888602274076497,33.84330938104718
1,240,467.6023870336356,2.6620011191627917,37.37001957738559
0,0,146.72270561623256,81.14821461212625,-20.630983658123867
0,0,161.94187411186948,101.23457025445151,-22.704961144592737
0,0,173.76497490244518,23.249919493035623,-5.3030955958230805
0,0,282.5442493976884,124.88124897270649,-26.945406409178098
0,0,184.57041506027463,116.38013347572087,-26.55698311513006
0,0,95.61633095674863,26.85330936303584,-8.108007413525243
0,0,164.2265999977453,96.01401784509139,-26.174340464309992
1,240,506.40358368394374,3.5042501497578002,34.787002029990234
1,240,455.1603374555989,2.7062327526039467,34.73613871032616
0,0,158.17525333053493,93.6264991774212,-23.354205581580587
0,0,158.46208961568374,105.60424800106111,-24.00951071123982
0,0,141.81916886801093,59.174868824173224,-14.505256108453807
0,0,421.52938099898114,123.86162308501085,-23.032069462390837
0,0,268.41031577879147,115.97678093929329,-26.894706892018647
0,0,105.65909244293731,9.794440508206616,-0.8118581287427844
0,0,171.8293882785659,99.40541642537356,-27.693233534195528
1,240,517.6836419339603,3.4519817338139247,33.1232547064925
1,120,391.52310653674186,2.793189150968608,30.158704138147172
0,0,148.24020707105785,94.55991567104353,-23.491065216176402
0,0,119.60793090063167,84.21937283624816,-19.350650442403506
0,0,94.265412879794,23.86066442595416,-6.268780052000906
0,0,209.84712726222565,110.47880769611179,-24.18899598470226
0,0,395.76406200880405,119.82712307303382,-21.864744123011164
0,0,124.31369877438362,19.295912746854743,-5.564191504254524
0,0,158.1082345534018,88.46748674587539,-24.020517182760727
1,240,513.7679406488913,3.324094418644311,32.944075902232285
1,120,399.3737804061231,2.710302583595092,30.89965155797006
0,0,142.59685648094472,91.46356099894274,-22.796415781694947
0,0,113.62173256092203,84.76503115666192,-19.21413426467224
0,0,92.0448377482816,46.20769736215562,-11.244122611641288
0,0,147.1765673855288,101.26627157338426,-22.2363274627927
0,0,202.82684234117943,116.61305983707982,-24.73545699200949
0,0,340.21914437972237,112.97219476296888,-20.60691525784651
0,0,386.6097867701397,127.78751846462504,-32.263989191346944
1,240,579.502659777388,4.570020642621072,28.421911465487142
0,0,198.0715018841387,4.551105257605406,13.658286043980823
0,0,153.19388320548717,102.82592448366458,-24.969647018067207
0,0,111.18916180167504,80.63328296294404,-18.51413218705555
0,0,71.202972960897,10.504734874382697,-0.7229450724382502
0,0,132.54233950221763,95.70224609451255,-21.76104656967567
0,0,179.9900920085381,118.50949323599022,-26.392282338698585
0,0,201.9704938191579,118.2019016411076,-25.109122208785372
0,0,327.1501881012431,109.04512258650068,-19.873872629860045
1,240,614.6965866189869,4.889810224219547,28.34326512745679
0,0,132.22336549156606,41.33305825136634,-10.990239297365406
0,0,135.0942449480141,97.69206518242204,-22.34192195481087
0,0,99.8545657748,64.06692164055708,-15.001244808527375
0,0,74.14602343301115,8.15891127438874,0.5485111043214204
0,0,129.51665483255408,88.95186499452848,-20.53454625450979
0,0,237.11980193497934,137.27086947564365,-32.04616884784888
0,0,266.4493590562613,144.16125330319406,-34.196066153238746
0,0,242.71929331522645,112.46424447917224,-25.858265037791618
1,240,912.3941760213088,8.518372176006118,34.323715707373665
0,0,232.73023073757628,110.6744591976097,-23.741112381472846
0,0,154.680244507947,104.34083023504142,-22.96793285589981
0,0,92.9100680720426,41.278358856491835,-10.350717331620231
0,0,91.57411926017666,25.31319272445491,-6.959471806612385
0,0,217.18999106048778,121.96578169433377,-27.373432921684717
0,0,527.7803517219718,178.61086216491364,-41.755689124745686
0,0,537.1564962952183,181.5828590099553,-43.69729305166495
0,0,338.1500870044957,137.17552727162956,-31.36573324360807
1,240,742.9493049505238,9.693666448161558,35.24117881976858
0,0,844.7637958665415,147.63741013541667,-28.29331608398676
0,0,246.08403949098812,116.02009861490168,-25.459458778530617
0,0,106.82507406350662,46.25944393547615,-11.777474134626203
0,0,90.5944230869397,29.538534171034183,-7.744545507602396
0,0,189.9017633156389,116.77353738598373,-26.302148689536956
0,0,365.6355621651288,162.45149206370536,-38.46999053619015
0,0,383.8003940943361,167.5177685713862,-41.061821715125056
0,0,200.8932735356915,109.91206810690193,-26.937739395170972
1,240,578.1148088222366,5.587999104966231,36.257134793013094
0,0,372.13724508747976,139.78491185415336,-32.29783818633636
0,0,540.0026631444014,146.4433728464964,-28.857240551868458
0,0,128.99529817167283,26.045173001982445,-6.647079294472334
0,0,109.44731975154109,42.19065798325507,-10.93230076629159
0,0,193.79975767752077,116.3658025447071,-25.592593227133996
0,0,403.4636488921179,166.77165048748196,-39.18187622132029
0,0,454.3910271898068,175.00277413201306,-42.50208429883553
0,0,262.8722885070721,124.76583624566052,-29.33343028468861
1,240,640.409034232887,7.861159109030251,36.06832862864192
0,0,586.5494257308062,168.2023611167013,-38.89242134378048
0,0,859.5890023253537,193.3890914970238,-44.612167027696316
0,0,723.7544107407043,162.42872140556054,-31.62530208998021
0,0,188.4180093066061,65.50757367632853,-15.075579441919672
0,0,226.33122983201696,121.48931614109182,-25.962179233149378
0,0,423.70617627303614,167.57907752159727,-38.48798239194085
0,0,508.8338532233399,178.9852423959718,-42.891120531287996
0,0,346.52432806614195,142.96063172758133,-33.52635168712367
1,240,714.6706911293871,9.129060254475416,33.71713918086654
0,0,795.8026342224704,179.5867083217944,-40.28736347322554
0,0,1392.9269700279228,210.59845317652918,-48.69569741877198
0,0,1267.57437818345,206.5383018809794,-46.6505940867083
0,0,1088.017924416061,182.67172098249839,-35.24796885032232
0,0,426.0444877068667,142.45625515202235,-29.244633475322843
0,0,577.5800642764103,180.08897677047375,-40.80838753674897
0,0,592.2932251342104,185.1403231192949,-44.118844081286845
0,0,345.40369067908625,140.444481222192,-33.110974955136044
1,240,733.6590423555522,8.83662082153998,31.995426906536167
0,0,815.8268291190205,177.11700880388247,-38.36615031615707
0,0,1727.68041118838,215.49173332705527,-48.66424733788266
0,0,1705.3547243756122,217.05414412934934,-49.52348658580858
0,0,1242.9658812786727,206.6240420002336,-46.1674691672001
0,0,727.4997537404626,160.0495991473458,-29.72574785118548
0,0,403.9029891706314,141.53051310659532,-29.976244152381717
0,0,382.31301254662225,161.34847965046356,-37.54163719921311
0,0,259.03410318919464,124.13934714256149,-29.38196866557727
1,240,608.3947357337305,6.452070317100544,36.94834965884904
0,0,425.68427311583446,152.96847315486642,-35.230267611918556
0,0,928.637296662092,199.66471087233984,-46.965736895740626
0,0,862.5800893448463,198.99061564374716,-46.96225477152926
0,0,548.852905297357,180.1563213168196,-41.758526606842054
0,0,350.0832609219257,150.49961111201625,-32.74583275255278
0,0,488.91925533919215,139.53876638212125,-25.69033576683337
0,0,324.63528354999374,126.2096865698144,-27.8381194915183
0,0,288.62389086661125,124.6295443989713,-29.017851549635893
1,240,660.8643167574513,7.231469461419858,34.21897721554099
0,0,614.4222086619959,166.00342594979224,-37.037331559065656
0,0,1119.5387869661224,204.45771060383248,-47.28989412647947
0,0,917.377416595989,200.54651435547476,-46.81995795057002
0,0,548.1305716574849,180.770378247019,-41.993651892361704
0,0,288.483142365785,143.58400195803657,-31.848982335982676
0,0,291.37166072906984,137.19156925082987,-29.060387361322555
0,0,515.4252723838142,144.81106175499562,-26.975361131718678
0,0,538.9365295260291,134.90764480437718,-29.334497642944598
1,240,790.2746280263575,9.706876534318969,31.80489817389048
0,0,805.9157586230139,177.8496984083481,-38.852516940071446
0,0,1535.35302611728,213.42498926687787,-48.73990560119142
0,0,1429.580618434792,214.19451333483582,-49.65455236729701
0,0,844.5332657833583,199.14790212388124,-46.50954427836497
0,0,355.40207149672347,155.10657586599606,-36.28340146976275
0,0,135.1295227616877,30.108665173263546,-10.223284266968392
1,120,391.7949905608896,4.039882233171375,18.11200216959689
1,240,831.338728650163,4.157827690563074,30.42455031921294
1,240,965.3000139156642,11.377688014919881,24.914434853563577
0,0,876.342064216231,176.69814131997447,-37.45424063706436
0,0,1308.4356993949827,208.77423034285798,-47.7094768840699
0,0,1228.2379835449806,210.8797148442545,-49.77907925847957
0,0,737.3974476875828,195.80595788991866,-47.33427932128295
0,0,394.4337528859814,160.19754344877367,-40.61564482831487
1,120,383.46316902969534,6.651538286309883,16.36992554517454
1,240,550.149432966212,2.4927373017229826,33.43629714469931
1,240,559.4407384785545,2.3124376295832527,32.83823834843304
0,0,180.95944969653397,10.416578892261734,0.18297788930775027
0,0,494.3964306495362,153.67961943532947,-31.520986314288514
0,0,475.39628992265773,170.27141545291116,-37.82831271812594
0,0,430.601945928854,170.09020317661603,-39.34018341611936
0,0,305.36665961648106,153.47950621324387,-36.14493551383119
0,0,206.6652090359909,126.99310117241745,-31.08337999723681
0,0,105.15678036013176,11.945008782944148,-2.162314668300894
1,240,453.39835122972653,2.1075357738268914,29.840726488994363
1,240,459.5011862740916,1.8923773303057736,30.809961760756465
0,0,87.31271920682903,8.233888756157425,-1.1620361799351713
0,0,155.89367886888832,19.304532964300815,-6.308975073056857
0,0,258.021702487536,119.75694843854822,-25.47242031220359
0,0,220.7328267133742,131.51556758051046,-29.542035416313183
0,0,201.03352324994913,130.26794632686264,-30.382743845408648
0,0,146.69724482911465,107.24670264826688,-25.67283003464481
0,0,82.33415475622994,7.665833392550965,0.2639068944994136
1,240,430.65889828614706,1.8232205483905215,28.330425124674363
1,240,441.9375962091582,1.7390037673951972,30.208066815510747
0,0,83.2145810662472,12.822677232961622,-3.8976172665639552
0,0,85.08933840086797,9.791939814891807,-2.7253778520453267
0,0,292.793474515123,101.71724467453068,-20.61259550599101
0,0,387.27802473942995,143.60323500600668,-30.549843535940212
0,0,295.3125053916221,148.4337189661258,-34.11326134517145
0,0,211.40957618852133,128.86578204586925,-31.376998628765328
0,0,111.06862549293746,12.960352537915584,-2.245452365329214
1,240,458.89230390647066,2.138147156869719,29.95456394576175
1,240,451.26762569692136,1.8410551348384692,31.512526554977867
0,0,72.03727284937253,7.25562809008729,-0.6794053099167456
0,0,71.23508801428302,8.842648295610575,-1.958882525451628
0,0,151.10119014854155,96.06344331296056,-22.13938279980944
0,0,163.01468466862667,16.729566079951045,-2.7935302618757163
0,0,269.4460234164761,122.30058400911106,-26.86589350305873
0,0,206.26817492734563,122.16436435854786,-29.462929374479515
0,0,114.8520916570223,9.642304319212052,0.18110208643211934
1,240,442.8948129786308,2.0801179412957143,29.966135800121236
1,240,433.3677174520174,1.8339334382329762,31.781574810811605
0,0,72.52343671701803,8.656476145458287,-1.7517674682240312
0,0,64.71738157341424,7.119771676283094,-1.1550349438500973
0,0,115.61233307611171,85.72692902199677,-20.271548123443907
0,0,81.1021916078691,12.509572561406257,-2.182953783884514
0,0,146.81521918865874,8.935911251195453,-1.0256679528532544
0,0,419.9955216119158,132.18241431805131,-32.67960898511564
1,120,425.1259042243477,5.490810485029343,18.580012345088974
1,240,530.2927396682611,2.251431226262746,32.63374941523131
1,240,459.0803917870852,1.9591023436452697,31.85505344401841
0,0,76.42665133378317,10.83766911439938,-2.2692988396325546
0,0,65.27169782403072,9.039944063878467,-1.6888461706383282
0,0,112.06263910790635,83.30125470172818,-19.995060063528825
0,0,73.60611531259363,13.389869852862216,-2.6286286952772713
0,0,90.50097428969731,6.1105821898285635,-0.3949067791299967
0,0,264.7040595083219,92.16988457818805,-19.249600148900925
1,240,681.963850151777,4.2521632098450475,25.350709614771176
1,240,570.8415030781844,2.1810970834612315,31.522872532528496
1,240,471.5676949101684,1.9166526008392977,31.881441499119433
0,0,80.33305705098184,14.170987716206449,-3.791658181874169
0,0,65.16152834068018,9.406867337570965,-1.6401228514379937
0,0,110.80583298760925,84.12495474264705,-20.27736047038246
0,0,67.8180826093969,8.391175236291513,-0.1453827250580133
0,0,74.82853349979985,5.33951538090284,-0.3851261844179419
0,0,146.12861680479546,90.9253244402832,-21.435565709020366
0,0,171.0411467952818,12.24959882388774,0.10237648912533359
1,240,691.5193311685699,4.192077532744113,26.934500180201496
1,240,503.82540125482615,2.362851733153037,30.659643901022022
0,0,82.52398272180552,12.095533193425451,-2.5274674387876814
0,0,66.42201301192108,8.174286341874996,-1.1960753971880251
0,0,116.79975118307459,87.58384226152711,-21.292344196502725
0,0,70.77558088791433,9.982968959421685,-0.7962651870921889
0,0,68.12810680195872,6.60966949670543,-0.7422262124189558
0,0,123.5333585237893,87.27605573710424,-21.532336001595468
0,0,98.67300841001874,9.30766173836356,0.13753590415180383
1,240,693.1028424913327,3.977678953449293,29.993844843162833
1,240,606.1503322075067,4.33696387700951,27.474213581108245
0,0,93.55255051669714,16.554900187382238,-3.8793295095145623
0,0,68.98521483989161,10.240093657317376,-1.7870642659963067
0,0,122.27862690217545,91.72553186179712,-22.18344038960366
0,0,69.06773567685723,8.908805215683499,-0.3183317501904668
0,0,67.18939614778888,7.301681096420042,-1.082850878825056
0,0,122.14143792367999,88.17883941445884,-21.81316746985918
0,0,93.1504491899567,17.54229772442523,-4.3987895233163385
1,240,527.8058351812065,3.6461157629881926,32.566706635271004
0,0,626.0381316496479,129.0806088384365,-26.920497860570528
0,0,117.54303385882992,21.772487140866343,-5.7415473451567465
0,0,71.7813159872465,7.245023381627409,-0.2242509890623836
0,0,113.08977668545695,85.97895125868642,-20.07066812929584
0,0,68.6075200468399,14.889425805396908,-2.6780336442549526
0,0,67.27601496985828,12.102172529664013,-2.5541461112356245
0,0,118.64651978955908,88.59385162523769,-21.92469583970643
0,0,78.32806540968076,7.777442286207574,0.5006173655477681
1,240,427.55209278272764,2.2294799941481913,31.73277223233484
0,0,195.22962006502263,101.60321089349156,-25.650674424905404
0,0,179.11338392566896,19.576826068272045,-4.586787243067874
0,0,112.30942509880424,13.919833637932117,-2.494844320607129
0,0,139.05064268266153,95.56852442990943,-22.410254019001187
0,0,70.45006597157841,9.061994565666291,-0.3962858905399571
0,0,65.1187857325644,6.4398569887079145,-0.6326740405308016
0,0,105.7520141134651,78.62324174013803,-19.532920358444684
0,0,71.27172048693284,9.361904492741026,-0.8331630222484563
1,240,399.64784095347943,2.1153413031134733,31.41131774292242
0,0,134.21550771069522,82.16363146567528,-21.678875835819852
0,0,83.28532373855765,11.107617649178307,-2.0764768719220257
0,0,149.14503991476386,9.494161478437636,-1.5836057033882298
0,0,207.67776844246686,104.69704592079447,-23.464016667105092
0,0,82.78099950538994,18.47241665999187,-4.471565390938764
0,0,69.61646891872233,10.603646274376594,-1.7869480190575473
0,0,113.95717786439744,84.93895162422963,-20.813924636038863
0,0,74.82726952929065,9.245556825863172,-0.5464663675285806
1,240,405.90090144347516,2.163862063278541,31.74414329652734
0,0,153.69067462786242,92.48857993725163,-24.781437940245183
0,0,81.21769470668669,21.064829738192923,-6.101923423250398
0,0,81.11298353544535,12.695852103295989,-3.24505979182112
0,0,153.77252096935453,10.04278344982428,-1.7825834749018696
0,0,106.43243834551215,13.369211833854886,-2.6799358668893944
0,0,75.80853007858384,9.502791622851033,-1.5949926194360273
0,0,124.07343101705331,88.74960754750028,-21.572816356046587
0,0,94.70630619830534,28.717391677879366,-8.483749223343722
1,240,424.75326531333275,2.844847960873453,35.11729128674925
0,0,150.0601205552439,93.08237141487892,-24.588246095911288
0,0,78.03137808980112,9.869427014491052,-1.237665381509231
0,0,76.29789638272125,16.263868578904074,-4.821399985266581
0,0,83.95317628186305,10.508036944696261,-2.50022866745293
0,0,202.79829814618262,45.877638332857444,-12.156211945093915
0,0,115.13878057341219,18.96241176724885,-4.513044412272961
0,0,126.79265668451504,87.50312699264346,-20.536865909333457
0,0,83.99314155567612,22.580502573408666,-6.224431844859765
1,240,428.17852336871834,2.5584389349762304,34.81330554186306
0,0,148.92465560382925,96.83616566930094,-25.48271345023658
0,0,69.81038353334334,11.163670721415572,-2.026902836487949
0,0,64.65037413233948,11.178642393047724,-2.625933879878488
0,0,63.92326801189015,6.189377041760237,-0.8862244658456575
0,0,73.44872547806784,8.60574663506298,-2.195418626091822
0,0,139.04500866164747,14.773607877593683,-4.753205303822099
0,0,189.83144574551764,87.08675749469556,-20.614481876770157
0,0,89.0782819591198,11.189588228203021,-1.6987694320479676
1,240,402.2980753696502,2.297343224536877,30.868328291923035
0,0,134.11788157594037,88.36771891933665,-23.241102594108156
0,0,65.17976239058184,8.104128853969323,-0.7555893264258629
0,0,60.597563221183705,5.315650500223128,-0.947169565472251
0,0,59.51782633275731,5.422148359383733,-1.2954929495960528
0,0,61.1632098621494,5.695809128717141,-1.3857217098894097
0,0,76.19079897119126,5.445907202003363,-1.4150846298326059
0,0,160.31440155471526,7.126681747994208,-0.8988266907987992
0,0,141.28149961912317,18.7622281539404,-5.027865116427421
1,240,434.7785125893268,2.8387640835794112,29.885397017193
0,0,151.31546432401018,92.12071901637252,-23.900381255492654
0,0,72.2764636811569,12.875364160823485,-2.7804102096498724
0,0,64.11213241250358,8.778009299087095,-1.494322770460343
0,0,68.2127418138119,16.822081805631676,-4.747789253265722
0,0,59.69848909513396,6.572998828173985,-0.6545337489715166
0,0,62.018192389136345,6.8083329303355,-1.3853676851213237
0,0,76.55983868367106,10.051273714243525,-2.9039648537081746
0,0,147.5236208127837,15.001968736433824,-4.7097500845287925
1,240,613.8704146843687,5.202158641354916,28.754789858609684
0,0,180.36161998583196,97.13124567554534,-24.234337574774713
0,0,74.83597562212526,13.648431253665583,-3.038008142014675
0,0,70.08578173558834,18.3451348898292,-4.998021356873849
0,0,62.72530170260617,10.606206529495365,-1.847745168034777
0,0,68.91610455998766,19.75921694632435,-5.531874855276186
0,0,65.6569254278749,12.342197575113289,-2.960022297954609
0,0,75.03512749571709,5.218146924686502,-0.9732458674192941
1,120,391.30064772712404,2.076761723887639,18.746287739145615
1,240,743.0161423507229,3.2243074150095996,28.417472946006797
0,0,274.96242148880947,119.38432979296479,-26.86413394712187
0,0,89.2523584715786,18.84736363063925,-5.053518702233475
0,0,67.20948364323542,9.17419637000779,-1.3499810601690854
0,0,64.19485729852,11.725749148239649,-2.611968395370681
0,0,61.92164317992746,8.899876359798718,-1.8221549896498743
0,0,69.56752548667357,5.86294270921375,-1.8807064591281204
1,120,382.6645210448199,1.7634694552110834,20.882758523107427
1,240,498.11901084407066,1.651083663554696,28.557476531901187
1,240,559.6332247498199,2.4834959719802976,30.664092988405898
0,0,539.5735253184284,116.7048427720814,-25.278213949131327
0,0,113.97248154320827,24.14084856649872,-6.143671926124483
0,0,79.13462029527514,22.698837438655055,-5.980123051177202
0,0,63.120913135924965,8.67291610580325,-0.9354973160292843
0,0,68.18370450027562,16.902020966160674,-4.98628041605798
0,0,66.30980303806243,8.179180336767171,-2.2372199684835294
1,240,406.5609321064994,1.7600127272588229,24.339435222788055
1,240,471.32442309736786,1.6010802882580628,30.075872910321067
1,240,451.233073390984,1.894224197454369,30.40218863535482
0,0,159.49063286447327,81.9068298454435,-20.88552746637005
0,0,174.89952163313117,21.670132888113155,-5.325906415581002
0,0,100.71230863200206,9.737383909817757,-1.2305796021959594
0,0,67.53837103693891,9.02458614297214,-1.430566608496207
0,0,71.29900071142048,18.897296276293677,-5.483315338580482
0,0,68.44743223042005,9.116710204669147,-2.528582352609533
1,240,408.9882089264837,1.8218991336715717,24.721359256168455
1,240,471.79613915861006,1.6203058910026957,29.861946839271837
1,240,439.7028963489063,1.9346725282794968,32.70022152840127
0,0,154.07059128835633,83.99427253494912,-23.037157907937946
0,0,95.22896650590012,9.40787447352886,-1.1060368591581238
0,0,193.09055119325095,8.21333271417809,0.30867781778154324
0,0,100.06088203728697,11.777593186330298,-2.08823366459319
0,0,78.6167211321993,19.537109174448595,-5.770471697103687
0,0,68.85936758780375,7.424657270117554,-1.6173490193423987
1,240,417.1891216555241,1.6913378544847142,24.812803325367142
1,240,469.8461557405902,1.560428454602733,28.954174494409017
1,240,438.6563967836454,1.8257823827995494,31.898233897820077
0,0,146.0242230431887,86.13816537538509,-23.4154835701682
0,0,83.40586571532442,11.674775073467467,-2.613886469860404
0,0,115.88150778230697,7.007531066523862,-0.5105566313518608
0,0,377.1537003132087,112.27872209415406,-22.986220612949197
0,0,103.09675782343271,13.266704164333916,-2.9582785938730467
0,0,75.7907551390465,8.980107914638069,-2.6761631253310867
1,120,386.2596385989475,1.918185640452626,22.206515254410533
1,240,460.0649964736,1.6587242698159144,31.458936716204434
1,240,438.1772896123404,1.9587512899825268,33.52637795434332
0,0,172.59008313999044,99.67036176861971,-27.11598822392103
0,0,82.32136768237909,19.773071382906434,-6.146271630391539
0,0,78.60502231995278,8.782563069735428,-2.155963358282591
0,0,213.92985403144203,101.2716429651597,-26.093205384999592
1,240,876.7185120428612,7.505175804557812,31.74762013678695
0,0,140.61542683698315,18.45378825457711,-5.705494942282456
1,240,498.2752670727586,2.3901666862046445,28.31996290018496
1,240,507.7380191320161,1.8819504048062023,32.34670401969511
1,240,456.9178346023534,2.1816175724072138,32.46796014473679
0,0,188.37138409849572,104.98132538658717,-28.458085551791143
0,0,83.26237388837056,23.057697307523362,-7.328201812442259
0,0,75.53154482816586,6.873312602328609,-0.7858399502651281
0,0,154.28377720222062,94.71321692502164,-26.199650593251498
1,240,541.137765341948,3.7817966499610174,31.520970309894054
0,0,194.5806760670924,9.452890563001736,2.669600304703124
1,240,694.6568800623116,4.419717332775688,25.918427960018207
1,240,580.0827485567278,2.327945808676846,33.15808651650971
1,240,479.9565141428893,2.2541491847942794,33.23954391687761
0,0,168.99791296104118,95.43917785054276,-25.706789992621232
0,0,75.91651737069654,12.203363522336803,-2.7506034377586417
0,0,80.51011494679416,23.475868098815322,-7.764011585894778
0,0,132.94461086983375,83.73243884473416,-22.94438756684692
1,240,477.34491301367217,3.2863906686721838,34.95011762089301
0,0,90.920159056414,6.491940627691773,1.5744907340590686
0,0,146.9385555038158,10.011281572689647,-2.141997873774784
1,240,713.7851635930996,4.642248354440198,26.246867833660403
1,240,533.0873501239392,2.9077490612760393,34.84954288304904
0,0,172.36177492424935,95.92060327764187,-24.702009577354012
0,0,91.65350567700064,43.13134823657331,-12.013735469774758
0,0,68.38978837356585,8.47540284670574,-0.9661970757683491
0,0,120.82969726448113,78.40363556402866,-21.84030584611044
1,120,444.78054361776185,3.1663470113682024,32.35992446700443
0,0,94.95660069927135,29.699565825205248,-8.563135314620794
0,0,87.25229234764294,16.23815953843049,-4.563152126835021
0,0,166.85708700022084,15.057353994505458,-3.857316566472747
1,240,658.7425240386483,5.539406148675149,30.334522349086555
0,0,201.02361553492642,99.63884815961461,-25.52320437259123
0,0,79.38091883566277,10.141981829419082,-1.770927077314198
0,0,77.95589694508851,14.61185606706563,-4.806541512910954
0,0,146.69673470648763,91.92849683086025,-25.020705843946494
1,240,448.08065158864986,3.4721580692930045,36.55655520357665
0,0,83.26300303961057,18.2749819141814,-5.132730423102402
0,0,70.65590045158432,9.47034939117507,-2.2405488580937885
0,0,90.66674713939392,7.821259919988617,-1.6175075378952783
1,240,662.1072021980597,3.7980807117963677,28.73161444618016
0,0,213.82728537523423,103.60487736567997,-23.487942400684872
0,0,81.35789907671081,14.203788221157756,-3.329824945992243
0,0,75.39139147040444,5.6821748903193985,-0.4915027012969375
0,0,127.82514488162025,82.13681060486108,-23.07569376814054
1,240,452.19310150293444,3.138130057967208,35.512615421798884
0,0,74.82814807381497,13.439363004599533,-3.040502167246487
0,0,62.98757841727815,7.000958511701864,-1.3493152822470336
0,0,75.53923067574642,9.278920460597389,-3.4156257547087705
1,240,488.394667901673,2.1807394870245687,28.36362947754877
1,240,763.8312313682177,3.656003022445809,27.653244434719127
0,0,107.03791989561957,10.292403360420815,-1.5728581455036732
0,0,76.73258887729959,8.116566441578383,-1.942502274988442
0,0,147.62228986490933,89.34440255127917,-24.63132615462947
1,240,466.88676434032357,3.377197602295223,36.06131154070157
0,0,91.74894962051764,31.279747703917643,-9.149754355321633
0,0,64.94888655761804,8.07210535982424,-1.2069603378184013
0,0,86.0364547423254,24.17925329573186,-9.443927801785208
1,240,468.32222674066435,2.2835388740172133,31.03519548857706
1,240,519.664867528871,2.1893651191800907,30.796234054077956
0,0,177.59140472778418,10.062344087716195,-0.11725624982719296
0,0,138.35578764829876,22.36338535874363,-6.785444855320421
0,0,214.45228761786925,111.70451020590177,-29.21433001196595
1,240,479.1705625433977,3.8773078380325496,35.01450785706862
0,0,80.7765123186867,15.599321287976762,-3.8415862420763176
0,0,63.432308991550585,7.106666725734191,-1.2202283406935805
0,0,66.47961719257094,6.805974373143781,-2.328114506698924
1,240,404.7626251495826,1.647559364540744,24.8252734515262
1,0,204.36253816970208,2.3922980512123138,9.690746320015705
0,0,87.34781564356858,6.2508312866749245,-0.9901809328175233
1,240,663.6163036336266,3.2654165660006496,25.66272696633608
0,0,321.50773305974184,101.4888377906602,-25.17648730980317
1,240,513.1302646929893,4.334206436221563,33.02219384508639
0,0,79.07885255608258,9.915853635775925,-1.0703384810518912
0,0,63.99808032915844,6.099595744352384,-1.2458238030302624
0,0,80.52446639670121,4.2453402247109375,-1.4319932754720242
1,240,399.30145635366887,1.5219868376614536,23.353851404273342
1,0,247.4807552437915,2.056293670936884,12.843099101897366
0,0,84.20123757932852,5.772791406660075,-1.373140620743328
1,240,496.8656962297541,1.9008863205952042,26.50622532196205
1,240,763.1426338380799,3.4128498542240835,27.529441444927997
1,240,561.1328038963488,4.118303470150926,24.906751987701156
0,0,81.7930903578578,8.439335467052297,-0.2890216697648924
0,0,63.35333634085742,7.583507247605632,-1.4100067521890196
0,0,65.78275000784602,7.775595870284766,-2.545496282200716
1,240,405.5552876956343,1.6651282918062495,25.27927058694462
1,0,245.23617034063363,2.0790936587578908,13.884565994250352
0,0,72.9268870347055,6.480183488570393,-1.6417397406772665
1,240,425.0782020906914,1.8005234400490846,26.89715320914543
1,240,482.9916757573572,2.3585111666893397,26.425856415657194
0,0,359.9935832380795,92.94779061637624,-20.820751501715776
0,0,102.40929389913268,13.04553584454792,-2.568042904370529
0,0,70.79689834569493,11.389092295475367,-2.569754904741515
0,0,75.38492991712876,14.168121530003694,-5.029587684701937
1,240,413.01677200876804,1.9620614823602682,27.119544170917905
0,0,136.41034998968863,3.00285098755823,5.413693837620997
0,0,76.28675303733527,8.907462367739639,-3.296747407960126
1,240,417.93775495083406,1.9169709406324407,26.308922563157083
1,0,242.52361027549838,3.330499117473327,13.356044003176194
0,0,236.56270268203096,115.38732844883943,-27.214549776143556
0,0,409.3067975111504,126.80175256002995,-24.14518145668911
0,0,102.10420655999464,12.486802805713019,-2.664020604181289
0,0,85.94827721222897,20.956228715636374,-7.4750692516759045
1,240,435.7698282224016,2.139497675651968,27.96176381021739
1,0,263.45001938626916,2.2687095641210453,15.913381545006686
0,0,104.23877501659008,3.7744563344614384,1.3902234842517345
1,240,416.0759660669982,1.5877219744294297,26.429417799144986
1,120,335.49175864264276,2.1018151332918578,22.29095280357238
0,0,151.75876088689776,92.97415664159655,-23.369507905884262
0,0,162.67850252135668,98.95613993318847,-22.375628283102714
0,0,199.07036733209355,12.619260135659317,1.2274090785994076
0,0,120.81672881369623,11.162510168689897,-2.569464287394595
1,240,432.86226528104106,2.065884249439162,25.721241448152
0,0,134.5972608126464,2.978909849720414,4.753020212971251
0,0,71.87233319996673,5.135756254453545,-1.2470391119355924
1,240,392.03830771792366,1.6432319964313333,25.318942496776117
0,0,92.86798295531277,6.768412082456063,-0.3311347653105656
0,0,154.91072924689675,107.72885725623874,-25.95255187303843
0,0,145.1483311565228,104.66738053261531,-23.460032567476304
0,0,109.44162905023514,46.85700405088138,-11.661052825447044
0,0,175.44904839908276,27.049587165926937,-6.895953422477547
1,240,574.9438865726288,4.463244828375313,26.287829027721898
0,0,94.32920654831848,18.72602721145383,-5.048113219580628
0,0,75.83619572905634,10.476874389353897,-3.082081583664177
1,240,410.5948458083384,1.8930219063433422,28.72639390183899
0,0,169.29344400296623,2.9830769198687843,10.440253741693539
0,0,127.10573594480985,91.47529286942002,-22.21718898950958
0,0,121.10544688453585,93.83534813075448,-21.37815557312277
0,0,77.79071357042757,21.76261612553708,-5.6513608564774955
0,0,88.80518497672563,5.608779406161997,0.4402006610974212
0,0,151.90424786012622,9.536706655497683,-2.0966457157988003
0,0,113.1253945808819,21.123530603351753,-5.832901587175471
0,0,81.9747847015469,9.356671176056585,-2.3856990130046825
1,240,419.2509692976221,1.9108791668871161,28.20175033135837
1,240,387.5894489352015,2.0845094962734096,28.491173505187618
0,0,149.8103418449341,95.34876664193543,-24.617466349156913
0,0,123.01116299458803,93.84604037701715,-22.18312863644968
0,0,78.15886340232467,23.386426123199733,-6.755400305599878
0,0,122.39595510639195,3.6615086538930575,3.4145952315759445
0,0,185.90464645929623,2.9000658141778937,6.053221087317937
0,0,159.5191090431198,11.850212562133049,-3.232283196459832
0,0,117.40671775682958,11.08245729926243,-2.2955178082771823
1,240,430.56226972452953,2.139459321460023,27.137012915444117
0,0,90.34360145925909,7.16677586657608,0.13987141083075016
0,0,131.1872837639549,95.40295705412154,-22.788606100990243
0,0,120.92282298405974,92.32930084403955,-21.335704304664304
0,0,69.76765226128595,11.90668346944962,-1.7157573369638186
0,0,72.01704932122546,4.33887346454258,-0.2772331733831521
0,0,64.70221392730393,4.971039439275255,-1.234056442455568
0,0,72.27652602947798,7.046852686557385,-1.8143664447522099
0,0,150.29326926791256,19.638945419997636,-6.678175350593591
1,240,573.8532217239257,4.863654470216252,26.47080170934747
0,0,121.82630683681867,44.03931559577571,-11.48687263955398
0,0,130.84105786896163,96.60887782538369,-22.04754771818034
0,0,97.72637951907159,67.36278308728494,-15.793356733264787
0,0,69.9068987343771,6.05237992916502,1.0149043905742445
0,0,76.81880526929656,3.73107909704908,-0.7778136275381655
0,0,75.52884117824262,3.7452455562632827,-1.3793386961605165
0,0,65.89923934374251,5.370837670174012,-1.383116721670575
0,0,82.22388891638317,17.43122939926215,-5.601379956757725
0,0,152.49888080236548,18.83592234956918,-5.640132458982563
0,0,217.4250102227889,105.25214027487826,-22.570341905544154
0,0,152.88787764562048,105.79735097931075,-23.135101237804285
0,0,116.90287530614296,86.31360918121169,-19.12677997413759
0,0,72.97552439317805,20.52621956458127,-4.692355315327248
0,0,64.24812543684013,10.776574947663189,-2.0644030421451305
0,0,67.18295726662994,4.796563061537235,-0.5297109564902627
0,0,63.35100678086066,9.725191789037144,-2.4254871697749394
0,0,65.49048375073396,10.109674965479394,-2.4209588231146313
0,0,73.66585067221864,7.275098482821689,-1.404146849684608
0,0,139.26790957754204,12.306675276211253,-3.7866120079411587
0,0,262.0853393344431,120.38306212179198,-26.226218302712432
0,0,119.21023930060043,77.23208736836176,-17.603258162508254
0,0,73.0574954313123,19.405427050405372,-4.506233398451329
0,0,60.83302448976158,7.0155335558667264,-0.5496790102000659
0,0,60.7542162119149,5.55767537836299,-1.0854135954297846
0,0,60.03984048502452,5.346464258031688,-1.3308373029341993
0,0,62.59533379329774,5.088092823284893,-1.3483747388333285
0,0,65.68414897207064,7.246384278602774,-1.8156927166445627
0,0,89.18168381561843,10.419517274590504,-3.551217240881627
0,0,394.1406477605493,123.83327888593776,-25.02510209181274
0,0,103.60917033425342,17.319435503032633,-4.228012202358201
0,0,65.94814876761615,7.374948432453769,-0.8311762563858309
0,0,60.26431144500452,6.1800312532477255,-0.9093576066610893
0,0,62.51509717209539,11.401025412653905,-2.885661244803501
0,0,60.85470470141028,6.035264032590252,-0.9501127266038623
0,0,62.46690758792878,7.7378391012825976,-2.116212189174661
0,0,73.89063337380405,4.30787831396741,-1.01696528430071
0,0,75.62679039066124,5.8453728794966695,-1.361637457756757
0,0,161.58695346009995,96.08268358054329,-21.99126834795989
0,0,354.18958936468596,122.34499906583488,-23.002569159701807
0,0,94.25682581557236,10.218060302109478,-1.5029831673987815
0,0,66.83900991937074,9.425138372161957,-1.7385681567217546
0,0,62.43348321980005,5.198306526806282,-0.7039756856115247
0,0,58.63329070157786,6.611767245391924,-1.2860663796520697
0,0,59.606723702560764,6.545111720823717,-1.145724620844888
0,0,73.42308898204509,24.115031231836113,-7.111570358090717
0,0,71.96884273297128,13.923744863058925,-3.2664492285549898
0,0,161.2189963411953,108.58267030131805,-24.90426868291204
0,0,204.08888572044737,117.74079942348142,-25.449355862761067
0,0,224.83466607701658,60.71193878623637,-13.002140918530557
0,0,107.7574648651305,11.751478042647886,-2.0574916332400193
0,0,72.40120566755287,10.73327261373157,-2.2344670296153595
0,0,64.29409882159375,5.649067100606743,-0.5915965995305328
0,0,63.421692772879204,11.525442801516972,-2.89204425853238
0,0,62.24128034999418,5.900956225689056,-0.8115727953476295
0,0,65.52351702484863,6.480506566234306,-1.1652171188960807
0,0,135.47823125346585,99.15479479352858,-23.53702502860505
0,0,127.79113670648503,86.73003643606042,-19.623640526251933
0,0,110.89161294135864,10.098419589433814,0.1366534842074998
0,0,380.6354572835522,116.24519169658811,-23.05267687426388
0,0,94.42932661591657,11.26843812968078,-1.9112846879766607
0,0,63.77486767165844,7.2024867778573265,-0.8851042680720553
0,0,60.13305689307015,6.303979367291701,-1.00031555229765
0,0,63.1280321805866,8.22336707324246,-1.6922014800074123
0,0,75.62248268847745,24.4797155231706,-6.9849827257208545
0,0,130.16913568069836,99.7445866057747,-23.12541575422396
0,0,101.79647791925443,69.73794177818154,-15.957048274909653
0,0,75.17175533932283,9.183258788725697,-0.25470768702038526
0,0,167.35071566230855,100.8036893351748,-23.201240462013224
0,0,179.48580745157471,19.483359158631178,-3.6548249670371717
0,0,106.46001897554682,17.03154984074553,-3.790522132245272
0,0,78.24924012774652,19.447548075225086,-4.790166546399519
0,0,86.51241048940115,44.63313956165971,-11.330900951433847
0,0,72.58975265853171,14.408911854388718,-2.735232422082049
0,0,150.7397285910877,109.11837277595448,-26.003769217470584
0,0,111.29757986400611,80.49451478913254,-18.549244046516165
0,0,80.93801714240385,7.965583585696892,1.330826582491511
0,0,130.830674039487,92.32722159561035,-22.51335976973931
0,0,99.19366223528054,10.990787170707737,-1.1881019139786844
1,240,702.9655306901803,4.102246600499626,27.15725045069381
0,0,109.26035414070604,17.44958345939806,-4.149286605051429
0,0,71.94185724600149,10.175091875260675,-1.8731821118185792
0,0,72.37487767196903,5.691519776380335,-0.16248687691263797
0,0,129.77679470022173,97.06460143162182,-23.052359837158136
0,0,107.32627521259109,78.87067952282578,-17.990788468708473
0,0,70.94903958519151,9.105225605923472,0.042625562597038424
0,0,121.28779871961089,90.01009415080381,-22.19811392364761
0,0,82.89336251603669,8.648549913273525,-0.3447356571467708
1,240,502.0320821635958,2.2411450832089024,30.203311258924657
1,240,769.2733555860558,3.723234762344766,29.181352716478145
0,0,120.31348717410366,24.909560428039022,-6.514684599115682
0,0,79.42404120173423,14.933409490267783,-3.2494983113014797
0,0,147.23526549581217,105.75447370007103,-24.832914198313688
0,0,96.30475844601084,56.05417322818682,-13.851092312375243
0,0,80.51268823204606,6.120629183214986,1.80298994406877
0,0,137.44033291789222,98.04965259456937,-24.91153411658523
0,0,90.41624292134792,9.606176475303073,-0.9056588404274635
1,240,447.3479794635367,2.1350853642880443,31.639119471299495
1,360,563.0527694317827,2.144280894613289,33.22522440760173
1,240,812.2751059963655,3.872895301055732,31.67811503530541
0,0,115.68763851191946,16.764693105063152,-3.5091569848535755
0,0,141.00076213338193,98.42009091714716,-22.23582548737528
0,0,98.72991542307834,59.22855025367093,-14.195674658651328
0,0,73.34399730273894,7.6060829762102085,0.5627090827067747
0,0,136.06733219921645,98.46785587411803,-24.82021686222884
0,0,79.57331441846108,11.648531781661381,-2.8323514554734714
1,240,430.1564388345826,2.0634857587652404,29.001634949138165
1,360,469.34936431821495,1.9027379256145693,34.945393768017496
1,240,513.1997320587321,2.088072600705094,29.063615703310163
0,0,226.90603600815243,8.476108563837526,1.9892809474010704
0,0,257.57680754041706,113.43950584743227,-25.968007431943214
0,0,88.33878552686288,12.150154977464489,-2.3222176165321855
0,0,71.99451890519838,7.526609480694003,-0.9063299023012803
0,0,126.16921881793624,93.53635509448011,-23.297112482788734
0,0,78.65276412981343,13.80908478062665,-3.8468437740798294
1,240,430.77702001445004,2.0295332743782217,28.362033724116543
1,240,453.48133117705646,1.7702673973139824,31.208445698959963
0,0,142.1314432681609,3.0174585199797987,5.715248964696514
0,0,82.58867760697109,9.796445755606655,-2.59588404620618
0,0,155.79125758143942,21.75126869943083,-7.0120259908403995
0,0,106.00064788187868,12.069077825499198,-2.199106824421918
0,0,75.73823518057934,9.687675974605547,-1.8913272021703875
0,0,130.84908379829352,92.60416593500003,-22.9221368459758
0,0,78.48734836595574,11.2048207083404,-2.5617232980628017
1,240,414.7118301459743,1.9738608110927867,27.491861979994397
1,240,440.79034175703003,1.7085529079263042,30.328149903261206
0,0,186.95318651506525,2.5116966812529387,10.043249309983494
0,0,72.15006096220849,9.802875723079776,-2.4302691461198265
0,0,80.57407865619432,13.053860057877333,-3.8464738974564625
0,0,160.5508830685472,13.682550240368222,-3.6461434342916874
0,0,121.9103863818113,21.214956167529575,-5.218187774954373
0,0,144.7960744784722,99.14694707463086,-23.690502691493357
0,0,78.68509456830866,8.384922149327126,-0.5368390074176261
1,240,422.92163034478347,1.847666269465307,29.027209275667786
1,240,429.4776810031172,1.726763591068206,30.55751568135993
0,0,95.87143761449627,4.345192881697742,1.647271885633245
0,0,70.29633201587966,13.767980818732157,-4.167579646052573
0,0,68.3841430164934,5.465912748521841,-0.6309620401598153
0,0,73.59030717918495,6.412820893193036,-1.4942065235215694
0,0,137.7680130213784,10.874619091693344,-3.2410545563852935
0,0,304.8091976096646,120.96681111829074,-27.874552338919486
0,0,109.51916768954342,14.836609826959796,-4.265966827866947
1,240,439.269224099582,2.3444769166309003,30.99623162828172
1,240,440.81237905451763,1.8903165821338617,31.23804639673247
0,0,186.2902538210961,2.5873726605408076,10.360666860249495
0,0,70.17857870947397,11.125928391638606,-2.8808898363621296
0,0,63.40187734283375,9.550563799434494,-2.041095530921538
0,0,63.290500569265916,7.457363017653469,-1.4732873584945452
0,0,78.35925657430894,5.99336320595488,-1.2827691937523866
0,0,142.20023047040107,11.16436109687058,-3.386542884208964
0,0,130.75689897156033,13.157308081939636,-3.3676157689963446
1,240,456.5790224895396,2.2088366399789585,27.875318359385858
1,240,455.02439544352507,1.7196852121383215,29.359517002000004
0,0,138.16854997206264,2.8896118151310675,5.644391171563825
0,0,64.32343654067706,7.383925118272034,-1.4855831142454576
0,0,61.734229794786465,5.712775669556217,-1.2078057701003786
0,0,66.29176170115319,5.916691822579593,-1.604186695502463
0,0,69.60292232896015,6.659275454889645,-2.008060264503527
0,0,119.95985883298928,5.042132318238597,0.9537585007806797
1,360,663.4949171205106,4.6841112781094125,31.635251618609487
1,240,605.5899228255118,4.074393335083427,24.742854371937568
0,0,173.64709123136814,3.3327990153126605,8.396738237134443
0,0,87.8417390431741,3.904632718051484,0.7145434365969976
0,0,64.15089606412855,7.044188649507468,-1.4766109641530392
0,0,60.71931815619698,7.715652329306922,-1.521920850514931
0,0,63.9896519697541,11.374562825115051,-2.9743999306998745
0,0,64.03849337727746,6.978123328269425,-1.4619955535784754
0,0,82.86104341359986,6.913487941552246,-1.2459030623066951
1,360,423.883608258775,3.1474074857729,34.04054873243102
0,0,475.09420663898993,111.33187712109314,-25.058787284297523
0,0,102.16357349772234,17.370866218301853,-3.974741826486749
0,0,73.6267129306672,17.05615969520055,-4.167051250876341
0,0,61.82996847582129,8.1298054061862,-1.009974616119166
0,0,59.15044168480074,5.702321219283603,-0.9228475355102859
0,0,58.34673781788852,5.9304997829055575,-1.275683414439115
0,0,63.330029404831414,9.383679746798421,-2.727988124215912
0,0,74.94489247102499,6.500881666672818,-0.8817436747512204
1,360,344.89111946344826,2.483421068499558,35.72919403663279
0,0,211.1798169573078,101.11500625015974,-26.86368481122208
0,0,190.12435815795726,23.68344820523391,-6.974842822288963
0,0,98.3112294429303,12.680421083812073,-2.3496254743233322
0,0,69.06389842109613,12.112294426531175,-2.66511438219608
0,0,65.89758994724845,4.672279235507294,-0.4642322262516103
0,0,59.06701396316486,5.734164674339438,-1.282071712119759
0,0,60.9141169833715,7.301714487128323,-1.9292554079203086
0,0,70.50523856770612,6.295940328660043,-1.1606042290075749
1,360,323.50269795740724,2.192868887420707,35.77520668857906
0,0,144.12952558188033,77.53530387800794,-23.096052834280748
0,0,101.2285867387298,6.918910773067472,0.23088747993668335
0,0,151.5564235809016,14.400076853467755,-4.451613189084242
0,0,98.46516177965067,11.303790767686683,-1.934856396788362
0,0,67.95527725592154,8.250018273160526,-1.5332602109968576
0,0,79.1530243860525,4.309698558794538,-0.35582138794411833
0,0,73.89957752386461,18.146554030518256,-6.174012377143711
0,0,80.41099812036256,5.864157409033935,0.4287239178696609
1,360,333.77588750225374,2.3634441926121394,35.70481388320145
0,0,178.6957521989501,105.38914686321502,-29.18856017922112
0,0,81.5637392247459,13.40836108563755,-4.245623613582012
0,0,80.90139033778321,8.055012926990427,-1.7872492043079973
0,0,162.5754350785802,22.41966043406839,-7.3481698661520625
0,0,111.0486060138412,13.692195642803691,-2.831897035621907
0,0,72.7046209380801,8.64013455233502,-1.424167742912033
0,0,68.5025764864018,10.24741885675307,-2.782111642117343
0,0,76.51739081307312,7.358981807959986,-1.2026063615662537
1,360,325.41323189227023,2.3877381890158484,35.95877117280202
0,0,143.82709088040284,93.15923863024602,-25.82656661116947
0,0,68.42184674665998,8.860003341852764,-1.8480040816711352
0,0,64.96947850766242,6.033625180529734,-1.0484629207558953
0,0,89.62776904886708,28.111254662703676,-8.638463330944404
0,0,146.02707972990007,15.86144195779262,-4.086788023606715
0,0,105.91828008170118,11.87998443959807,-2.178103116166696
0,0,73.32765637458647,10.599126796888118,-2.5193407209772403
0,0,81.53185089252744,12.268770505150755,-3.501944390698
1,360,343.81033965765107,2.657704772826278,36.93102886497216
0,0,157.05197464187708,93.96987839196895,-26.366840110963018
0,0,72.18266346610477,8.714101288339508,-1.5663324650772097
0,0,64.93616750011748,9.694329750069311,-2.0713725745196285
0,0,94.3148097541779,59.415025627552474,-14.733607367814173
0,0,78.45928028541081,11.02529601649085,-1.5230146285297224
0,0,140.65148683868486,14.103220822523413,-4.040241692532447
0,0,114.66718920881213,17.872425340043122,-4.742151276735328
0,0,85.47916277638458,8.607051580040682,-0.8380770973874121
1,360,338.8905129935397,2.54637721844823,36.643455074259734
0,0,155.26460698129543,87.75449224458639,-24.691890809729166
0,0,75.99163009351184,19.65015747836761,-6.395975338823433
0,0,63.76737453707032,10.199264040701735,-1.99285833528333
0,0,71.93633658557121,21.4854136849969,-6.353222885114519
0,0,67.7637488815892,10.695042057652435,-2.156856346130425
0,0,76.61822505234905,7.40029874842622,-1.4003635402227843
0,0,155.29867183672255,12.800254018673252,-3.8686030874370516
0,0,159.62399025523683,12.4099762006668,-0.3066489328439843
1,360,396.86443052347914,3.2810894425067123,36.534045569069164
0,0,143.9578863219729,83.06843663455827,-22.987763526863795
0,0,69.30508439915509,9.728092268399756,-2.3500640423196018
0,0,75.33733547602702,4.465801022461996,-0.6007642558381576
0,0,65.77310302216598,9.757789242384037,-2.895087814747484
0,0,67.78809873498601,5.4159692734485105,-0.9768019669553212
0,0,68.31527646184459,7.632211656666248,-1.7643961129359695
0,0,93.42999638956819,30.0537347507858,-9.160443789736817
0,0,157.422425693625,16.648354462701054,-4.1443989496712845
1,360,677.9590927920873,7.061862261155694,33.55201568829408
0,0,177.0948286905181,83.40612679437612,-21.674548279326515
0,0,72.98225801185482,10.565720746929868,-2.0306068866733398
0,0,63.628156404125114,10.742367520706184,-2.2920462519693388
0,0,62.08827190203165,10.142238125666433,-2.1144790529966286
0,0,59.959813580902164,6.89456127589189,-1.0309202009050011
0,0,64.13373327174364,10.070114195778451,-2.4492015452842253
0,0,91.04380144514727,38.196418140949746,-11.475337772856832
0,0,121.93101800806001,19.243155427770017,-4.983279131456982
1,360,702.8716681268072,6.010260258022668,34.84179660976548
0,0,211.3271176998768,106.54295647072027,-23.944829857717274
0,0,78.74744288938989,17.178912963358993,-4.136187688632631
0,0,62.11826144447172,7.219391049537716,-0.7106968722531946
0,0,59.87276965664357,7.6919458288786515,-1.3562108392968497
0,0,58.995290721804686,7.657860232884294,-1.3548000241763134
0,0,62.42287833718705,10.189280218925575,-2.3199772209849527
0,0,74.63796869042964,21.037682189908512,-6.728637089923723
0,0,87.1518378663227,13.954825295307948,-4.007713685483623
1,360,410.94644499500305,3.0923204879468598,36.38923358707106
0,0,221.28001825129985,23.518346494458804,-7.368650463182803
0,0,119.11448361547805,31.98882917517669,-8.586590776493722
0,0,68.34884819873224,6.624772926267558,-0.09570829454045793
0,0,61.69455359046204,8.89341751387519,-1.6281335648892963
0,0,58.69864307812937,6.544702007808587,-1.0008492314256472
0,0,59.65486794249385,6.81235064474818,-1.3037993217664194
0,0,64.60829468363885,11.731449934840029,-3.383319673633949
0,0,73.85381952422019,6.9786386281188495,-1.3305414016355144
1,360,342.2066728230915,2.107410107445048,33.314026500919255
0,0,89.12529259321505,9.197109615501482,-2.702244711229895
0,0,154.38988270864252,13.394914557167443,-4.152018408112539
0,0,105.04951857575529,15.902748971291526,-3.3838427848584303
0,0,82.7803363459748,29.38002938127361,-7.768244031256387
0,0,75.86687677105749,27.13792634571766,-7.187299954748269
0,0,62.37319806134369,6.6739971474354745,-0.17202969379539468
0,0,65.60841276604451,11.318066649154375,-3.4159322239109855
0,0,80.6307816202031,5.423437511458871,-0.20493814537111632
1,360,314.9924695394536,1.9742026146268843,35.20187678656045
0,0,74.82300150331118,7.391694775108502,-1.8715916423381174
0,0,88.6925442326486,25.687415928939,-8.488848236794354
0,0,167.62891387097298,7.600718804047369,1.168408473221362
0,0,122.87350923769905,35.90421640864953,-9.580967090740941
0,0,68.89414661490869,7.994323058559913,-0.6761028400652975
0,0,62.681833586754166,5.836161556268859,-0.7983681998935879
0,0,74.5313247212348,25.26548371948171,-8.194484568067352
0,0,81.84986133821687,5.354128779259648,1.0582539308322936
1,360,321.6690905147001,1.9619258890110982,35.4312531325627
0,0,70.83684661542043,8.97475096208783,-2.330508136847257
0,0,86.19639518998633,44.25135561787881,-12.267719179134133
0,0,77.81682618090223,9.881110152583267,-1.4404951538575972
0,0,149.8613767797537,8.42848890157027,-1.042761536804349
0,0,100.80680601464447,13.23332518792292,-2.7335785451804497
0,0,67.54534838087082,7.708770233594638,-1.1325200253908605
0,0,66.95447334198398,10.447120560920379,-2.9367517743933576
0,0,70.64827128429565,6.194850861789461,-0.7947751126952198
1,360,308.9046207642648,1.9463261110826244,35.31718318191777
0,0,67.53231758176484,7.258739743118493,-1.6289737132195086
0,0,74.8366387815404,28.821586931845914,-8.81207813399891
0,0,66.8753023102692,6.5071487416366205,-0.4749797841361669
0,0,85.56528281188534,4.498885799659484,-0.7754199973898466
0,0,139.16970530380993,8.573622066341477,-2.1281010806398797
0,0,107.61406372664366,13.438925315585573,-2.690371671619971
0,0,79.64176720697908,19.60758883756661,-5.714667882541832
0,0,74.97161156062289,7.540625907333833,-0.6655719242029932
1,360,317.93653458879265,2.0939520727173586,35.87736661195173
0,0,70.32721710693163,9.481455862710748,-2.82282449044601
0,0,79.42908574771262,33.743462162983,-10.65878228726693
0,0,76.06383511735311,8.022671769890882,-1.5502481159127228
1,240,417.00978521197777,2.120943045653478,27.17501509651872
1,360,544.4718814879711,2.570073791909173,38.2030662764257
1,360,833.8073594111117,4.924058712723223,35.00751190493531
0,0,106.18092521827046,13.689254553120197,-3.1709153806922643
0,0,81.16280551201845,7.3637724721468025,-0.6836853108442256
1,360,325.01597106245737,2.132464419300842,35.494607714192895
0,0,73.97177121164749,11.084486912854999,-3.3897608108322146
0,0,92.27573625336215,59.14388224688802,-15.888578827973532
0,0,82.26044203662435,5.995685665083593,1.4568805357333758
1,360,392.40958630193325,2.0241357115071006,34.95647949881484
1,360,461.5487958268663,2.2418535076954145,38.69133512297451
1,360,562.4918159189857,3.5681374041191587,35.89018547892712
0,0,677.069076176682,112.79488107747852,-23.74050472702018
0,0,155.00753918544834,14.631858003777808,-2.143551355592905
1,360,386.06048672535564,2.8269985967809617,36.2781966247377
0,0,77.71169557550088,5.590632458662592,0.48982225209735475
0,0,89.16320037243244,42.49270491565982,-12.917634677995792
0,0,87.27994099402787,6.587429028861031,0.9095212566265616
1,360,377.81758523608164,2.169049806158434,36.81206597499532
1,360,429.2160901199771,2.1898339427733937,39.24977484892692
1,360,432.7864497226063,2.651032722718116,36.48866699133437
0,0,246.13908739047366,88.17821130816252,-24.83678205100371
0,0,239.32861023789496,14.860014908561958,-1.5390144344660257
1,360,628.3979815943974,5.741516044870813,33.941020217035984
0,0,93.53098933366141,6.891123386616261,1.193269466263061
0,0,91.5122583896057,38.09846243717396,-11.797310089541952
0,0,99.07889598025757,5.656758244156172,2.013354631630193
1,360,385.973380452776,2.054986695443137,35.85622023699894
1,360,424.5512567530296,2.1190460924424603,39.192031824068295
1,360,417.83894986600785,2.518665863542227,35.84404601213855
0,0,203.09605105554982,98.49468395454483,-27.56669874134328
0,0,103.46411413124333,12.637488755026277,-3.556992600157841
0,0,165.89803378929096,10.52249331647899,-1.8415153889070126
0,0,108.67194469451651,17.864902503712464,-4.135912923140992
0,0,97.32721423145115,49.87267233254892,-13.150297641994214
0,0,77.98041117133181,8.164830454270314,-0.5524319490682359
1,360,383.33248694870906,2.0414830869109006,31.81589936145963
1,360,404.03584777482627,2.0167714810407795,39.79823847395207
1,360,382.1788389596554,2.04877286512227,37.1973717375036
0,0,123.81237292865701,65.73216860474547,-19.65212631020259
0,0,70.14861183915065,9.22328702834258,-1.7495323566285634
0,0,73.51702522979774,6.9406733928028155,-1.3818855609099643
0,0,141.74777437234374,8.934683014601639,-2.0771320819405616
0,0,121.06269860839087,17.887960141458183,-4.848474954096702
0,0,106.09101893927132,20.13086816381919,-6.974980205034782
1,360,423.17696372369863,2.6288524935163604,34.69235588602359
1,360,442.0175380928427,2.3679526150688197,41.369580049030375
1,360,397.012026003566,2.45547214321639,39.029962455614466
0,0,140.44524992860653,70.70293685732238,-21.40404165280637
0,0,73.34925156579733,8.78399165057893,-1.7815055487423592
0,0,72.01732138662653,9.308732948383293,-2.4749555261737584
0,0,80.65362377783559,6.225014403238108,-1.1453283244627244
0,0,152.45129202929294,11.980568082360767,-3.6393271365182898
0,0,182.20696024896077,12.501371983942642,-0.0034135091080429447
1,360,476.26064170189443,3.0217158352856863,36.91142540393396
1,360,466.1815254764862,2.458970271134662,40.65486216575563
1,360,407.7729834683186,2.526859672619028,37.746871017074156
0,0,154.9705949711931,78.1706947634445,-23.249932077502997
0,0,70.19243704084157,9.857557068922775,-2.399474275249034
0,0,65.44400591138249,10.523784724683065,-2.588296291475501
0,0,65.7305757991594,6.915323528056152,-1.3577220495008788
0,0,90.83739449419326,5.317561892659348,-0.8792285137123486
0,0,213.89389605426572,58.964362969747924,-14.65787777115662
1,360,896.9393195359264,7.659111933219062,35.69094879377714
1,360,641.5691211030996,3.8616047293987186,41.528447342716234
1,360,474.90775115078196,2.9867334280384994,39.30954691126226
0,0,148.37281628196845,65.53090024464366,-19.61380180807049
0,0,69.88439665849596,9.022238866425111,-1.8098698018024777
0,0,62.04799488661317,6.153537982355315,-1.0968163633328771
0,0,63.24935634538149,8.366719701055848,-1.9250863699798373
0,0,68.54243973568946,10.985164897394396,-2.7323579523233548
0,0,110.03111542197061,55.32120205882975,-13.95595761905021
0,0,225.95367107166578,74.4376207971885,-15.093941174293718
1,360,779.0512954124665,6.540277738961292,35.35867277115548
1,360,522.8395080056268,3.626832854568536,38.97758792574636
0,0,160.28730837519086,76.27283910085163,-21.20580891849123
0,0,73.24358816565221,14.965479911894775,-4.191410268500633
0,0,60.30298440816245,7.352035638185865,-1.0332715594392283
0,0,60.70593593928127,8.157652354441373,-1.6796626624754225
0,0,60.56275585393281,5.693163140698728,-0.7826431594489378
0,0,93.95614253511434,58.92836959112365,-14.620794997688662
0,0,105.37707398259933,53.60102106235731,-12.788288822805995
0,0,162.95895660563843,22.460241876500856,-5.490364130231413
1,360,651.7099054860863,6.856626723929412,34.63005809474585
0,0,157.67541250845588,74.88486135861999,-19.989918778464087
0,0,69.75005869868266,7.949451361339066,-1.0031001948763816
0,0,62.56828595800687,5.795701493573254,-1.0317127936693424
0,0,61.15827300872561,6.559085732239512,-1.4490023161949352
0,0,62.488927881328834,6.2388575591755036,-1.0965098941306621
0,0,89.38114743081567,51.69486645507913,-13.360974082709618
0,0,99.56209546863711,56.392989647570495,-13.454357362205073
0,0,137.66664598735872,87.48868776744067,-18.887490934629227
0,0,171.76331039427816,25.06689564055817,-5.711877956011335
0,0,195.25725737534918,98.01073888264781,-22.037328555472016
0,0,82.24902662583729,19.328281879953117,-4.9347618863753695
0,0,66.24906443727093,6.839523912902484,-0.5042106052853086
0,0,63.08026203058,8.342384191879681,-1.5945857551503337
0,0,72.46383172206437,18.936135987186056,-5.286171098328367
0,0,100.88247420432032,72.51295149339403,-16.745889433506207
0,0,102.07276033405293,73.95704006476375,-16.40027671663647
0,0,82.02836458147243,28.23612688716063,-6.9527876076330415
0,0,102.85544714873159,39.609332425106615,-10.522609566400206
0,0,183.15804421085065,31.685110902454717,-8.271688387266579
0,0,98.77201754389574,11.836290441682825,-2.1561377286907373
0,0,67.21252737491002,7.0189163955962695,-0.8888664417268188
0,0,62.519580583184045,6.711866271658752,-1.1635315382839053
0,0,65.08156378487891,6.289720632403937,-0.8862720214115285
0,0,101.74298305976673,73.16260833333095,-17.26386465686278
0,0,113.39315227977984,87.179847179578,-19.079446334250733
0,0,106.33953934710112,73.23224871648405,-16.272484343264793
0,0,112.37503820469846,74.13574713548618,-16.82770085864219
0,0,92.6340973988495,21.134013480848985,-5.432679228842176
0,0,161.06603890549545,16.583885127073707,-4.337601361908696
0,0,97.61648776915132,9.995621330505637,-1.3257699931941431
0,0,69.91440887305279,11.983548879913569,-2.476942292036398
0,0,66.23837453422009,11.815149611082777,-2.3067779094826903
0,0,91.10560563542634,57.48649744082256,-13.91073227591653
0,0,101.87510482016705,75.7300180881902,-16.82951853804842
0,0,102.55766023118925,71.33253761345262,-16.72426750289479
0,0,71.88015508024783,6.5359067147569325,1.0952415931685238
0,0,67.31913733592974,8.803713827302802,-1.956140154486988
0,0,79.15004300269896,6.825404606783085,-1.4279510523738566
0,0,154.95280869559738,13.48905289078024,-4.2843285602409935
0,0,111.49965644065958,21.68021146730471,-5.294192137103565
0,0,80.89723567238752,23.961361777615327,-5.951848625297032
0,0,102.5551096180541,77.01748438378517,-16.968999012718342
0,0,96.4885159523248,71.1239630053982,-15.41754094812164
0,0,92.21352963301065,64.66691476540898,-14.395783195842085
0,0,79.42467602100342,38.41176835543059,-9.493290479148783
0,0,67.17478396853912,12.242655361468344,-2.207212406425313
0,0,66.85533951146483,7.701849332464621,-1.641602357931447
0,0,127.81562259258239,4.877048656494998,1.4925630619843133
1,360,657.1025591451611,4.377479891702776,31.42150520192017
0,0,130.54426852455657,31.069194922010432,-7.883027315389242
0,0,114.62216238493309,71.24942543318531,-16.06809580514654
0,0,110.81133097592277,72.69731874039597,-16.420514251886146
0,0,86.32363677725475,45.35620542252767,-11.087310775190971
0,0,74.60901072930201,20.594266218252613,-5.345969580422533
0,0,67.64367735124512,7.338180299152204,-0.7798849366290028
0,0,73.75073507735614,12.563122232973987,-4.293638883246203
0,0,113.52244002558557,8.130693418536172,-0.9842734747472406
1,360,489.6280310532436,2.9379703596254974,35.65978404628298
1,360,767.5973420269253,3.933113638538217,28.7069700951607
0,0,175.8420241988286,88.52901950407711,-19.50613072300972
0,0,102.70590186660365,61.962707790978406,-14.173904777390575
0,0,86.37657050185271,48.17981756977279,-11.499559407735305
0,0,69.00908857883654,15.667284916103185,-3.1308683102856634
0,0,71.473428641689,23.202223122384478,-6.4839425677625115
0,0,62.11814241585875,8.038375329750503,-1.1691589469107697
0,0,70.76423916150674,6.782654121989686,-1.5795423444830163
1,360,368.50768858799853,1.9598520552913463,34.26570848492693
1,240,456.83363036071864,2.1007554295297086,27.45371184827046
0,0,222.9110503307849,27.663914831598916,-8.90438877128662
0,0,117.8640030157561,30.637978290747746,-8.092710373173333
0,0,72.66023460149945,12.695696881625059,-2.5420722814587293
0,0,61.74874561754001,6.502319723257859,-0.6531863412721179
0,0,67.06726145481994,12.482489087183682,-3.5397827692679726
0,0,73.55980751411785,18.395260660120716,-6.135344418147071
0,0,78.79538308027216,7.017273933729451,-0.7484242878361584
1,360,353.5737920014542,2.0231145875497902,35.63177910194268
1,240,399.3645301824863,1.7754771374510203,26.41018421473015
0,0,93.126042656268,7.533684249817587,-1.5433789786217034
0,0,148.86890486872426,11.76502203588811,-3.3657875216865847
0,0,117.13784912421055,27.826621435893504,-7.1738205938025885
0,0,86.02063527285833,32.82066210969103,-8.873810542438079
0,0,67.31697781680865,7.493371737954523,-0.25506171178847126
0,0,64.90021519097036,9.979491813502536,-2.663613739895581
0,0,75.51973832336476,5.994067118183517,-0.8645972512824898
1,360,343.724480351493,1.8726250342605792,35.069154486194535
1,240,382.6719574991161,1.7318855677895582,27.588780223218848
0,0,93.63397742402923,23.219745122168074,-8.730816239846206
0,0,105.21390275830055,18.51145310532764,-6.320853396618546
1,240,731.4581239492678,4.476938177351229,29.357413989198605
0,0,128.2500316857013,32.31789189793587,-8.609232509795262
0,0,75.12797548186543,11.996915090193486,-2.2742604703373814
0,0,66.77545997610139,9.66440265093336,-2.236406239912128
0,0,73.61440197126825,7.379986368372183,-1.7263939318613666
1,360,352.3193891255333,1.9341491063658953,34.65857029845532
1,240,389.5003456239327,1.7276148285164898,30.30944471402259
0,0,85.18929409561956,10.562941196078329,-4.65924078963279
1,120,296.9816946436088,2.4913202271370642,14.787889251729297
1,240,509.308652692461,2.2538807054506647,30.0485654476134
0,0,290.9591415646796,51.181162140039156,-13.70107563789125
0,0,105.3603419604328,16.07291524030651,-3.7283934274239385
0,0,73.61669185506068,12.601090175644746,-3.20716857373354
0,0,75.6019304146374,5.839570115868295,-0.43896436892420354
1,360,350.3394558412777,1.851344549279273,33.9914713884626
1,240,388.103561854779,1.6772434785900792,29.46162408585505
0,0,87.97724461700038,8.632309394726677,-3.702755693473165
1,240,407.8782274343037,1.9534175755603491,24.844760665625643
1,240,439.36000325507626,2.06447529691742,33.59300858606615
0,0,159.78523434961127,68.31063158649746,-18.99541564937458
0,0,176.40220685965588,18.721394025066882,-4.470112304204122
0,0,109.05793748230123,13.076968232911263,-2.9837683771744707
0,0,84.4069813708674,7.6726604387171635,-1.0963619434813126
1,360,360.29473696496024,2.0225807874430743,34.917726996590005
1,240,395.0753284459656,1.6962870117294204,27.996828114112134
0,0,83.85769266214173,10.362127671570404,-4.457779560790868
1,120,311.87868102407305,2.284226090891709,17.20239100952078
1,240,418.9487953254873,1.9321639385134044,32.401382352531584
0,0,133.23297752286365,74.50547071641645,-20.281592915744085
0,0,87.45079239787802,13.128416997211986,-3.1399619912686063
0,0,158.76639476679367,11.54911410633381,-2.4649688573429813
0,0,137.78299929055467,11.445631789111651,-1.4254623110937956
1,360,425.8869618396404,2.374606841758372,33.620855011853564
1,240,425.9403320024859,1.798336461463095,29.203471338555218
0,0,81.05217691830359,9.591512539658057,-3.424846250534017
1,240,373.2334419326716,1.9720337978788451,22.67727308481902
1,240,415.7654487558969,1.832691213639748,31.854260851254068
0,0,112.90864914468678,57.545048499019906,-17.095486250004726
0,0,73.86585841821805,7.217754002380349,-0.5433277001817629
0,0,105.10598348253814,4.205848041329707,0.06995416111175246
0,0,158.24906240663674,8.62148900034033,-1.7730089543085512
1,360,706.6650760140899,5.299492555995408,33.031292810021114
1,240,494.6349413178179,2.437524411902205,29.77302849901554
0,0,82.34767300584619,8.173910922019724,-1.446302216844387
1,120,293.627218936738,2.2493549108011623,16.06185002162431
1,240,410.82759775896386,1.7931621425503828,31.675589306363023
0,0,108.68237386822464,61.615473303301506,-17.47338919609399
0,0,63.41198910690729,7.193762327254324,-0.489531787289593
0,0,64.38838081912695,5.187189677077489,-1.0592738860616038
0,0,70.31160735454456,6.184030016177326,-1.469408937901008
0,0,134.5760510474204,8.690741329316104,-2.1903301805447057
1,240,599.9529997804992,4.727907704278439,26.17721478152953
0,0,105.97973285417052,15.180134336211157,-4.543041406427648
1,120,402.2056184775159,2.341639834491444,23.998757716864333
1,360,413.7333015867504,2.182396162503696,37.09113260337041
0,0,128.19119754271736,68.6059137418947,-20.596257527141915
0,0,111.03119382817195,4.77121139188742,2.9703099994966777
0,0,104.19510851971646,3.4423537035712775,1.3580547859227323
0,0,66.89249344280006,8.351457440016489,-2.151619949933959
0,0,74.49916999164445,6.61665898415516,-1.4285322870677106
0,0,151.53035064663126,10.917204879074273,-3.168997306202556
0,0,120.44399921421424,11.086520136253867,-2.4375979872141755
1,240,467.17288645379455,2.124130053391208,26.66550476388538
1,240,429.93783428481345,2.0846611081380386,31.777516735858143
0,0,138.12973530817496,83.19261397130234,-22.800632375201282
0,0,70.75450148735969,7.004135592472267,-0.21682175288457017
0,0,65.7488438572362,4.902504559301745,-0.923788078923991
0,0,62.28545130146564,7.194002830599107,-1.6960112092280326
0,0,67.89926579147385,10.001647902124656,-2.545538553814808
0,0,104.61283093490233,38.17971917700271,-11.236941721196303
0,0,191.95098258870334,13.556310801774877,-1.4396180178650582
1,240,626.5608146293595,4.477165595148174,23.884328457499564
1,240,498.8220731846994,2.5349959504079114,32.512355907443805
0,0,131.8608043364495,69.74101011353713,-19.172100428402985
0,0,68.7910961762198,6.834760322262923,-0.31863293544091675
0,0,87.42210650215146,3.4162514198238116,-0.2890216697648924
0,0,66.71876834815099,4.356106679822121,-1.4096949990350396
0,0,66.39241456349505,4.314014533452812,-1.3921892668464864
0,0,68.3521696638371,13.131981680933928,-3.9931828181372424
0,0,79.25571773890246,5.743354338729445,-0.6883193365397773
0,0,155.69229379179595,11.880978038782338,-3.5786568023833496
1,240,604.7258884559097,5.25285160246143,28.246294044714716
0,0,165.40499460223896,88.78958254247422,-22.343512424291333
0,0,70.90522005152978,10.071182698443458,-1.5441240158201879
0,0,61.196826943270565,5.506520813275775,-0.8163125000784248
0,0,62.26587392864613,4.626663015736927,-1.2067119920855731
0,0,59.52319395639948,5.596269622426922,-1.1623162293785754
0,0,74.1383375854306,25.37309926491817,-7.454345592864087
0,0,74.30272176797587,19.119611612031722,-4.86954735372484
0,0,94.29321456296704,27.452385597087364,-7.943338340804345
0,0,188.21708900790725,47.5035420181745,-11.68764695466679
0,0,178.91932194228903,79.73496822578971,-18.826704353555513
0,0,81.67700345203374,10.740707009807862,-1.6568359908622057
0,0,68.33000200167814,5.214179296336246,-0.6214139393253078
0,0,63.633767753022425,5.281140300762651,-1.1629714393970971
0,0,62.084582015029476,8.809927206397882,-1.9731703310169308
0,0,73.16161145948877,23.568703292353565,-6.780916508660113
0,0,74.0271988690887,22.315490448745948,-5.9085572085083555
0,0,76.84455512590311,21.245903036945474,-5.640840508518721
0,0,107.2791738900288,49.86100543858506,-12.8052555919148
0,0,177.38632409566043,11.445601105758096,0.22176209524316448
0,0,108.81892802745092,15.979101789260776,-3.6245003678732246
0,0,68.65680356064001,9.821594373652054,-1.712026867019631
0,0,60.91158904235312,5.494776308476449,-0.7125885269841064
0,0,59.27965007819781,5.478871501915566,-1.1315477782665937
0,0,63.47557872638096,10.549550619605883,-2.8132394019491613
0,0,63.639022016080816,5.2960889598796355,-0.8085450909878205
0,0,65.53179801549405,10.647947622201931,-3.126176161120725
0,0,79.24180272724297,8.744523833390229,-2.9365668360816812
0,0,253.91791332185252,4.7866302282750715,7.52972629616616
1,240,741.6528679701358,4.197095163502086,29.538442176575643
0,0,98.20082757038301,9.439846527934158,-1.1562344009001464
0,0,66.94936077965532,8.45916052325574,-1.3752859051588189
0,0,63.321482016814095,7.540539271982616,-1.227705132437265
0,0,67.85835962481536,14.161629293371885,-3.8951443771391894
0,0,67.4332290954792,11.859078246407567,-2.7795383576090984
0,0,98.23939284098634,56.7964396487682,-15.433546038009709
0,0,111.24101293269787,20.475832083332957,-6.141568913323084
1,360,464.4291522281187,2.979633841496598,35.953677443303135
1,360,595.7141301431786,3.1325844930377578,40.42118468301885
1,360,917.3837647886809,5.8343737996984375,35.782900122345
0,0,101.01753200384064,11.90988536763834,-2.1278210311964756
0,0,67.93250311463933,8.884487755538835,-1.3439573551600432
0,0,65.09667475069732,12.184714360535812,-2.817894563451759
0,0,61.43929389592629,7.10185259780642,-1.1045626366164356
0,0,69.97365678216752,14.03400007935277,-4.7998308941728
0,0,94.00432645125174,5.43788982220951,0.36678015136000397
1,360,385.54913980402256,2.1650936840657606,35.414386758537375
1,360,460.05783208470484,2.311607825359879,37.27411585289951
1,360,503.3821160279969,3.4263773777230617,29.09117679570241
0,0,462.81512423620126,93.31788239754917,-21.02403040996394
0,0,105.73203997860234,12.922140933319527,-2.294096425253116
0,0,85.22835815279154,30.762762074950334,-8.490190360541988
0,0,65.896257960389,7.674130532333123,-0.7139993421046427
0,0,78.0981134654748,15.940493105971642,-6.403140377413138
1,120,326.47646347969766,2.454791920341602,20.9750163208775
1,360,421.2752265701373,2.0705296189223747,38.11143198496357
1,360,407.45970015897296,1.9767989678086626,37.18230190707746
0,0,156.9854433152542,3.6007950961086954,7.423085581699041
0,0,125.81606659127375,55.00794667786133,-15.125977773828666
0,0,164.55136673422822,13.80400307580684,-2.0416344940013005
0,0,121.99709589234774,25.452099875808987,-6.830701902164677
0,0,74.39779728959556,11.527544611235554,-2.4156484515934977
0,0,86.6876149396686,29.26033181414871,-10.074932037289528
1,120,243.2478937174115,3.136074724504747,14.507448795895996
1,360,409.6311448134734,2.1328341988337702,38.529603927433456
1,360,395.82668239528635,2.039082791333829,36.48020210061114
0,0,103.2988230640278,16.57828812240447,-5.59222286835363
0,0,109.73958600865315,71.64167420543194,-17.968886488653652
0,0,81.64742767572449,8.595503809684743,-0.4093848069587409
0,0,153.75636708616528,12.227972474340248,-3.2441245323591943
0,0,112.80808697081194,11.15770280914894,-1.83195143621721
0,0,102.05376110021072,37.45458128731815,-11.993249588792253
0,0,200.86039896639411,3.7235262542035477,10.826256985834448
1,360,414.08707729662365,2.1982696088723417,37.92815283413579
1,360,398.8146860069001,2.1927921790368172,37.6510201321057
0,0,122.54865181274907,6.800252830157172,1.850984077925915
0,0,111.2900300491261,67.24381109122648,-18.213982591148806
0,0,73.52700096117074,10.035220905624312,-1.8121841726743781
0,0,116.96489488153121,4.147195908555939,1.2460402925133423
0,0,164.76589030298118,17.343536374799253,-5.7296901574021035
0,0,198.9595233532695,14.378418015663556,-1.2518739277981155
1,360,486.7418252458679,2.982529131762653,34.08599071758695
1,360,464.5708076136153,2.369366305461331,40.53778036260617
1,360,404.6010636455736,2.0888802948648753,37.97688143728789
0,0,102.73425334860805,5.385300810343553,2.0157429778267613
0,0,97.65597126048331,58.71242375860319,-15.75832413308062
0,0,65.48066672417825,8.453490420008917,-0.6385920665046001
0,0,64.87230014721354,6.667409702162485,-0.9846116476600315
0,0,103.55722851476357,51.53545379903393,-13.48149045450458
0,0,148.08183099945316,12.620137318590388,-1.6657605853887674
1,360,829.1599382298334,6.782024210790214,34.495454707552554
1,360,609.546252543809,3.375519944816973,39.96323515168223
1,360,499.62888313160727,2.6999950073163377,38.876780694024845
0,0,165.1884872232698,5.92294310464083,6.987603413255798
0,0,133.51224132101567,84.0591479737853,-21.978370221708076
0,0,72.37917403809445,7.204697784216505,0.05141277437778058
0,0,64.26167202660233,7.5841696470618105,-1.4485690321504165
0,0,67.3566370170455,10.188361523222047,-2.702223575422849
0,0,85.16306245653193,8.063883123522821,-1.9026348589417523
1,240,659.0787515301517,3.567220738931675,27.43616912841955
1,360,918.7890732737351,8.09195929447809,34.153646435951686
1,360,608.6754618834134,3.840388995317931,38.335651194045795
1,120,254.43896390915756,3.9208615047278546,18.08228522488561
0,0,116.58651992497678,64.40407032942983,-17.2956634785684
0,0,67.66233650333598,7.868967120058665,-0.4554714342296933
0,0,66.36455620003012,10.342533642970206,-2.431331220424056
0,0,74.30765295337046,19.03251962031789,-6.209050261279657
0,0,98.34748215762444,4.732706039303644,1.284977733049871
1,360,480.0166859407619,2.1878706593716006,31.906212664981183
1,360,760.3977660065661,4.485634651955403,34.75264577563165
1,360,681.3670746945043,6.209031534615972,33.101590504266994
0,0,152.05761339392765,8.638116670612929,3.458790204115985
0,0,123.61086315492247,71.17081829118128,-18.307809722592296
0,0,75.52766789620046,14.32148415068892,-3.199575535051082
0,0,68.61852169149613,13.55204401072745,-3.1969705468322616
0,0,89.55655026210475,57.886077729665914,-14.856327147494014
0,0,69.28257665524477,7.410568196125923,-0.5017271479570269
1,240,426.9329626183326,1.8334067449324147,25.791021315125178
1,360,471.7814929711852,2.0895005047099144,34.99937461922134
0,0,179.15154109817067,7.987745991480039,1.1230827350041892
0,0,185.39726715839555,95.43875911301187,-20.856550274905487
0,0,121.6832457800832,85.88690119801858,-19.163815192039678
0,0,67.87263172231378,9.93373120148014,-0.6125474682681329
0,0,63.1615245650656,9.792616653573187,-1.8261285213751393
0,0,72.16086989387229,20.637239157359293,-6.326005249586814
0,0,77.88338017964185,14.839140301176586,-5.2554026472163855
1,240,428.375362686401,2.1301374479142536,30.545003283586766
1,360,417.61653640062354,2.2950049725055988,38.4838977446894
0,0,124.11102138663611,24.886569571709867,-9.002163014696563
0,0,177.2831432923002,17.958602245859726,-5.162764404919415
0,0,189.6093610258263,89.68174616969216,-20.545975442171695
0,0,79.94855495487388,13.656167971019558,-2.8174982670695954
0,0,64.37088928104907,6.755861688400105,-0.7057246736448519
0,0,68.26775570512231,16.379413063880023,-4.968621449268312
0,0,67.89910141862737,9.31759321794836,-2.752616623380078
1,240,402.57961771553624,1.8270415283598123,27.7813591291483
1,360,390.8954970006798,1.9216478959207848,36.514368132706295
0,0,89.7931167963745,15.933224760985183,-5.4488058496207685
0,0,109.0685026887099,53.4436010193901,-14.11826476533335
0,0,160.86475585292848,13.60312276988235,-1.8704133210951284
0,0,138.7711181551668,42.171840063009526,-10.753682060918166
0,0,93.56204446558905,41.86774276062598,-10.843662475478695
0,0,66.29066210349049,8.133479286548736,-0.6516381434057621
0,0,74.9769054998856,5.028360907201428,-0.9874544137081642
1,240,387.43133359293955,1.6286812056525535,28.64936445304791
1,360,358.8737393751103,1.8609373839104888,37.277560989448546
0,0,77.26108725495925,11.979454457117,-3.601863918523449
0,0,106.67195792298949,77.62957757935702,-18.31051510589461
0,0,100.68756201656201,46.71253238311478,-11.625053262090361
0,0,147.22287518400458,10.908218266288682,-0.5584609380290431
0,0,119.149262642583,29.035121413757505,-7.7219196261561365
0,0,78.3164912940764,19.224619072415926,-5.226753060761098
0,0,71.81633873960659,7.773207983416853,-1.6465217170221678
1,240,386.19425221422085,1.8816619587214871,27.564009057357097
1,360,369.1568366349795,1.9528548970032276,37.18340096904403
0,0,86.35907329574565,5.748163051947764,0.29163707334807043
0,0,85.86549564592066,44.98082888493051,-12.599789127637038
0,0,67.23344807064737,11.685737152751118,-2.1472659736818116
0,0,75.64399285925046,7.078447516204259,-1.1736872935710778
0,0,156.94504160319357,16.43591194719542,-5.467273261030073
0,0,124.36854262481836,24.821515447461806,-7.032881748446272
0,0,86.60676617131381,14.311059932544074,-4.536415330917691
1,240,425.75913644536547,2.126892908888606,30.48095122032393
1,360,385.9790938261987,2.051149471345493,38.31096457141224
0,0,71.22210255941056,8.54817383437312,-1.4249603356763743
0,0,80.82073428242086,43.28979346452992,-11.915501522561499
0,0,61.79063802127741,7.542824730596747,-0.49646961595351513
0,0,71.6402104005813,5.810103267035683,-1.3372625882771842
0,0,122.33997765011938,24.482621417242665,-8.598965791521067
1,360,712.6727335123098,6.236938044675107,34.40485607063583
0,0,117.81504257961976,11.129406440009332,-2.5153566213484453
1,240,436.35962066771333,2.1595429300397537,25.97046431697352
1,360,387.8096405331437,2.0415573135529588,38.22431833041374
0,0,75.94669395809984,9.812620395188516,-2.3045586497425177
0,0,77.89764094108187,33.024944658053926,-9.812821610119713
0,0,62.65988697773357,7.094425872568518,-0.5488599976768995
0,0,66.80702523065607,6.773285772187795,-1.849251094287041
0,0,92.6076957188862,12.79555766067604,-4.8656953528901
1,360,403.3981718189242,2.8977889288537275,36.08539579283422
0,0,208.53214449033055,11.625675390616925,-1.4573139723170527
1,240,682.5003631227103,4.798444221845687,27.39274561283682
1,360,482.10800733464373,2.8923821158539607,39.76087036708894
0,0,84.94567653303842,6.303782632848313,1.2265742142209604
0,0,79.62595340554121,34.170657470026704,-9.879943649356449
0,0,61.6354133739019,8.382764387610882,-0.9082321249357221
0,0,66.40228260231346,9.721927621689735,-2.6886755231042656
0,0,86.94624711157194,22.938494283861658,-8.510813624270313
1,360,367.40421399332774,2.791344088723163,34.024633469722914
0,0,89.62751965558276,8.856519878772588,-1.5661369588620033
0,0,179.41707692962643,35.7673108948892,-10.611168597936668
1,360,623.5485518528159,5.982984561614581,33.85870681648258
0,0,98.86352220712624,16.113234971782177,-3.6512847193564113
0,0,82.03585771606056,33.16706273211248,-9.53631769834935
0,0,64.7444407447635,5.851535721303539,0.05386981194725138
0,0,62.90458713388984,7.157218001943402,-1.7998514292611247
0,0,95.38903165020321,38.44617341928256,-12.782059043678231
1,360,365.1732096881072,2.9527128085575547,39.42094318231547
0,0,76.82589030578306,6.505957956783177,0.17785245609829303
0,0,93.45280453902555,24.07373324285296,-8.24530561611732
0,0,158.9985118981499,12.590060412492958,-2.588037377839143
0,0,131.17198008514404,38.9751833130375,-10.659638287452424
0,0,77.76486168929561,8.30332608770611,-1.2554458791894376
0,0,130.10841975202362,3.0922491942724206,3.426600369979937
0,0,70.86876895581402,8.176380931980978,-2.4035164983472157
0,0,101.49455334040397,39.46394386653964,-13.19171325590726
1,360,365.7758118793865,2.9852807066153613,39.453682547434795
0,0,89.10809012462582,4.440538695518124,2.6934837666688054
0,0,94.64768177240141,45.707309622558924,-12.768294349337381
0,0,98.53600080845733,16.190806099377912,-4.47998801004789
0,0,385.5344936165976,121.38419858161544,-24.080548158732427
0,0,101.59849365967557,10.013720899297345,-1.5800971594180595
0,0,76.10360201014456,5.107820865944005,-0.4649402757877681
0,0,67.80187771394496,10.649869844057054,-3.024766558898307
0,0,93.69048200701639,36.85232481391571,-11.943384936011256
1,360,364.3907042503626,2.911836941298688,39.829931616622446
0,0,79.63325949516609,16.04720259002663,-4.678696300021642
0,0,95.55419802077658,61.368273767829585,-15.56301342409003
0,0,76.88610744788916,12.583227049165734,-2.1624150633843726
0,0,161.00073187317747,97.67962578990984,-22.4850483561968
0,0,202.93346930628672,14.249392709057647,0.08299495406114943
0,0,107.24118675840276,14.41789846717431,-3.049537724760043
0,0,87.29421875955548,27.76150955474463,-8.245421863056094
0,0,104.60753699563962,44.799118455365885,-12.968915429849105
1,360,375.2332359912062,3.2626728875992237,39.32229180291297
0,0,83.61739656466548,9.369403865330728,-1.118073701272678
0,0,109.86946322949454,70.04699173480964,-17.979649898393504
0,0,87.96943407277766,18.10881531054759,-4.590665663661426
0,0,162.48945107577998,99.12059548863574,-23.625552356430937
0,0,174.35773739505203,39.51804764337452,-9.597162402892451
1,360,812.3409458234272,7.908182250806316,35.20475125631914
0,0,118.44757196501806,15.471999809944782,-3.6561036833636535
0,0,108.53218243076914,36.71961750488309,-11.186078401532228
1,360,368.46735489228814,2.983358033534451,39.34603788213283
0,0,70.1487478718512,6.678464733958378,0.09904231556330956
0,0,76.68260252788001,30.451600381636318,-9.183915103465026
0,0,66.92379229998284,9.15520337415666,-1.377705955065963
0,0,129.8317292391235,90.9366375732296,-22.529401847289705
0,0,103.14438060468039,23.410626264639625,-6.4116898113645675
1,360,447.21298968036666,3.7507491571944866,38.103664575872955
0,0,279.08432567578166,46.05211832040176,-12.66526785787569
0,0,199.14811002045266,46.34853756478372,-12.419505977458499
1,360,422.6415390143698,3.7501808383150204,37.781491469020864
0,0,76.16616004830578,5.91029208723424,1.163504965985922
0,0,94.87003855749384,58.21820156816809,-15.238129649983875
0,0,72.68485652029734,7.829834112404354,-0.05361105085006557
0,0,144.55535327880676,100.48287141000641,-25.1839852373539
0,0,96.52374842176488,17.073156468167394,-4.0435547302874255
1,360,379.780106334668,3.018853935727913,37.83511301150487
0,0,128.08463859396034,33.362894723925436,-11.219832285389913
0,0,228.5703734271532,55.74566113269752,-13.769846270077835
1,240,621.4064449173989,4.605719822031842,30.738638979868682
0,0,93.40157689121352,5.378760292552473,2.5628222074901856
0,0,104.48132132165445,69.26767065255157,-16.783801787400833
0,0,79.12017815690106,31.464089682275475,-8.01238902243432
0,0,109.9173694122017,82.33534273178697,-19.508355266701656
0,0,77.87784818315318,8.593854128205324,0.5196026042297746
1,360,338.94039165040465,2.3563716796174936,37.39521345938833
0,0,101.00155949758548,34.03843387503838,-11.524309437789995
0,0,150.48430452370548,93.5594434155794,-21.167177947156915
0,0,248.26103881409392,78.28141474229956,-15.749510501541067
0,0,114.2905940134231,21.664239879327262,-5.176259617720376
0,0,101.63508645612106,57.93159738711773,-13.854648411911285
0,0,80.40891228562094,26.573574643375718,-6.655718555603727
0,0,121.23659374391562,91.40108969110283,-21.530808939536158
0,0,93.05877448585053,27.968261210617207,-7.741248321702699
1,360,367.92014068224574,3.071788360934267,39.94680206170142
0,0,107.7196704464969,49.71254493485618,-14.523945445837128
0,0,124.04197345505324,89.10488468361514,-20.38966029718702
0,0,131.38219595171321,72.79057447636823,-16.341804506434656
0,0,260.67946404647,77.76173258802564,-15.471051527618641
0,0,163.523401624416,68.21827108248776,-16.102214281675842
0,0,91.43947522678715,24.08339308451363,-6.320113643371826
0,0,129.03066667381344,90.36398512129921,-21.60313038730702
0,0,82.16670416989331,11.94600328457999,-1.6208364275055374
1,360,343.8881503623604,2.5187015103794463,37.490673331926374
0,0,89.7167911153127,14.44720467962654,-5.055109171713937
0,0,139.1323983356866,97.1991461320615,-24.164938152328418
0,0,131.95184422128648,56.88435287141544,-15.756078453581637
1,240,505.67771319385764,5.046601258438863,30.202180493247525
1,360,877.5050531173886,6.439827659031721,37.207654307633064
0,0,140.5188662917159,28.62727827829185,-7.719980415859368
0,0,183.39599941227178,109.84272372786549,-26.007800872665236
0,0,102.52848121692323,15.556895234524637,-3.014013717061985
1,360,360.2351999863568,2.999422348411246,38.0421699452631
0,0,117.84801917344254,48.03475028396657,-15.379380248494172
0,0,131.55503683380874,91.8574486232499,-22.723312309063274
0,0,147.61955787484015,64.73705330183158,-17.01021383646443
1,360,476.8646722365294,4.281436482814785,40.1022876262594
1,360,500.926000275498,3.395000038905805,40.716589290243036
0,0,227.2604465372949,13.016293706157528,-0.5297532281043686
0,0,244.4326705227722,107.21901543394051,-24.42514107291204
0,0,112.38304146191362,19.972762257654843,-5.101618515125864
1,360,371.5536648021594,3.1064273853571,37.96879699109154
0,0,103.38945485076316,31.53958156144201,-10.864682035589198
0,0,130.6055285840335,89.2837361465896,-22.267560901659763
0,0,162.84524460404464,78.564358579761,-19.87892408774482
1,360,491.703073867294,4.636483945003768,40.11668111085996
1,360,485.77975664340937,3.3189003586033916,40.92771486685824
0,0,169.13862745369232,8.702054462262497,1.2046775181179044
0,0,840.9178793568501,159.69954901075434,-32.62485139300273
0,0,182.6742099032019,33.78053487369119,-9.242529980364424
1,360,425.52248489065784,3.5438533346827765,36.539551446805504
0,0,93.88488407214767,12.876335198718374,-3.174608862974125
0,0,136.060009105504,94.8048699069964,-23.564221528325703
0,0,153.28267855076524,80.44386198712112,-20.548215837718914
1,360,468.1574457960758,4.473638363166603,38.141000979025506
1,360,447.4941692723846,3.049362890516958,40.912613332721534
0,0,111.91858047803358,12.94978573242186,-3.453971392647915
0,0,353.87431090906574,144.34887659547923,-34.640007928453464
0,0,222.64875661202532,21.570146668293223,-4.870429773669144
1,360,649.9131402331091,6.194835068886895,33.68683043355789
0,0,118.59664113269409,24.308006061962068,-6.787204411257264
0,0,112.9821294750956,69.05336367209163,-17.955016115277573
0,0,86.91020411395779,9.355786773512914,-0.9460387997951045
1,360,386.8926440987977,2.18900707151764,32.00611105699957
1,360,396.98559031542754,2.099707006412249,35.90092246890815
0,0,100.1802960762451,13.258751761053475,-5.103938169949529
0,0,281.2508958251793,136.7733082143804,-35.13005746674618
0,0,168.48603324496426,10.897640631376056,1.336279620710215
1,360,818.5832143858468,7.0014706529707755,32.95889210297382
0,0,177.35578475438902,68.27763795690908,-16.048719554034122
0,0,148.58817871904142,90.15704936530528,-20.762860526207817
0,0,137.19479389341595,46.391194645839086,-13.004286202946062
1,360,446.28229928749954,4.346477070289216,34.73226028973262
1,360,424.18238141339623,2.816790064562583,38.91093615821647
0,0,102.0888915451254,7.702882639518196,-0.6444466850572468
0,0,292.3825877431393,140.45811185078344,-36.633833150639724
0,0,129.31953211341198,10.036598949179606,0.046657217791690186
1,360,532.9015747992339,3.5044477866527637,37.75074943766769
1,360,820.3427520231094,5.3983430405079815,34.75790859158691
0,0,167.78087373353551,64.09208921008556,-16.107910381675623
0,0,112.3881880324174,28.502763424658664,-9.317857996688048
1,240,399.58308938802196,3.0707011323990754,28.90114475452239
1,360,408.68934508339544,2.444746957471224,38.606464289768155
0,0,101.93168308753367,9.057011228068175,-1.917276689275127
0,0,258.12749058432325,135.10601088021323,-35.76473933267708
0,0,105.51467105919642,8.99897185991395,-0.3873507281098796
1,360,408.45210405365214,2.556761728723768,37.78539102542146
1,360,456.23481441293774,2.4604771396523106,36.33923683549601
0,0,234.99481244771366,7.6062670763315445,2.967435529737969
0,0,226.55824573710294,40.73364991513515,-11.0302335282544
1,360,499.4168988399311,3.8289278603132093,36.68445853993532
1,360,437.92413275663387,2.6651842914813275,39.473560773964635
0,0,110.18134086760125,7.012518465154066,0.5347516939323498
0,0,290.89969527454326,141.03279301385484,-36.98281702873382
0,0,111.97272149284883,10.860805265432141,-1.6061153378957158
1,360,411.0397180833406,2.7375530113590743,38.04043680908505
1,360,413.92977815056486,2.4959698832652593,37.28372207720341
0,0,129.58119101290234,13.194921361141352,-4.40204443760193
0,0,428.11694589960683,123.32181265080422,-25.00494909979126
1,360,909.2243420333054,8.141253004417294,35.101428863558766
1,360,571.3570670132342,3.8053111538166693,38.55795761259006
0,0,134.71008860168666,6.2048843184022555,3.2527900607102254
0,0,278.0500690535694,137.45673118245406,-35.24689620811457
0,0,109.14810449064306,21.820226829193096,-7.4079419284874035
1,360,414.86958273436824,2.8419779392515028,38.039464561960784
1,360,407.90829066112326,2.4162432500822177,37.49950809927297
0,0,105.53777394617161,14.908709390655247,-5.083351893883531
0,0,251.62447000708372,126.19354351603766,-28.859280157248712
0,0,462.3758746461548,136.13645174758577,-25.776585711449698
1,360,686.7702935599876,5.910110243241843,31.09450256315732
0,0,126.00302086605042,13.136379327459755,-2.551049715502913
0,0,292.0312152776422,140.2689868790772,-35.59506107368551
0,0,105.66592808613949,12.603598088572157,-2.8446630630796648
1,360,403.34978952176516,2.6260343628599827,37.380989061244165
1,360,402.80697370237357,2.404185368973412,33.53905943857288
0,0,112.18035273810771,14.362785749478377,-5.066649322362849
0,0,278.033699785271,133.81762769381788,-30.74285572591419
0,0,481.9252700735838,165.35184147329076,-36.1629115177266
0,0,655.87073769753,154.42143463012326,-28.647531074325556
0,0,158.6636787418269,20.31830555107987,-5.438877304259378
0,0,331.10715263880945,146.40811225855117,-36.13968854973121
0,0,112.55732202342323,10.885055041708666,-1.0621536397720632
1,360,399.58798656524147,2.587481405955616,37.71160592301244
1,360,380.92280369132806,2.1938015711236503,37.549388603909264
0,0,83.0775111163647,6.622035790640052,-0.17109443433345461
0,0,153.2720906722398,105.60038550831936,-25.162231207948437
0,0,170.84134876636242,115.94944026637178,-26.29842350354452
0,0,153.722506279789,97.22868156721383,-20.936744810802196
0,0,171.2922404883635,21.70973607303813,-4.549688617744636
0,0,543.3152407795056,158.1211828646112,-35.7520314286887
0,0,125.46956863087941,13.867722474175215,-3.1997234857004315
1,360,413.75706196511146,2.785382268004664,37.27526775438369
1,360,388.23487875503446,2.1615371224079962,36.11289347780533
0,0,81.42617048829476,10.252458146348847,-2.5345056625350963
0,0,133.94131113063833,97.99349122814307,-23.11080034364938
0,0,165.0508788106143,116.74072424671037,-27.071407522902348
0,0,137.2079437211349,98.6698967327682,-22.78134595126882
0,0,95.31786387570358,9.753212910446324,-0.19597656318221368
1,240,700.2086919810191,3.9499308236416018,29.60341364744511
0,0,141.77816634485626,10.83438328821417,-0.4243014027837688
1,360,420.7431119898549,2.5802787143212513,36.3488007881858
1,360,408.39832579270495,1.915071956905379,32.82484881466732
0,0,77.09470792613939,7.196344241210899,-0.751890560192237
0,0,136.08664884269325,99.50233250493474,-23.477263534173225
0,0,172.5163874244724,120.58087228745772,-28.215092462097395
0,0,129.81184579272778,95.6751725472573,-22.28567957225276
0,0,89.00230769586773,10.02916726045804,-0.5141708543572889
1,360,469.2986694651467,2.543244583417904,34.45170358696055
1,240,743.4964284720992,3.8407066582723925,27.945372991850675
1,360,712.8203743366303,5.6586024039500415,33.925929250802795
1,240,458.94354289034106,2.5690235638885635,27.549837498730554
0,0,82.99729716727911,8.341081051805128,-0.263029911046047
0,0,125.43511834946743,91.65675783215619,-21.42756052210045
0,0,131.96277218156325,102.302921307594,-23.27097805737231
0,0,110.95241955850041,81.6937501991258,-19.48559200250959
0,0,118.25243305609217,4.945374167703067,5.064836774369198
1,240,472.2092704701527,1.8684680038859829,29.712051695678383
1,240,575.0361167435956,1.992990753970451,31.986687250321296
1,240,816.8497043386209,3.556569102989885,30.511270535536113
0,0,111.36538082916736,17.66968056916432,-3.9686335782495092
0,0,89.87684492355741,25.360062449463197,-6.667644434731287
0,0,160.3928584147522,111.02405449860727,-25.26801063827829
0,0,179.12765602316736,123.29310747110105,-28.70027548081702
0,0,126.25951052292024,95.38390449646644,-22.33395903950506
0,0,82.40044235759767,6.649405793237745,1.3616425891693495
1,240,432.6768073659703,1.8659622342810627,30.300451428123125
1,360,492.0466924688603,1.915379241666726,35.33669153182424
1,360,572.4462355022315,2.596496445965826,40.77186999358041
1,360,845.1319003542052,4.829868036919065,36.25509518763285
0,0,139.6167200938456,20.169480456914624,-4.447174669603896
0,0,169.29218570048621,106.65046372196771,-23.811954322750253
0,0,155.1401030521254,109.79801266702502,-24.61897227540917
0,0,121.52422355315092,88.94750434851724,-20.76460423028938
0,0,83.07618479753444,7.769233586679783,0.31366586824516673
1,240,435.11591903090164,1.9115122366671013,29.945581227765814
1,360,478.2253166515727,1.9280925282320027,36.33931081082068
1,360,534.1339403776672,2.392293538954438,41.81679259038596
1,360,661.3132246692361,3.0352359135591693,40.51701443218026
1,360,1020.2756346929823,6.186192741377233,35.608910158715375
0,0,308.7624665921996,129.88883002993794,-27.776439922596758
0,0,197.07934738274386,124.49632810725028,-28.15843793130182
0,0,114.53809417599884,78.19330659011209,-18.404965743646045
0,0,79.86470213104882,9.2508524117063,-0.9582394444143034
1,240,427.59997629331804,1.979895956001769,30.17040280734895
1,360,446.61517130572304,2.0120593301410037,38.94495423966228
1,360,467.33857428305333,2.137964410425746,41.27901311582423
1,360,478.5475327749205,2.0799469267222186,38.12554013616895
1,240,491.7286026707622,2.508622931187893,28.56905895416419
0,0,241.8306143547097,11.033416275764274,0.1254303706643327
0,0,106.2203293571938,9.178484819893022,-0.7230084798594021
0,0,91.44682666064554,38.05591726011391,-10.842748351823815
0,0,76.95139747611958,10.192308846411862,-2.362465477105758
1,240,423.8571725706365,1.9445970138645894,28.48083809554052
1,360,448.03004742404863,1.8792072904370114,36.96586067498937
1,360,447.964751727789,2.0395929020866967,41.33692522713925
1,360,435.1001392376389,1.9330544326052082,38.731197255069446
1,120,350.57776246050855,2.0988248599975154,22.33460881303266
0,0,96.37524605700777,10.872042592446219,-2.986653414836695
0,0,160.42568763981606,12.211586661089797,-3.056866565854392
0,0,108.79079193055571,9.574335276376177,-1.4819424714812186
0,0,84.93684574356165,6.997208374181224,-1.473963704320127
1,240,412.81331243299246,1.8887217245876338,29.639957457833304
1,360,435.65079960942836,1.9670782106666658,38.6368998519191
1,360,453.9841080382555,2.05226196852479,40.30298268209579
1,360,433.1252618354201,1.9079552237835493,38.12331030852526
1,240,398.57318261920653,1.8191749707854592,27.102698932699624
0,0,77.5567713336724,6.4624439979571795,-0.5880827716085975
0,0,94.2221034687593,26.541528587941258,-8.368765149043895
0,0,156.66897457350424,15.786706333046084,-3.9554501186025277
0,0,137.91046193096147,13.743892581287588,-3.487730560457365
1,240,477.90092400501624,2.3233550375139314,27.771351324510476
1,360,463.18848865495244,2.03184535531382,38.29969918625498
1,360,450.46516879643076,1.9844923674870287,40.07065789101016
1,360,435.89370866836083,1.9440413293071754,38.73551952761102
1,120,322.6421550937857,2.052806598050408,21.48025722048689
0,0,76.01586091829569,7.690268171400402,-1.483406126119391
0,0,70.75023346138022,8.349417899456594,-2.261568418204291
0,0,99.28988269879646,4.653005577216283,-0.26189386141714976
0,0,166.1182367232915,14.710631196871676,-4.860723154281757
1,240,788.3203822503874,5.303973679291939,28.47459246455746
1,360,669.8130012413649,3.5387150010266244,41.908669943629164
1,360,579.1243074929504,2.7804278088569534,43.15974063448981
1,360,498.08364234193004,2.305831909665866,41.03750481657569
1,240,376.9729581984234,2.068162262827797,25.89533709081688
0,0,77.65680071280346,11.34673031608508,-2.871695760295694
0,0,63.43416810512464,7.169110508801057,-1.3840097095184092
0,0,73.58996142940441,5.248824412307211,-1.2353562945890957
0,0,106.30273116554643,14.085317085723517,-4.695700056792788
1,360,667.3177987595772,5.342520544648173,34.02668364300669
1,360,926.5822959992546,7.770885073062353,35.48671349025999
1,360,708.2449597981715,4.104431435763124,41.54351717314238
1,360,575.120819771799,2.932368165859705,41.08070640618442
1,240,419.81292038355645,2.4381895187131093,30.11175094278721
0,0,84.36983877559055,9.29654624231213,-1.8429579077381248
0,0,67.00460706016248,8.237510294328603,-1.942782324431846
0,0,67.22244642599112,8.642776930547132,-2.476963427843444
0,0,94.57208726710502,5.621791404198656,-0.048422210219470685
1,360,464.0795481877287,2.6461283496328276,35.63064833626555
1,360,768.9829711146346,4.7292541620286,32.89203954527696
1,360,860.5332506440415,7.1939938060833555,34.13052386303977
1,360,595.6549559184434,3.219005060779659,37.726665185535055
1,240,443.2674972338793,2.25107701401949,28.440067123742466
0,0,87.8456216431687,5.575452771942362,0.6268034175837016
0,0,69.47524430344416,9.743032354226777,-2.797847250465523
0,0,70.37996945459554,6.055965820498978,-1.4852607931879618
0,0,86.82968975932516,9.675760004006937,-3.3269663280888295
1,360,383.70285864804833,2.342541383615044,36.9728671950262
1,360,443.46955113841597,2.291262731436242,34.58790272758607
0,0,204.19233858920867,7.84005076668691,1.4683361431540902
1,360,671.8533557167774,4.980981748278957,32.23613204511683
1,120,312.7601275793444,2.818566766101209,19.529232007575416
0,0,71.859699162904,7.9759401199736,-0.8671176962731124
0,0,61.83495634150779,6.5870247305553535,-1.3369244153643933
0,0,72.18062864362585,4.547222008477428,-1.4446906115568794
0,0,81.19981207459475,5.728681829794462,-1.4611554052482632
1,360,350.1941049007498,1.979660867366436,35.30331809249344
1,360,376.20725279919554,1.8185980786160287,31.903116269248457
0,0,92.83056829463484,5.531659504353848,-0.4450990369202543
0,0,174.31000125322055,7.542405541840078,-0.6198023340378
0,0,114.26367087477439,21.120770906434867,-5.054316578949596
0,0,91.70965884217807,44.138083505969156,-11.260751207837316
0,0,67.84546485840993,11.818748587964576,-1.9015992043963337
0,0,65.7616536032038,9.023487859405153,-2.111583447430874
0,0,84.04209632378327,16.651615922693733,-6.3509983414225815
1,360,377.2525053980348,2.4116847415631155,36.92031301079818
1,360,386.5501591030693,2.0464118261887183,35.298129251862846
0,0,81.01775497703755,9.019031553526938,-2.4466652484383076
0,0,83.1293792514751,11.224042024440049,-3.5664244540535748
0,0,165.16997543993784,10.772343352227194,-2.342460435733628
0,0,103.76912211797273,8.797890307288199,-1.036743115747072
0,0,73.8705572144159,4.886942684339428,-0.6276120147424962
0,0,63.01481896556146,5.353238510780739,-1.352490937256178
0,0,70.9435869411115,6.660542045675403,-1.8475021062537138
1,360,338.70940812488624,1.8749185021324395,35.267239269860326
1,360,368.47075570980167,1.7022176978685761,30.887001777451076
0,0,75.26931912575658,10.689749179164034,-3.7250434020066194
0,0,65.91039969321605,8.528010358828986,-2.1239531785064543
0,0,78.0623141931158,6.276471289603006,-1.2837308729731234
0,0,154.7009894947795,19.954581468221367,-6.767241641499226
0,0,100.03056941718312,10.19237653028,-1.661649670917683
0,0,72.7935976602922,5.978991664620219,-0.9972561442272649
0,0,75.84048642715257,6.90466467250176,-1.5387766566367276
1,360,344.0528632905987,1.9604278193963078,35.50508050658581
1,360,355.16823128449374,1.7198562267118171,33.30949287030718
0,0,71.36172312242819,4.389857466282088,-0.31556295946701596
0,0,61.169824452213206,5.0503847866677845,-1.345199083824184
0,0,62.9889160721668,5.420366919974338,-1.4424924876237526
0,0,75.12380381238218,6.199214666381219,-1.632122948469842
0,0,158.06730004659738,7.952161423419316,-1.383782499592627
0,0,119.63869696307067,14.790962923835872,-3.6354381480212226
0,0,96.25311136403882,12.477096036570437,-3.364170632447312
1,360,375.56461164972376,2.3687645958735835,37.018351451796235
1,360,362.3649732902582,1.965935932585388,36.787125722677175
0,0,73.39276502588284,5.046494769152993,-0.16609053201455026
0,0,61.161220383903995,6.115664345874161,-1.4055735166604393
0,0,61.6538911490587,7.7270322436698775,-1.8205962238799884
0,0,65.77431598041248,7.526946997583119,-1.710505088912086
0,0,83.3542186333524,6.578659906905057,-1.5646521684167993
0,0,275.0528832346692,98.12972531793149,-20.25315997131105
0,0,150.95072664568497,11.188757070302286,-0.5136952986986785
1,360,424.92267136973965,2.584224232607916,35.523183325323515
1,240,395.9914633398749,1.905653295428172,30.97527547559237
0,0,70.42573312226916,5.6034468198042875,-0.3275416781121976
0,0,61.731174727053485,7.9895229186315575,-1.7926388351055635
0,0,59.29381448314163,6.944337797423813,-1.230146318151455
0,0,63.28282605774373,9.599134645661984,-2.2550797254401544
0,0,70.57635532994304,6.501185341627864,-1.0552897864328088
0,0,155.63201996939796,94.03678254194612,-21.341300009580607
0,0,295.1920711074099,96.79572139950791,-18.175769052003716
1,360,630.020942400317,5.318086668250312,31.863370384092306
0,0,123.59134246239485,4.374022599718281,4.432654217621874
0,0,64.67322195800116,6.49005766248017,-0.8949641220605429
0,0,63.22233118220737,4.9791547350650145,-0.9852404379197566
0,0,61.39551403846889,9.071947704088895,-2.018031081479023
0,0,60.56689918327012,7.733567797977295,-1.3001111234363236
0,0,67.6746587987933,12.780719551877015,-3.1496686106559935
0,0,124.82030722331459,93.13707441955972,-21.20946541311075
0,0,128.0216101093764,79.958270843551,-17.346373563631374
0,0,163.9104600016883,12.867637370436837,-0.3111455757937165
